name,activities,automotive,confidence,cycling,device_id,device_label,label,running,stationary,timestamp,unknown,walking
plugin_ios_activity_recognition,"[""walking""]",0,1,0,f24f1756-81ba-473c-9127-8e7845c0a802,108BT,,0,0,1599955206460,0,1
plugin_ios_activity_recognition,"[""stationary""]",0,2,0,f24f1756-81ba-473c-9127-8e7845c0a802,108BT,,0,1,1599955214679,0,0
plugin_ios_activity_recognition,"[""stationary""]",0,2,0,f24f1756-81ba-473c-9127-8e7845c0a802,108BT,,0,1,1599955331366,0,0
plugin_ios_activity_recognition,,0,2,0,f24f1756-81ba-473c-9127-8e7845c0a802,108BT,,0,0,1599955455888,0,0
plugin_ios_activity_recognition,"[""stationary""]",0,2,0,f24f1756-81ba-473c-9127-8e7845c0a802,108BT,,0,1,1599955461246,0,0
plugin_ios_activity_recognition,,0,2,0,f24f1756-81ba-473c-9127-8e7845c0a802,108BT,,0,0,1599955464104,0,0
plugin_ios_activity_recognition,"[""stationary""]",0,2,0,f24f1756-81ba-473c-9127-8e7845c0a802,108BT,,0,1,1599955468869,0,0
plugin_ios_activity_recognition,,0,2,0,f24f1756-81ba-473c-9127-8e7845c0a802,108BT,,0,0,1599955470772,0,0
plugin_ios_activity_recognition,"[""walking""]",0,1,0,f24f1756-81ba-473c-9127-8e7845c0a802,108BT,,0,0,1599955478764,0,1
plugin_ios_activity_recognition,"[""walking""]",0,2,0,f24f1756-81ba-473c-9127-8e7845c0a802,108BT,,0,0,1599955486391,0,1
plugin_ios_activity_recognition,"[""walking""]",0,2,0,f24f1756-81ba-473c-9127-8e7845c0a802,108BT,,0,0,1599955511450,0,1
plugin_ios_activity_recognition,,0,2,0,f24f1756-81ba-473c-9127-8e7845c0a802,108BT,,0,0,1599955537286,0,0
plugin_ios_activity_recognition,,0,2,0,f24f1756-81ba-473c-9127-8e7845c0a802,108BT,,0,0,1599955691364,0,0
plugin_ios_activity_recognition,"[""stationary""]",0,2,0,f24f1756-81ba-473c-9127-8e7845c0a802,108BT,,0,1,1599955704458,0,0
plugin_ios_activity_recognition,,0,2,0,f24f1756-81ba-473c-9127-8e7845c0a802,108BT,,0,0,1599955705731,0,0
plugin_ios_activity_recognition,"[""walking""]",0,1,0,f24f1756-81ba-473c-9127-8e7845c0a802,108BT,,0,0,1599955814534,0,1
plugin_ios_activity_recognition,"[""walking""]",0,2,0,f24f1756-81ba-473c-9127-8e7845c0a802,108BT,,0,0,1599955817079,0,1
plugin_ios_activity_recognition,"[""stationary""]",0,2,0,f24f1756-81ba-473c-9127-8e7845c0a802,108BT,,0,1,1599955824344,0,0
plugin_ios_activity_recognition,"[""stationary""]",0,2,0,f24f1756-81ba-473c-9127-8e7845c0a802,108BT,,0,1,1599955871360,0,0
plugin_ios_activity_recognition,,0,2,0,f24f1756-81ba-473c-9127-8e7845c0a802,108BT,,0,0,1599955889866,0,0
plugin_ios_activity_recognition,"[""stationary""]",0,2,0,f24f1756-81ba-473c-9127-8e7845c0a802,108BT,,0,1,1599955895268,0,0
plugin_ios_activity_recognition,,0,2,0,f24f1756-81ba-473c-9127-8e7845c0a802,108BT,,0,0,1599955911523,0,0
plugin_ios_activity_recognition,"[""stationary""]",0,2,0,f24f1756-81ba-473c-9127-8e7845c0a802,108BT,,0,1,1599955915970,0,0
plugin_ios_activity_recognition,,0,2,0,f24f1756-81ba-473c-9127-8e7845c0a802,108BT,,0,0,1599956049353,0,0
plugin_ios_activity_recognition,,0,2,0,f24f1756-81ba-473c-9127-8e7845c0a802,108BT,,0,0,1599956051358,0,0
plugin_ios_activity_recognition,"[""stationary""]",0,2,0,f24f1756-81ba-473c-9127-8e7845c0a802,108BT,,0,1,1599956053785,0,0
plugin_ios_activity_recognition,"[""stationary""]",0,2,0,f24f1756-81ba-473c-9127-8e7845c0a802,108BT,,0,1,1599956231424,0,0
plugin_ios_activity_recognition,,0,2,0,f24f1756-81ba-473c-9127-8e7845c0a802,108BT,,0,0,1599956277292,0,0
plugin_ios_activity_recognition,"[""stationary""]",0,2,0,f24f1756-81ba-473c-9127-8e7845c0a802,108BT,,0,1,1599956280786,0,0
plugin_ios_activity_recognition,"[""stationary""]",0,2,0,f24f1756-81ba-473c-9127-8e7845c0a802,108BT,,0,1,1599956411361,0,0
plugin_ios_activity_recognition,,0,2,0,f24f1756-81ba-473c-9127-8e7845c0a802,108BT,,0,0,1599956444552,0,0
plugin_ios_activity_recognition,"[""walking""]",0,1,0,f24f1756-81ba-473c-9127-8e7845c0a802,108BT,,0,0,1599956447100,0,1
plugin_ios_activity_recognition,"[""stationary""]",0,2,0,f24f1756-81ba-473c-9127-8e7845c0a802,108BT,,0,1,1599956455000,0,0
plugin_ios_activity_recognition,"[""walking""]",0,2,0,f24f1756-81ba-473c-9127-8e7845c0a802,108BT,,0,0,1599956470922,0,1
plugin_ios_activity_recognition,,0,2,0,f24f1756-81ba-473c-9127-8e7845c0a802,108BT,,0,0,1599956472554,0,0
plugin_ios_activity_recognition,"[""stationary""]",0,2,0,f24f1756-81ba-473c-9127-8e7845c0a802,108BT,,0,1,1599956476005,0,0
plugin_ios_activity_recognition,,0,2,0,f24f1756-81ba-473c-9127-8e7845c0a802,108BT,,0,0,1599956494480,0,0
plugin_ios_activity_recognition,"[""stationary""]",0,2,0,f24f1756-81ba-473c-9127-8e7845c0a802,108BT,,0,1,1599956499881,0,0
plugin_ios_activity_recognition,"[""stationary""]",0,2,0,f24f1756-81ba-473c-9127-8e7845c0a802,108BT,,0,1,1599956591357,0,0
plugin_ios_activity_recognition,,0,2,0,f24f1756-81ba-473c-9127-8e7845c0a802,108BT,,0,0,1599956743718,0,0
plugin_ios_activity_recognition,"[""stationary""]",0,2,0,f24f1756-81ba-473c-9127-8e7845c0a802,108BT,,0,1,1599956753572,0,0
plugin_ios_activity_recognition,,0,2,0,f24f1756-81ba-473c-9127-8e7845c0a802,108BT,,0,0,1599956769163,0,0
plugin_ios_activity_recognition,,0,2,0,f24f1756-81ba-473c-9127-8e7845c0a802,108BT,,0,0,1599956771355,0,0
plugin_ios_activity_recognition,"[""stationary""]",0,2,0,f24f1756-81ba-473c-9127-8e7845c0a802,108BT,,0,1,1599956773282,0,0
plugin_ios_activity_recognition,,0,2,0,f24f1756-81ba-473c-9127-8e7845c0a802,108BT,,0,0,1599956863281,0,0
plugin_ios_activity_recognition,"[""stationary""]",0,2,0,f24f1756-81ba-473c-9127-8e7845c0a802,108BT,,0,1,1599956867405,0,0
plugin_ios_activity_recognition,,0,2,0,f24f1756-81ba-473c-9127-8e7845c0a802,108BT,,0,0,1599956930207,0,0
plugin_ios_activity_recognition,"[""stationary""]",0,2,0,f24f1756-81ba-473c-9127-8e7845c0a802,108BT,,0,1,1599956935284,0,0
plugin_ios_activity_recognition,,0,2,0,f24f1756-81ba-473c-9127-8e7845c0a802,108BT,,0,0,1599956941640,0,0
plugin_ios_activity_recognition,,0,2,0,f24f1756-81ba-473c-9127-8e7845c0a802,108BT,,0,0,1599956951353,0,0
plugin_ios_activity_recognition,"[""walking""]",0,1,0,f24f1756-81ba-473c-9127-8e7845c0a802,108BT,,0,0,1599956959821,0,1
plugin_ios_activity_recognition,"[""walking""]",0,2,0,f24f1756-81ba-473c-9127-8e7845c0a802,108BT,,0,0,1599956964912,0,1
plugin_ios_activity_recognition,"[""stationary""]",0,2,0,f24f1756-81ba-473c-9127-8e7845c0a802,108BT,,0,1,1599956975980,0,0
plugin_ios_activity_recognition,"[""walking""]",0,2,0,f24f1756-81ba-473c-9127-8e7845c0a802,108BT,,0,0,1599957011905,0,1
plugin_ios_activity_recognition,"[""stationary""]",0,2,0,f24f1756-81ba-473c-9127-8e7845c0a802,108BT,,0,1,1599957017604,0,0
plugin_ios_activity_recognition,,0,2,0,f24f1756-81ba-473c-9127-8e7845c0a802,108BT,,0,0,1599957041359,0,0
plugin_ios_activity_recognition,"[""walking""]",0,1,0,f24f1756-81ba-473c-9127-8e7845c0a802,108BT,,0,0,1599957046176,0,1
plugin_ios_activity_recognition,"[""walking""]",0,2,0,f24f1756-81ba-473c-9127-8e7845c0a802,108BT,,0,0,1599957058893,0,1
plugin_ios_activity_recognition,"[""stationary""]",0,2,0,f24f1756-81ba-473c-9127-8e7845c0a802,108BT,,0,1,1599957088093,0,0
plugin_ios_activity_recognition,"[""walking""]",0,2,0,f24f1756-81ba-473c-9127-8e7845c0a802,108BT,,0,0,1599957101796,0,1
plugin_ios_activity_recognition,,0,2,0,f24f1756-81ba-473c-9127-8e7845c0a802,108BT,,0,0,1599957102157,0,0
plugin_ios_activity_recognition,"[""stationary""]",0,2,0,f24f1756-81ba-473c-9127-8e7845c0a802,108BT,,0,1,1599957105597,0,0
plugin_ios_activity_recognition,"[""stationary""]",0,2,0,f24f1756-81ba-473c-9127-8e7845c0a802,108BT,,0,1,1599957131378,0,0
plugin_ios_activity_recognition,"[""stationary""]",0,2,0,f24f1756-81ba-473c-9127-8e7845c0a802,108BT,,0,1,1599957311351,0,0
plugin_ios_activity_recognition,,0,2,0,f24f1756-81ba-473c-9127-8e7845c0a802,108BT,,0,0,1599957396049,0,0
plugin_ios_activity_recognition,"[""stationary""]",0,2,0,f24f1756-81ba-473c-9127-8e7845c0a802,108BT,,0,1,1599957401445,0,0
plugin_ios_activity_recognition,,0,2,0,f24f1756-81ba-473c-9127-8e7845c0a802,108BT,,0,0,1599957435235,0,0
plugin_ios_activity_recognition,"[""stationary""]",0,2,0,f24f1756-81ba-473c-9127-8e7845c0a802,108BT,,0,1,1599957439364,0,0
plugin_ios_activity_recognition,"[""stationary""]",0,2,0,f24f1756-81ba-473c-9127-8e7845c0a802,108BT,,0,1,1599957491349,0,0
plugin_ios_activity_recognition,,0,2,0,f24f1756-81ba-473c-9127-8e7845c0a802,108BT,,0,0,1599957645095,0,0
plugin_ios_activity_recognition,"[""stationary""]",0,2,0,f24f1756-81ba-473c-9127-8e7845c0a802,108BT,,0,1,1599957651158,0,0
plugin_ios_activity_recognition,"[""stationary""]",0,2,0,f24f1756-81ba-473c-9127-8e7845c0a802,108BT,,0,1,1599957671349,0,0
plugin_ios_activity_recognition,,0,2,0,f24f1756-81ba-473c-9127-8e7845c0a802,108BT,,0,0,1599957694867,0,0
plugin_ios_activity_recognition,"[""stationary""]",0,2,0,f24f1756-81ba-473c-9127-8e7845c0a802,108BT,,0,1,1599957698995,0,0
plugin_ios_activity_recognition,,0,2,0,f24f1756-81ba-473c-9127-8e7845c0a802,108BT,,0,0,1599957779770,0,0
plugin_ios_activity_recognition,"[""stationary""]",0,2,0,f24f1756-81ba-473c-9127-8e7845c0a802,108BT,,0,1,1599957786470,0,0
plugin_ios_activity_recognition,,0,2,0,f24f1756-81ba-473c-9127-8e7845c0a802,108BT,,0,0,1599957787700,0,0
plugin_ios_activity_recognition,"[""stationary""]",0,2,0,f24f1756-81ba-473c-9127-8e7845c0a802,108BT,,0,1,1599957794369,0,0
plugin_ios_activity_recognition,,0,2,0,f24f1756-81ba-473c-9127-8e7845c0a802,108BT,,0,0,1599957798503,0,0
plugin_ios_activity_recognition,"[""stationary""]",0,2,0,f24f1756-81ba-473c-9127-8e7845c0a802,108BT,,0,1,1599957805176,0,0
plugin_ios_activity_recognition,,0,2,0,f24f1756-81ba-473c-9127-8e7845c0a802,108BT,,0,0,1599957815064,0,0
plugin_ios_activity_recognition,"[""stationary""]",0,2,0,f24f1756-81ba-473c-9127-8e7845c0a802,108BT,,0,1,1599957820498,0,0
plugin_ios_activity_recognition,,0,2,0,f24f1756-81ba-473c-9127-8e7845c0a802,108BT,,0,0,1599957825608,0,0
plugin_ios_activity_recognition,"[""stationary""]",0,2,0,f24f1756-81ba-473c-9127-8e7845c0a802,108BT,,0,1,1599957832597,0,0
plugin_ios_activity_recognition,"[""stationary""]",0,2,0,f24f1756-81ba-473c-9127-8e7845c0a802,108BT,,0,1,1599957851406,0,0
plugin_ios_activity_recognition,,0,2,0,f24f1756-81ba-473c-9127-8e7845c0a802,108BT,,0,0,1599957870294,0,0
plugin_ios_activity_recognition,"[""stationary""]",0,2,0,f24f1756-81ba-473c-9127-8e7845c0a802,108BT,,0,1,1599957875088,0,0
plugin_ios_activity_recognition,,0,2,0,f24f1756-81ba-473c-9127-8e7845c0a802,108BT,,0,0,1599957877956,0,0
plugin_ios_activity_recognition,"[""stationary""]",0,2,0,f24f1756-81ba-473c-9127-8e7845c0a802,108BT,,0,1,1599957882721,0,0
plugin_ios_activity_recognition,,0,2,0,f24f1756-81ba-473c-9127-8e7845c0a802,108BT,,0,0,1599957935963,0,0
plugin_ios_activity_recognition,"[""stationary""]",0,2,0,f24f1756-81ba-473c-9127-8e7845c0a802,108BT,,0,1,1599957948648,0,0
plugin_ios_activity_recognition,"[""stationary""]",0,2,0,f24f1756-81ba-473c-9127-8e7845c0a802,108BT,,0,1,1599958031347,0,0
plugin_ios_activity_recognition,,0,2,0,f24f1756-81ba-473c-9127-8e7845c0a802,108BT,,0,0,1599958040846,0,0
plugin_ios_activity_recognition,"[""walking""]",0,1,0,f24f1756-81ba-473c-9127-8e7845c0a802,108BT,,0,0,1599958046620,0,1
plugin_ios_activity_recognition,"[""walking""]",0,2,0,f24f1756-81ba-473c-9127-8e7845c0a802,108BT,,0,0,1599958056787,0,1
plugin_ios_activity_recognition,,0,2,0,f24f1756-81ba-473c-9127-8e7845c0a802,108BT,,0,0,1599958074587,0,0
plugin_ios_activity_recognition,"[""stationary""]",0,2,0,f24f1756-81ba-473c-9127-8e7845c0a802,108BT,,0,1,1599958149892,0,0
plugin_ios_activity_recognition,,0,2,0,f24f1756-81ba-473c-9127-8e7845c0a802,108BT,,0,0,1599958205735,0,0
plugin_ios_activity_recognition,"[""stationary""]",0,2,0,f24f1756-81ba-473c-9127-8e7845c0a802,108BT,,0,1,1599958209863,0,0
plugin_ios_activity_recognition,"[""stationary""]",0,2,0,f24f1756-81ba-473c-9127-8e7845c0a802,108BT,,0,1,1599958211348,0,0
plugin_ios_activity_recognition,"[""stationary""]",0,2,0,f24f1756-81ba-473c-9127-8e7845c0a802,108BT,,0,1,1599958391345,0,0
plugin_ios_activity_recognition,,0,2,0,f24f1756-81ba-473c-9127-8e7845c0a802,108BT,,0,0,1599958417137,0,0
plugin_ios_activity_recognition,"[""stationary""]",0,2,0,f24f1756-81ba-473c-9127-8e7845c0a802,108BT,,0,1,1599958422522,0,0
plugin_ios_activity_recognition,,0,2,0,f24f1756-81ba-473c-9127-8e7845c0a802,108BT,,0,0,1599958562408,0,0
plugin_ios_activity_recognition,"[""stationary""]",0,2,0,f24f1756-81ba-473c-9127-8e7845c0a802,108BT,,0,1,1599958569739,0,0
plugin_ios_activity_recognition,"[""stationary""]",0,2,0,f24f1756-81ba-473c-9127-8e7845c0a802,108BT,,0,1,1599958571369,0,0
plugin_ios_activity_recognition,,0,2,0,f24f1756-81ba-473c-9127-8e7845c0a802,108BT,,0,0,1599958589429,0,0
plugin_ios_activity_recognition,"[""walking""]",0,1,0,f24f1756-81ba-473c-9127-8e7845c0a802,108BT,,0,0,1599958595201,0,1
plugin_ios_activity_recognition,"[""walking""]",0,2,0,f24f1756-81ba-473c-9127-8e7845c0a802,108BT,,0,0,1599958600288,0,1
plugin_ios_activity_recognition,,0,2,0,f24f1756-81ba-473c-9127-8e7845c0a802,108BT,,0,0,1599958653730,0,0
plugin_ios_activity_recognition,,0,2,0,f24f1756-81ba-473c-9127-8e7845c0a802,108BT,,0,0,1599958751429,0,0
plugin_ios_activity_recognition,"[""stationary""]",0,2,0,f24f1756-81ba-473c-9127-8e7845c0a802,108BT,,0,1,1599958827946,0,0
plugin_ios_activity_recognition,"[""stationary""]",0,2,0,f24f1756-81ba-473c-9127-8e7845c0a802,108BT,,0,1,1599958931348,0,0
plugin_ios_activity_recognition,"[""stationary""]",0,2,0,f24f1756-81ba-473c-9127-8e7845c0a802,108BT,supplement,0,1,1599959111348,0,0
plugin_ios_activity_recognition,"[""stationary""]",0,2,0,f24f1756-81ba-473c-9127-8e7845c0a802,108BT,,0,1,1599959111373,0,0
plugin_ios_activity_recognition,,0,2,0,f24f1756-81ba-473c-9127-8e7845c0a802,108BT,,0,0,1599959254867,0,0
plugin_ios_activity_recognition,"[""stationary""]",0,2,0,f24f1756-81ba-473c-9127-8e7845c0a802,108BT,,0,1,1599959259621,0,0
plugin_ios_activity_recognition,,0,2,0,f24f1756-81ba-473c-9127-8e7845c0a802,108BT,,0,0,1599959261201,0,0
plugin_ios_activity_recognition,"[""stationary""]",0,2,0,f24f1756-81ba-473c-9127-8e7845c0a802,108BT,,0,1,1599959270100,0,0
plugin_ios_activity_recognition,"[""stationary""]",0,2,0,f24f1756-81ba-473c-9127-8e7845c0a802,108BT,,0,1,1599959291344,0,0
plugin_ios_activity_recognition,"[""stationary""]",0,2,0,f24f1756-81ba-473c-9127-8e7845c0a802,108BT,supplement,0,1,1599959291348,0,0
plugin_ios_activity_recognition,"[""stationary""]",0,2,0,f24f1756-81ba-473c-9127-8e7845c0a802,108BT,supplement,0,1,1599959471344,0,0
plugin_ios_activity_recognition,"[""stationary""]",0,2,0,f24f1756-81ba-473c-9127-8e7845c0a802,108BT,,0,1,1599959651344,0,0
plugin_ios_activity_recognition,"[""stationary""]",0,2,0,f24f1756-81ba-473c-9127-8e7845c0a802,108BT,supplement,0,1,1599959831344,0,0
plugin_ios_activity_recognition,"[""stationary""]",0,2,0,f24f1756-81ba-473c-9127-8e7845c0a802,108BT,,0,1,1599959831370,0,0
plugin_ios_activity_recognition,"[""stationary""]",0,2,0,f24f1756-81ba-473c-9127-8e7845c0a802,108BT,,0,1,1599960011341,0,0
plugin_ios_activity_recognition,"[""stationary""]",0,2,0,f24f1756-81ba-473c-9127-8e7845c0a802,108BT,supplement,0,1,1599960011344,0,0
plugin_ios_activity_recognition,"[""stationary""]",0,2,0,f24f1756-81ba-473c-9127-8e7845c0a802,108BT,,0,1,1599960191338,0,0
plugin_ios_activity_recognition,,0,2,0,f24f1756-81ba-473c-9127-8e7845c0a802,108BT,,0,0,1599960261541,0,0
plugin_ios_activity_recognition,"[""stationary""]",0,2,0,f24f1756-81ba-473c-9127-8e7845c0a802,108BT,,0,1,1599960266941,0,0
plugin_ios_activity_recognition,"[""stationary""]",0,2,0,f24f1756-81ba-473c-9127-8e7845c0a802,108BT,,0,1,1599960371343,0,0
plugin_ios_activity_recognition,"[""stationary""]",0,2,0,f24f1756-81ba-473c-9127-8e7845c0a802,108BT,supplement,0,1,1599960551343,0,0
plugin_ios_activity_recognition,"[""stationary""]",0,2,0,f24f1756-81ba-473c-9127-8e7845c0a802,108BT,,0,1,1599960551366,0,0
plugin_ios_activity_recognition,,0,2,0,f24f1756-81ba-473c-9127-8e7845c0a802,108BT,,0,0,1599960619699,0,0
plugin_ios_activity_recognition,"[""walking""]",0,1,0,f24f1756-81ba-473c-9127-8e7845c0a802,108BT,,0,0,1599960623245,0,1
plugin_ios_activity_recognition,"[""walking""]",0,2,0,f24f1756-81ba-473c-9127-8e7845c0a802,108BT,,0,0,1599960633417,0,1
plugin_ios_activity_recognition,"[""stationary""]",0,2,0,f24f1756-81ba-473c-9127-8e7845c0a802,108BT,,0,1,1599960680100,0,0
plugin_ios_activity_recognition,"[""stationary""]",0,2,0,f24f1756-81ba-473c-9127-8e7845c0a802,108BT,,0,1,1599960731341,0,0
plugin_ios_activity_recognition,"[""stationary""]",0,2,0,f24f1756-81ba-473c-9127-8e7845c0a802,108BT,supplement,0,1,1599960731343,0,0
plugin_ios_activity_recognition,,0,2,0,f24f1756-81ba-473c-9127-8e7845c0a802,108BT,,0,0,1599960868903,0,0
plugin_ios_activity_recognition,"[""stationary""]",0,2,0,f24f1756-81ba-473c-9127-8e7845c0a802,108BT,,0,1,1599960874935,0,0
plugin_ios_activity_recognition,,0,2,0,f24f1756-81ba-473c-9127-8e7845c0a802,108BT,,0,0,1599960892167,0,0
plugin_ios_activity_recognition,"[""stationary""]",0,2,0,f24f1756-81ba-473c-9127-8e7845c0a802,108BT,,0,1,1599960902004,0,0
plugin_ios_activity_recognition,"[""stationary""]",0,2,0,f24f1756-81ba-473c-9127-8e7845c0a802,108BT,,0,1,1599960911338,0,0
plugin_ios_activity_recognition,,0,2,0,f24f1756-81ba-473c-9127-8e7845c0a802,108BT,,0,0,1599960920422,0,0
plugin_ios_activity_recognition,"[""walking""]",0,1,0,f24f1756-81ba-473c-9127-8e7845c0a802,108BT,,0,0,1599960926833,0,1
plugin_ios_activity_recognition,"[""stationary""]",0,2,0,f24f1756-81ba-473c-9127-8e7845c0a802,108BT,,0,1,1599960937579,0,0
plugin_ios_activity_recognition,"[""walking""]",0,2,0,f24f1756-81ba-473c-9127-8e7845c0a802,108BT,,0,0,1599960973968,0,1
plugin_ios_activity_recognition,,0,2,0,f24f1756-81ba-473c-9127-8e7845c0a802,108BT,,0,0,1599960982887,0,0
plugin_ios_activity_recognition,"[""stationary""]",0,2,0,f24f1756-81ba-473c-9127-8e7845c0a802,108BT,,0,1,1599960988243,0,0
plugin_ios_activity_recognition,,0,2,0,f24f1756-81ba-473c-9127-8e7845c0a802,108BT,,0,0,1599961002592,0,0
plugin_ios_activity_recognition,"[""stationary""]",0,2,0,f24f1756-81ba-473c-9127-8e7845c0a802,108BT,,0,1,1599961010222,0,0
plugin_ios_activity_recognition,,0,2,0,f24f1756-81ba-473c-9127-8e7845c0a802,108BT,,0,0,1599961016870,0,0
plugin_ios_activity_recognition,"[""stationary""]",0,2,0,f24f1756-81ba-473c-9127-8e7845c0a802,108BT,,0,1,1599961022257,0,0
plugin_ios_activity_recognition,"[""stationary""]",0,2,0,f24f1756-81ba-473c-9127-8e7845c0a802,108BT,,0,1,1599961091335,0,0
plugin_ios_activity_recognition,,0,2,0,f24f1756-81ba-473c-9127-8e7845c0a802,108BT,,0,0,1599961149035,0,0
plugin_ios_activity_recognition,"[""stationary""]",0,2,0,f24f1756-81ba-473c-9127-8e7845c0a802,108BT,,0,1,1599961182421,0,0
plugin_ios_activity_recognition,,0,2,0,f24f1756-81ba-473c-9127-8e7845c0a802,108BT,,0,0,1599961186868,0,0
plugin_ios_activity_recognition,"[""walking""]",0,1,0,f24f1756-81ba-473c-9127-8e7845c0a802,108BT,,0,0,1599961191697,0,1
plugin_ios_activity_recognition,"[""stationary""]",0,2,0,f24f1756-81ba-473c-9127-8e7845c0a802,108BT,,0,1,1599961203408,0,0
plugin_ios_activity_recognition,"[""stationary""]",0,2,0,f24f1756-81ba-473c-9127-8e7845c0a802,108BT,,0,1,1599961271336,0,0
plugin_ios_activity_recognition,"[""stationary""]",0,2,0,f24f1756-81ba-473c-9127-8e7845c0a802,108BT,,0,1,1599961451334,0,0
plugin_ios_activity_recognition,"[""stationary""]",0,2,0,f24f1756-81ba-473c-9127-8e7845c0a802,108BT,supplement,0,1,1599961631334,0,0
plugin_ios_activity_recognition,"[""stationary""]",0,2,0,f24f1756-81ba-473c-9127-8e7845c0a802,108BT,,0,1,1599961631361,0,0
plugin_ios_activity_recognition,"[""stationary""]",0,2,0,f24f1756-81ba-473c-9127-8e7845c0a802,108BT,supplement,0,1,1599961811334,0,0
plugin_ios_activity_recognition,"[""stationary""]",0,2,0,f24f1756-81ba-473c-9127-8e7845c0a802,108BT,supplement,0,1,1599961811361,0,0
plugin_ios_activity_recognition,"[""stationary""]",0,2,0,f24f1756-81ba-473c-9127-8e7845c0a802,108BT,,0,1,1599961811367,0,0
plugin_ios_activity_recognition,"[""stationary""]",0,2,0,f24f1756-81ba-473c-9127-8e7845c0a802,108BT,supplement,0,1,1599961991361,0,0
plugin_ios_activity_recognition,"[""stationary""]",0,2,0,f24f1756-81ba-473c-9127-8e7845c0a802,108BT,supplement,0,1,1599961991367,0,0
plugin_ios_activity_recognition,"[""stationary""]",0,2,0,f24f1756-81ba-473c-9127-8e7845c0a802,108BT,,0,1,1599961991394,0,0
plugin_ios_activity_recognition,"[""stationary""]",0,2,0,f24f1756-81ba-473c-9127-8e7845c0a802,108BT,supplement,0,1,1599962171367,0,0
plugin_ios_activity_recognition,"[""stationary""]",0,2,0,f24f1756-81ba-473c-9127-8e7845c0a802,108BT,,0,1,1599962171369,0,0
plugin_ios_activity_recognition,"[""stationary""]",0,2,0,f24f1756-81ba-473c-9127-8e7845c0a802,108BT,,0,1,1599962351364,0,0
plugin_ios_activity_recognition,"[""stationary""]",0,2,0,f24f1756-81ba-473c-9127-8e7845c0a802,108BT,supplement,0,1,1599962531364,0,0
plugin_ios_activity_recognition,"[""stationary""]",0,2,0,f24f1756-81ba-473c-9127-8e7845c0a802,108BT,,0,1,1599962531371,0,0
plugin_ios_activity_recognition,"[""stationary""]",0,2,0,f24f1756-81ba-473c-9127-8e7845c0a802,108BT,supplement,0,1,1599962711364,0,0
plugin_ios_activity_recognition,"[""stationary""]",0,2,0,f24f1756-81ba-473c-9127-8e7845c0a802,108BT,supplement,0,1,1599962711371,0,0
plugin_ios_activity_recognition,"[""stationary""]",0,2,0,f24f1756-81ba-473c-9127-8e7845c0a802,108BT,,0,1,1599962711393,0,0
plugin_ios_activity_recognition,"[""stationary""]",0,2,0,f24f1756-81ba-473c-9127-8e7845c0a802,108BT,,0,1,1599962891368,0,0
plugin_ios_activity_recognition,"[""stationary""]",0,2,0,f24f1756-81ba-473c-9127-8e7845c0a802,108BT,supplement,0,1,1599962891371,0,0
plugin_ios_activity_recognition,"[""stationary""]",0,2,0,f24f1756-81ba-473c-9127-8e7845c0a802,108BT,supplement,0,1,1599963071368,0,0
plugin_ios_activity_recognition,"[""stationary""]",0,2,0,f24f1756-81ba-473c-9127-8e7845c0a802,108BT,,0,1,1599963071370,0,0
plugin_ios_activity_recognition,"[""stationary""]",0,2,0,f24f1756-81ba-473c-9127-8e7845c0a802,108BT,supplement,0,1,1599963251368,0,0
plugin_ios_activity_recognition,"[""stationary""]",0,2,0,f24f1756-81ba-473c-9127-8e7845c0a802,108BT,supplement,0,1,1599963251370,0,0
plugin_ios_activity_recognition,"[""stationary""]",0,2,0,f24f1756-81ba-473c-9127-8e7845c0a802,108BT,,0,1,1599963251371,0,0
plugin_ios_activity_recognition,"[""stationary""]",0,2,0,f24f1756-81ba-473c-9127-8e7845c0a802,108BT,supplement,0,1,1599963431370,0,0
plugin_ios_activity_recognition,"[""stationary""]",0,2,0,f24f1756-81ba-473c-9127-8e7845c0a802,108BT,supplement,0,1,1599963431371,0,0
plugin_ios_activity_recognition,"[""stationary""]",0,2,0,f24f1756-81ba-473c-9127-8e7845c0a802,108BT,,0,1,1599963431394,0,0
plugin_ios_activity_recognition,"[""stationary""]",0,2,0,f24f1756-81ba-473c-9127-8e7845c0a802,108BT,,0,1,1599963611370,0,0
plugin_ios_activity_recognition,"[""stationary""]",0,2,0,f24f1756-81ba-473c-9127-8e7845c0a802,108BT,supplement,0,1,1599963611371,0,0
plugin_ios_activity_recognition,,0,2,0,f24f1756-81ba-473c-9127-8e7845c0a802,108BT,,0,0,1599963787996,0,0
plugin_ios_activity_recognition,,0,2,0,f24f1756-81ba-473c-9127-8e7845c0a802,108BT,,0,0,1599963791350,0,0
plugin_ios_activity_recognition,"[""walking""]",0,1,0,f24f1756-81ba-473c-9127-8e7845c0a802,108BT,,0,0,1599963869389,0,1
plugin_ios_activity_recognition,"[""walking""]",0,2,0,f24f1756-81ba-473c-9127-8e7845c0a802,108BT,,0,0,1599963887201,0,1
plugin_ios_activity_recognition,,0,2,0,f24f1756-81ba-473c-9127-8e7845c0a802,108BT,,0,0,1599963922822,0,0
plugin_ios_activity_recognition,"[""stationary""]",0,2,0,f24f1756-81ba-473c-9127-8e7845c0a802,108BT,,0,1,1599963962791,0,0
plugin_ios_activity_recognition,"[""stationary""]",0,2,0,f24f1756-81ba-473c-9127-8e7845c0a802,108BT,,0,1,1599963971354,0,0
plugin_ios_activity_recognition,,0,2,0,f24f1756-81ba-473c-9127-8e7845c0a802,108BT,,0,0,1599963984998,0,0
plugin_ios_activity_recognition,"[""walking""]",0,1,0,f24f1756-81ba-473c-9127-8e7845c0a802,108BT,,0,0,1599963988866,0,1
plugin_ios_activity_recognition,"[""walking""]",0,2,0,f24f1756-81ba-473c-9127-8e7845c0a802,108BT,,0,0,1599964044845,0,1
plugin_ios_activity_recognition,"[""walking""]",0,2,0,f24f1756-81ba-473c-9127-8e7845c0a802,108BT,,0,0,1599964151445,0,1
plugin_ios_activity_recognition,"[""stationary""]",0,2,0,f24f1756-81ba-473c-9127-8e7845c0a802,108BT,,0,1,1599964178048,0,0
plugin_ios_activity_recognition,"[""walking""]",0,2,0,f24f1756-81ba-473c-9127-8e7845c0a802,108BT,,0,0,1599964179315,0,1
plugin_ios_activity_recognition,"[""stationary""]",0,2,0,f24f1756-81ba-473c-9127-8e7845c0a802,108BT,,0,1,1599964182804,0,0
plugin_ios_activity_recognition,"[""walking""]",0,2,0,f24f1756-81ba-473c-9127-8e7845c0a802,108BT,,0,0,1599964202791,0,1
plugin_ios_activity_recognition,,0,2,0,f24f1756-81ba-473c-9127-8e7845c0a802,108BT,,0,0,1599964207860,0,0
plugin_ios_activity_recognition,"[""stationary""]",0,2,0,f24f1756-81ba-473c-9127-8e7845c0a802,108BT,,0,1,1599964220895,0,0
plugin_ios_activity_recognition,,0,2,0,f24f1756-81ba-473c-9127-8e7845c0a802,108BT,,0,0,1599964231673,0,0
plugin_ios_activity_recognition,"[""stationary""]",0,2,0,f24f1756-81ba-473c-9127-8e7845c0a802,108BT,,0,1,1599964235157,0,0
plugin_ios_activity_recognition,,0,2,0,f24f1756-81ba-473c-9127-8e7845c0a802,108BT,,0,0,1599964258391,0,0
plugin_ios_activity_recognition,"[""stationary""]",0,2,0,f24f1756-81ba-473c-9127-8e7845c0a802,108BT,,0,1,1599964263109,0,0
plugin_ios_activity_recognition,,0,2,0,f24f1756-81ba-473c-9127-8e7845c0a802,108BT,,0,0,1599964301905,0,0
plugin_ios_activity_recognition,"[""stationary""]",0,2,0,f24f1756-81ba-473c-9127-8e7845c0a802,108BT,,0,1,1599964306034,0,0
plugin_ios_activity_recognition,"[""stationary""]",0,2,0,f24f1756-81ba-473c-9127-8e7845c0a802,108BT,,0,1,1599964331367,0,0
plugin_ios_activity_recognition,,0,2,0,f24f1756-81ba-473c-9127-8e7845c0a802,108BT,,0,0,1599964360284,0,0
plugin_ios_activity_recognition,"[""stationary""]",0,2,0,f24f1756-81ba-473c-9127-8e7845c0a802,108BT,,0,1,1599964363768,0,0
plugin_ios_activity_recognition,,0,2,0,f24f1756-81ba-473c-9127-8e7845c0a802,108BT,,0,0,1599964398146,0,0
plugin_ios_activity_recognition,"[""stationary""]",0,2,0,f24f1756-81ba-473c-9127-8e7845c0a802,108BT,,0,1,1599964402869,0,0
plugin_ios_activity_recognition,,0,2,0,f24f1756-81ba-473c-9127-8e7845c0a802,108BT,,0,0,1599964456851,0,0
plugin_ios_activity_recognition,"[""walking""]",0,1,0,f24f1756-81ba-473c-9127-8e7845c0a802,108BT,,0,0,1599964461666,0,1
plugin_ios_activity_recognition,"[""stationary""]",0,2,0,f24f1756-81ba-473c-9127-8e7845c0a802,108BT,,0,1,1599964473065,0,0
plugin_ios_activity_recognition,"[""stationary""]",0,2,0,f24f1756-81ba-473c-9127-8e7845c0a802,108BT,,0,1,1599964511353,0,0
plugin_ios_activity_recognition,,0,2,0,f24f1756-81ba-473c-9127-8e7845c0a802,108BT,,0,0,1599964534194,0,0
plugin_ios_activity_recognition,"[""stationary""]",0,2,0,f24f1756-81ba-473c-9127-8e7845c0a802,108BT,,0,1,1599964538959,0,0
plugin_ios_activity_recognition,,0,2,0,f24f1756-81ba-473c-9127-8e7845c0a802,108BT,,0,0,1599964590194,0,0
plugin_ios_activity_recognition,"[""stationary""]",0,2,0,f24f1756-81ba-473c-9127-8e7845c0a802,108BT,,0,1,1599964598776,0,0
plugin_ios_activity_recognition,,0,2,0,f24f1756-81ba-473c-9127-8e7845c0a802,108BT,,0,0,1599964667655,0,0
plugin_ios_activity_recognition,"[""stationary""]",0,2,0,f24f1756-81ba-473c-9127-8e7845c0a802,108BT,,0,1,1599964671138,0,0
plugin_ios_activity_recognition,"[""stationary""]",0,2,0,f24f1756-81ba-473c-9127-8e7845c0a802,108BT,,0,1,1599964691353,0,0
plugin_ios_activity_recognition,,0,2,0,f24f1756-81ba-473c-9127-8e7845c0a802,108BT,,0,0,1599964745635,0,0
plugin_ios_activity_recognition,"[""stationary""]",0,2,0,f24f1756-81ba-473c-9127-8e7845c0a802,108BT,,0,1,1599964749129,0,0
plugin_ios_activity_recognition,,0,2,0,f24f1756-81ba-473c-9127-8e7845c0a802,108BT,,0,0,1599964750714,0,0
plugin_ios_activity_recognition,"[""stationary""]",0,2,0,f24f1756-81ba-473c-9127-8e7845c0a802,108BT,,0,1,1599964754833,0,0
plugin_ios_activity_recognition,,0,2,0,f24f1756-81ba-473c-9127-8e7845c0a802,108BT,,0,0,1599964772032,0,0
plugin_ios_activity_recognition,"[""stationary""]",0,2,0,f24f1756-81ba-473c-9127-8e7845c0a802,108BT,,0,1,1599964777116,0,0
plugin_ios_activity_recognition,"[""stationary""]",0,2,0,f24f1756-81ba-473c-9127-8e7845c0a802,108BT,,0,1,1599964871406,0,0
plugin_ios_activity_recognition,"[""stationary""]",0,2,0,f24f1756-81ba-473c-9127-8e7845c0a802,108BT,,0,1,1599965051352,0,0
plugin_ios_activity_recognition,,0,2,0,f24f1756-81ba-473c-9127-8e7845c0a802,108BT,,0,0,1599965059683,0,0
plugin_ios_activity_recognition,"[""stationary""]",0,2,0,f24f1756-81ba-473c-9127-8e7845c0a802,108BT,,0,1,1599965065397,0,0
plugin_ios_activity_recognition,,0,2,0,f24f1756-81ba-473c-9127-8e7845c0a802,108BT,,0,0,1599965223360,0,0
plugin_ios_activity_recognition,"[""stationary""]",0,2,0,f24f1756-81ba-473c-9127-8e7845c0a802,108BT,,0,1,1599965227484,0,0
plugin_ios_activity_recognition,"[""stationary""]",0,2,0,f24f1756-81ba-473c-9127-8e7845c0a802,108BT,,0,1,1599965231347,0,0
plugin_ios_activity_recognition,"[""stationary""]",0,2,0,f24f1756-81ba-473c-9127-8e7845c0a802,108BT,supplement,0,1,1599965411347,0,0
plugin_ios_activity_recognition,"[""stationary""]",0,2,0,f24f1756-81ba-473c-9127-8e7845c0a802,108BT,,0,1,1599965411350,0,0
plugin_ios_activity_recognition,"[""stationary""]",0,2,0,f24f1756-81ba-473c-9127-8e7845c0a802,108BT,supplement,0,1,1599965591347,0,0
plugin_ios_activity_recognition,"[""stationary""]",0,2,0,f24f1756-81ba-473c-9127-8e7845c0a802,108BT,supplement,0,1,1599965591350,0,0
plugin_ios_activity_recognition,"[""stationary""]",0,2,0,f24f1756-81ba-473c-9127-8e7845c0a802,108BT,,0,1,1599965591372,0,0
plugin_ios_activity_recognition,,0,2,0,f24f1756-81ba-473c-9127-8e7845c0a802,108BT,,0,0,1599965674279,0,0
plugin_ios_activity_recognition,"[""stationary""]",0,2,0,f24f1756-81ba-473c-9127-8e7845c0a802,108BT,,0,1,1599965680311,0,0
plugin_ios_activity_recognition,"[""stationary""]",0,2,0,f24f1756-81ba-473c-9127-8e7845c0a802,108BT,,0,1,1599965771349,0,0
plugin_ios_activity_recognition,"[""stationary""]",0,2,0,f24f1756-81ba-473c-9127-8e7845c0a802,108BT,supplement,0,1,1599965771350,0,0
plugin_ios_activity_recognition,,0,2,0,f24f1756-81ba-473c-9127-8e7845c0a802,108BT,,0,0,1599965827272,0,0
plugin_ios_activity_recognition,"[""stationary""]",0,2,0,f24f1756-81ba-473c-9127-8e7845c0a802,108BT,,0,1,1599965831990,0,0
plugin_ios_activity_recognition,,0,2,0,f24f1756-81ba-473c-9127-8e7845c0a802,108BT,,0,0,1599965835155,0,0
plugin_ios_activity_recognition,"[""stationary""]",0,2,0,f24f1756-81ba-473c-9127-8e7845c0a802,108BT,,0,1,1599965841814,0,0
plugin_ios_activity_recognition,,0,2,0,f24f1756-81ba-473c-9127-8e7845c0a802,108BT,,0,0,1599965842768,0,0
plugin_ios_activity_recognition,"[""stationary""]",0,2,0,f24f1756-81ba-473c-9127-8e7845c0a802,108BT,,0,1,1599965852303,0,0
plugin_ios_activity_recognition,"[""stationary""]",0,2,0,f24f1756-81ba-473c-9127-8e7845c0a802,108BT,,0,1,1599965951345,0,0
plugin_ios_activity_recognition,,0,2,0,f24f1756-81ba-473c-9127-8e7845c0a802,108BT,,0,0,1599965952857,0,0
plugin_ios_activity_recognition,"[""stationary""]",0,2,0,f24f1756-81ba-473c-9127-8e7845c0a802,108BT,,0,1,1599965957930,0,0
plugin_ios_activity_recognition,"[""stationary""]",0,2,0,f24f1756-81ba-473c-9127-8e7845c0a802,108BT,,0,1,1599966131346,0,0
plugin_ios_activity_recognition,,0,2,0,f24f1756-81ba-473c-9127-8e7845c0a802,108BT,,0,0,1599966185803,0,0
plugin_ios_activity_recognition,"[""stationary""]",0,2,0,f24f1756-81ba-473c-9127-8e7845c0a802,108BT,,0,1,1599966198181,0,0
plugin_ios_activity_recognition,,0,2,0,f24f1756-81ba-473c-9127-8e7845c0a802,108BT,,0,0,1599966203240,0,0
plugin_ios_activity_recognition,"[""stationary""]",0,2,0,f24f1756-81ba-473c-9127-8e7845c0a802,108BT,,0,1,1599966206733,0,0
plugin_ios_activity_recognition,"[""stationary""]",0,2,0,f24f1756-81ba-473c-9127-8e7845c0a802,108BT,,0,1,1599966311657,0,0
plugin_ios_activity_recognition,"[""stationary""]",0,2,0,f24f1756-81ba-473c-9127-8e7845c0a802,108BT,,0,1,1599966491347,0,0
plugin_ios_activity_recognition,,0,2,0,f24f1756-81ba-473c-9127-8e7845c0a802,108BT,,0,0,1599966555375,0,0
plugin_ios_activity_recognition,"[""stationary""]",0,2,0,f24f1756-81ba-473c-9127-8e7845c0a802,108BT,,0,1,1599966561095,0,0
plugin_ios_activity_recognition,,0,2,0,f24f1756-81ba-473c-9127-8e7845c0a802,108BT,,0,0,1599966595219,0,0
plugin_ios_activity_recognition,"[""stationary""]",0,2,0,f24f1756-81ba-473c-9127-8e7845c0a802,108BT,,0,1,1599966602524,0,0
plugin_ios_activity_recognition,"[""stationary""]",0,2,0,f24f1756-81ba-473c-9127-8e7845c0a802,108BT,,0,1,1599966671346,0,0
plugin_ios_activity_recognition,"[""stationary""]",0,2,0,f24f1756-81ba-473c-9127-8e7845c0a802,108BT,supplement,0,1,1599966851346,0,0
plugin_ios_activity_recognition,"[""stationary""]",0,2,0,f24f1756-81ba-473c-9127-8e7845c0a802,108BT,,0,1,1599966851397,0,0
plugin_ios_activity_recognition,"[""stationary""]",0,2,0,f24f1756-81ba-473c-9127-8e7845c0a802,108BT,,0,1,1599967031340,0,0
plugin_ios_activity_recognition,"[""stationary""]",0,2,0,f24f1756-81ba-473c-9127-8e7845c0a802,108BT,supplement,0,1,1599967031346,0,0
plugin_ios_activity_recognition,"[""stationary""]",0,2,0,f24f1756-81ba-473c-9127-8e7845c0a802,108BT,supplement,0,1,1599967211340,0,0
plugin_ios_activity_recognition,"[""stationary""]",0,2,0,f24f1756-81ba-473c-9127-8e7845c0a802,108BT,,0,1,1599967211344,0,0
plugin_ios_activity_recognition,"[""stationary""]",0,2,0,f24f1756-81ba-473c-9127-8e7845c0a802,108BT,supplement,0,1,1599967391340,0,0
plugin_ios_activity_recognition,"[""stationary""]",0,2,0,f24f1756-81ba-473c-9127-8e7845c0a802,108BT,supplement,0,1,1599967391344,0,0
plugin_ios_activity_recognition,"[""stationary""]",0,2,0,f24f1756-81ba-473c-9127-8e7845c0a802,108BT,supplement,0,1,1599967571344,0,0
plugin_ios_activity_recognition,"[""stationary""]",0,2,0,f24f1756-81ba-473c-9127-8e7845c0a802,108BT,,0,1,1599967571398,0,0
plugin_ios_activity_recognition,"[""stationary""]",0,2,0,f24f1756-81ba-473c-9127-8e7845c0a802,108BT,supplement,0,1,1599967751344,0,0
plugin_ios_activity_recognition,"[""stationary""]",0,2,0,f24f1756-81ba-473c-9127-8e7845c0a802,108BT,,0,1,1599967751347,0,0
plugin_ios_activity_recognition,"[""stationary""]",0,2,0,f24f1756-81ba-473c-9127-8e7845c0a802,108BT,,0,1,1599967931347,0,0
plugin_ios_activity_recognition,"[""stationary""]",0,2,0,f24f1756-81ba-473c-9127-8e7845c0a802,108BT,,0,1,1599968111346,0,0
plugin_ios_activity_recognition,,0,2,0,f24f1756-81ba-473c-9127-8e7845c0a802,108BT,,0,0,1599968206176,0,0
plugin_ios_activity_recognition,"[""stationary""]",0,2,0,f24f1756-81ba-473c-9127-8e7845c0a802,108BT,,0,1,1599968227778,0,0
plugin_ios_activity_recognition,"[""stationary""]",0,2,0,f24f1756-81ba-473c-9127-8e7845c0a802,108BT,,0,1,1599968291362,0,0
plugin_ios_activity_recognition,"[""stationary""]",0,2,0,f24f1756-81ba-473c-9127-8e7845c0a802,108BT,,0,1,1599968471345,0,0
plugin_ios_activity_recognition,"[""stationary""]",0,2,0,f24f1756-81ba-473c-9127-8e7845c0a802,108BT,,0,1,1599968651345,0,0
plugin_ios_activity_recognition,"[""stationary""]",0,2,0,f24f1756-81ba-473c-9127-8e7845c0a802,108BT,supplement,0,1,1599968831345,0,0
plugin_ios_activity_recognition,"[""stationary""]",0,2,0,f24f1756-81ba-473c-9127-8e7845c0a802,108BT,supplement,0,1,1599969011345,0,0
plugin_ios_activity_recognition,"[""stationary""]",0,2,0,f24f1756-81ba-473c-9127-8e7845c0a802,108BT,,0,1,1599969011361,0,0
plugin_ios_activity_recognition,,0,2,0,f24f1756-81ba-473c-9127-8e7845c0a802,108BT,,0,0,1599969106860,0,0
plugin_ios_activity_recognition,"[""stationary""]",0,2,0,f24f1756-81ba-473c-9127-8e7845c0a802,108BT,,0,1,1599969116067,0,0
plugin_ios_activity_recognition,,0,2,0,f24f1756-81ba-473c-9127-8e7845c0a802,108BT,,0,0,1599969174128,0,0
plugin_ios_activity_recognition,"[""stationary""]",0,2,0,f24f1756-81ba-473c-9127-8e7845c0a802,108BT,,0,1,1599969177664,0,0
plugin_ios_activity_recognition,"[""stationary""]",0,2,0,f24f1756-81ba-473c-9127-8e7845c0a802,108BT,,0,1,1599969191345,0,0
plugin_ios_activity_recognition,"[""stationary""]",0,2,0,f24f1756-81ba-473c-9127-8e7845c0a802,108BT,,0,1,1599969371344,0,0
plugin_ios_activity_recognition,"[""stationary""]",0,2,0,f24f1756-81ba-473c-9127-8e7845c0a802,108BT,,0,1,1599969551344,0,0
plugin_ios_activity_recognition,,0,2,0,f24f1756-81ba-473c-9127-8e7845c0a802,108BT,,0,0,1599969593002,0,0
plugin_ios_activity_recognition,"[""stationary""]",0,2,0,f24f1756-81ba-473c-9127-8e7845c0a802,108BT,,0,1,1599969598398,0,0
plugin_ios_activity_recognition,"[""stationary""]",0,2,0,f24f1756-81ba-473c-9127-8e7845c0a802,108BT,,0,1,1599969731361,0,0
plugin_ios_activity_recognition,,0,2,0,f24f1756-81ba-473c-9127-8e7845c0a802,108BT,,0,0,1599969777846,0,0
plugin_ios_activity_recognition,"[""stationary""]",0,2,0,f24f1756-81ba-473c-9127-8e7845c0a802,108BT,,0,1,1599969785182,0,0
plugin_ios_activity_recognition,"[""stationary""]",0,2,0,f24f1756-81ba-473c-9127-8e7845c0a802,108BT,,0,1,1599969911346,0,0
plugin_ios_activity_recognition,"[""stationary""]",0,2,0,f24f1756-81ba-473c-9127-8e7845c0a802,108BT,,0,1,1599970091345,0,0
plugin_ios_activity_recognition,,0,2,0,f24f1756-81ba-473c-9127-8e7845c0a802,108BT,,0,0,1599970148883,0,0
plugin_ios_activity_recognition,"[""stationary""]",0,2,0,f24f1756-81ba-473c-9127-8e7845c0a802,108BT,,0,1,1599970157148,0,0
plugin_ios_activity_recognition,"[""stationary""]",0,2,0,f24f1756-81ba-473c-9127-8e7845c0a802,108BT,,0,1,1599970271346,0,0
plugin_ios_activity_recognition,,0,2,0,f24f1756-81ba-473c-9127-8e7845c0a802,108BT,,0,0,1599970281759,0,0
plugin_ios_activity_recognition,"[""stationary""]",0,2,0,f24f1756-81ba-473c-9127-8e7845c0a802,108BT,,0,1,1599970296988,0,0
plugin_ios_activity_recognition,"[""stationary""]",0,2,0,f24f1756-81ba-473c-9127-8e7845c0a802,108BT,,0,1,1599970451360,0,0
plugin_ios_activity_recognition,"[""stationary""]",0,2,0,f24f1756-81ba-473c-9127-8e7845c0a802,108BT,,0,1,1599970631346,0,0
plugin_ios_activity_recognition,"[""stationary""]",0,2,0,f24f1756-81ba-473c-9127-8e7845c0a802,108BT,,0,1,1599970811346,0,0
plugin_ios_activity_recognition,"[""stationary""]",0,2,0,f24f1756-81ba-473c-9127-8e7845c0a802,108BT,,0,1,1599970991344,0,0
plugin_ios_activity_recognition,"[""stationary""]",0,2,0,f24f1756-81ba-473c-9127-8e7845c0a802,108BT,supplement,0,1,1599970991346,0,0
plugin_ios_activity_recognition,,0,2,0,f24f1756-81ba-473c-9127-8e7845c0a802,108BT,,0,0,1599971060072,0,0
plugin_ios_activity_recognition,"[""stationary""]",0,2,0,f24f1756-81ba-473c-9127-8e7845c0a802,108BT,,0,1,1599971075317,0,0
plugin_ios_activity_recognition,,0,2,0,f24f1756-81ba-473c-9127-8e7845c0a802,108BT,,0,0,1599971165968,0,0
plugin_ios_activity_recognition,,0,2,0,f24f1756-81ba-473c-9127-8e7845c0a802,108BT,,0,0,1599971171358,0,0
plugin_ios_activity_recognition,"[""stationary""]",0,2,0,f24f1756-81ba-473c-9127-8e7845c0a802,108BT,,0,1,1599971174535,0,0
plugin_ios_activity_recognition,,0,2,0,f24f1756-81ba-473c-9127-8e7845c0a802,108BT,,0,0,1599971205740,0,0
plugin_ios_activity_recognition,"[""stationary""]",0,2,0,f24f1756-81ba-473c-9127-8e7845c0a802,108BT,,0,1,1599971209859,0,0
plugin_ios_activity_recognition,"[""stationary""]",0,2,0,f24f1756-81ba-473c-9127-8e7845c0a802,108BT,,0,1,1599971351345,0,0
plugin_ios_activity_recognition,,0,2,0,f24f1756-81ba-473c-9127-8e7845c0a802,108BT,,0,0,1599971376193,0,0
plugin_ios_activity_recognition,"[""stationary""]",0,2,0,f24f1756-81ba-473c-9127-8e7845c0a802,108BT,,0,1,1599971380678,0,0
plugin_ios_activity_recognition,"[""stationary""]",0,2,0,f24f1756-81ba-473c-9127-8e7845c0a802,108BT,,0,1,1599971531345,0,0
plugin_ios_activity_recognition,,0,2,0,f24f1756-81ba-473c-9127-8e7845c0a802,108BT,,0,0,1599971604771,0,0
plugin_ios_activity_recognition,"[""stationary""]",0,2,0,f24f1756-81ba-473c-9127-8e7845c0a802,108BT,,0,1,1599971613072,0,0
plugin_ios_activity_recognition,,0,2,0,f24f1756-81ba-473c-9127-8e7845c0a802,108BT,,0,0,1599971701153,0,0
plugin_ios_activity_recognition,"[""stationary""]",0,2,0,f24f1756-81ba-473c-9127-8e7845c0a802,108BT,,0,1,1599971708454,0,0
plugin_ios_activity_recognition,"[""stationary""]",0,2,0,f24f1756-81ba-473c-9127-8e7845c0a802,108BT,,0,1,1599971711345,0,0
plugin_ios_activity_recognition,,0,2,0,f24f1756-81ba-473c-9127-8e7845c0a802,108BT,,0,0,1599971819892,0,0
plugin_ios_activity_recognition,"[""stationary""]",0,2,0,f24f1756-81ba-473c-9127-8e7845c0a802,108BT,,0,1,1599971829703,0,0
plugin_ios_activity_recognition,,0,2,0,f24f1756-81ba-473c-9127-8e7845c0a802,108BT,,0,0,1599971841824,0,0
plugin_ios_activity_recognition,"[""stationary""]",0,2,0,f24f1756-81ba-473c-9127-8e7845c0a802,108BT,,0,1,1599971853576,0,0
plugin_ios_activity_recognition,"[""stationary""]",0,2,0,f24f1756-81ba-473c-9127-8e7845c0a802,108BT,,0,1,1599971891356,0,0
plugin_ios_activity_recognition,"[""stationary""]",0,2,0,f24f1756-81ba-473c-9127-8e7845c0a802,108BT,,0,1,1599972071345,0,0
plugin_ios_activity_recognition,,0,2,0,f24f1756-81ba-473c-9127-8e7845c0a802,108BT,,0,0,1599972104252,0,0
plugin_ios_activity_recognition,"[""stationary""]",0,2,0,f24f1756-81ba-473c-9127-8e7845c0a802,108BT,,0,1,1599972118272,0,0
plugin_ios_activity_recognition,"[""stationary""]",0,2,0,f24f1756-81ba-473c-9127-8e7845c0a802,108BT,,0,1,1599972251345,0,0
plugin_ios_activity_recognition,,0,2,0,f24f1756-81ba-473c-9127-8e7845c0a802,108BT,,0,0,1599972389157,0,0
plugin_ios_activity_recognition,"[""stationary""]",0,2,0,f24f1756-81ba-473c-9127-8e7845c0a802,108BT,,0,1,1599972394548,0,0
plugin_ios_activity_recognition,,0,2,0,f24f1756-81ba-473c-9127-8e7845c0a802,108BT,,0,0,1599972400889,0,0
plugin_ios_activity_recognition,"[""stationary""]",0,2,0,f24f1756-81ba-473c-9127-8e7845c0a802,108BT,,0,1,1599972416458,0,0
plugin_ios_activity_recognition,,0,2,0,f24f1756-81ba-473c-9127-8e7845c0a802,108BT,,0,0,1599972425025,0,0
plugin_ios_activity_recognition,"[""stationary""]",0,2,0,f24f1756-81ba-473c-9127-8e7845c0a802,108BT,,0,1,1599972429159,0,0
plugin_ios_activity_recognition,"[""stationary""]",0,2,0,f24f1756-81ba-473c-9127-8e7845c0a802,108BT,,0,1,1599972431345,0,0
plugin_ios_activity_recognition,"[""stationary""]",0,2,0,f24f1756-81ba-473c-9127-8e7845c0a802,108BT,supplement,0,1,1599972611345,0,0
plugin_ios_activity_recognition,"[""stationary""]",0,2,0,f24f1756-81ba-473c-9127-8e7845c0a802,108BT,,0,1,1599972611356,0,0
plugin_ios_activity_recognition,,0,2,0,f24f1756-81ba-473c-9127-8e7845c0a802,108BT,,0,0,1599972659369,0,0
plugin_ios_activity_recognition,"[""stationary""]",0,2,0,f24f1756-81ba-473c-9127-8e7845c0a802,108BT,,0,1,1599972668206,0,0
plugin_ios_activity_recognition,,0,2,0,f24f1756-81ba-473c-9127-8e7845c0a802,108BT,,0,0,1599972693390,0,0
plugin_ios_activity_recognition,"[""stationary""]",0,2,0,f24f1756-81ba-473c-9127-8e7845c0a802,108BT,,0,1,1599972704507,0,0
plugin_ios_activity_recognition,,0,2,0,f24f1756-81ba-473c-9127-8e7845c0a802,108BT,,0,0,1599972728422,0,0
plugin_ios_activity_recognition,"[""stationary""]",0,2,0,f24f1756-81ba-473c-9127-8e7845c0a802,108BT,,0,1,1599972735076,0,0
plugin_ios_activity_recognition,,0,2,0,f24f1756-81ba-473c-9127-8e7845c0a802,108BT,,0,0,1599972764683,0,0
plugin_ios_activity_recognition,"[""stationary""]",0,2,0,f24f1756-81ba-473c-9127-8e7845c0a802,108BT,,0,1,1599972785012,0,0
plugin_ios_activity_recognition,"[""stationary""]",0,2,0,f24f1756-81ba-473c-9127-8e7845c0a802,108BT,supplement,0,1,1599972791345,0,0
plugin_ios_activity_recognition,"[""stationary""]",0,2,0,f24f1756-81ba-473c-9127-8e7845c0a802,108BT,,0,1,1599972791380,0,0
plugin_ios_activity_recognition,"[""stationary""]",0,2,0,f24f1756-81ba-473c-9127-8e7845c0a802,108BT,,0,1,1599972971345,0,0
plugin_ios_activity_recognition,"[""stationary""]",0,2,0,f24f1756-81ba-473c-9127-8e7845c0a802,108BT,,0,1,1599973151344,0,0
plugin_ios_activity_recognition,"[""stationary""]",0,2,0,f24f1756-81ba-473c-9127-8e7845c0a802,108BT,supplement,0,1,1599973331344,0,0
plugin_ios_activity_recognition,"[""stationary""]",0,2,0,f24f1756-81ba-473c-9127-8e7845c0a802,108BT,,0,1,1599973331354,0,0
plugin_ios_activity_recognition,"[""stationary""]",0,2,0,f24f1756-81ba-473c-9127-8e7845c0a802,108BT,,0,1,1599973511344,0,0
plugin_ios_activity_recognition,"[""stationary""]",0,2,0,f24f1756-81ba-473c-9127-8e7845c0a802,108BT,,0,1,1599973691342,0,0
plugin_ios_activity_recognition,"[""stationary""]",0,2,0,f24f1756-81ba-473c-9127-8e7845c0a802,108BT,supplement,0,1,1599973871342,0,0
plugin_ios_activity_recognition,"[""stationary""]",0,2,0,f24f1756-81ba-473c-9127-8e7845c0a802,108BT,,0,1,1599973871344,0,0
plugin_ios_activity_recognition,"[""stationary""]",0,2,0,f24f1756-81ba-473c-9127-8e7845c0a802,108BT,supplement,0,1,1599974051342,0,0
plugin_ios_activity_recognition,"[""stationary""]",0,2,0,f24f1756-81ba-473c-9127-8e7845c0a802,108BT,supplement,0,1,1599974051344,0,0
plugin_ios_activity_recognition,"[""stationary""]",0,2,0,f24f1756-81ba-473c-9127-8e7845c0a802,108BT,,0,1,1599974051353,0,0
plugin_ios_activity_recognition,"[""stationary""]",0,2,0,f24f1756-81ba-473c-9127-8e7845c0a802,108BT,supplement,0,1,1599974231344,0,0
plugin_ios_activity_recognition,"[""stationary""]",0,2,0,f24f1756-81ba-473c-9127-8e7845c0a802,108BT,,0,1,1599974231353,0,0
plugin_ios_activity_recognition,,0,2,0,f24f1756-81ba-473c-9127-8e7845c0a802,108BT,,0,0,1599974297180,0,0
plugin_ios_activity_recognition,"[""stationary""]",0,2,0,f24f1756-81ba-473c-9127-8e7845c0a802,108BT,,0,1,1599974301342,0,0
plugin_ios_activity_recognition,"[""stationary""]",0,2,0,f24f1756-81ba-473c-9127-8e7845c0a802,108BT,,0,1,1599974411343,0,0
plugin_ios_activity_recognition,,0,2,0,f24f1756-81ba-473c-9127-8e7845c0a802,108BT,,0,0,1599974493044,0,0
plugin_ios_activity_recognition,"[""stationary""]",0,2,0,f24f1756-81ba-473c-9127-8e7845c0a802,108BT,,0,1,1599974496533,0,0
plugin_ios_activity_recognition,"[""stationary""]",0,2,0,f24f1756-81ba-473c-9127-8e7845c0a802,108BT,,0,1,1599974591343,0,0
plugin_ios_activity_recognition,,0,2,0,f24f1756-81ba-473c-9127-8e7845c0a802,108BT,,0,0,1599974666366,0,0
plugin_ios_activity_recognition,"[""stationary""]",0,2,0,f24f1756-81ba-473c-9127-8e7845c0a802,108BT,,0,1,1599974671723,0,0
plugin_ios_activity_recognition,"[""stationary""]",0,2,0,f24f1756-81ba-473c-9127-8e7845c0a802,108BT,,0,1,1599974771386,0,0
plugin_ios_activity_recognition,"[""stationary""]",0,2,0,f24f1756-81ba-473c-9127-8e7845c0a802,108BT,,0,1,1599974951343,0,0
plugin_ios_activity_recognition,"[""stationary""]",0,2,0,f24f1756-81ba-473c-9127-8e7845c0a802,108BT,,0,1,1599975131342,0,0
plugin_ios_activity_recognition,"[""stationary""]",0,2,0,f24f1756-81ba-473c-9127-8e7845c0a802,108BT,supplement,0,1,1599975311342,0,0
plugin_ios_activity_recognition,"[""stationary""]",0,2,0,f24f1756-81ba-473c-9127-8e7845c0a802,108BT,,0,1,1599975311343,0,0
plugin_ios_activity_recognition,,0,2,0,f24f1756-81ba-473c-9127-8e7845c0a802,108BT,,0,0,1599975395917,0,0
plugin_ios_activity_recognition,"[""stationary""]",0,2,0,f24f1756-81ba-473c-9127-8e7845c0a802,108BT,,0,1,1599975407340,0,0
plugin_ios_activity_recognition,"[""stationary""]",0,2,0,f24f1756-81ba-473c-9127-8e7845c0a802,108BT,supplement,0,1,1599975491342,0,0
plugin_ios_activity_recognition,"[""stationary""]",0,2,0,f24f1756-81ba-473c-9127-8e7845c0a802,108BT,,0,1,1599975491349,0,0
plugin_ios_activity_recognition,,0,2,0,f24f1756-81ba-473c-9127-8e7845c0a802,108BT,,0,0,1599975565365,0,0
plugin_ios_activity_recognition,"[""stationary""]",0,2,0,f24f1756-81ba-473c-9127-8e7845c0a802,108BT,,0,1,1599975570722,0,0
plugin_ios_activity_recognition,"[""stationary""]",0,2,0,f24f1756-81ba-473c-9127-8e7845c0a802,108BT,,0,1,1599975671343,0,0
plugin_ios_activity_recognition,"[""stationary""]",0,2,0,f24f1756-81ba-473c-9127-8e7845c0a802,108BT,,0,1,1599975851343,0,0
plugin_ios_activity_recognition,"[""stationary""]",0,2,0,f24f1756-81ba-473c-9127-8e7845c0a802,108BT,,0,1,1599976031343,0,0
plugin_ios_activity_recognition,"[""stationary""]",0,2,0,f24f1756-81ba-473c-9127-8e7845c0a802,108BT,supplement,0,1,1599976211343,0,0
plugin_ios_activity_recognition,"[""stationary""]",0,2,0,f24f1756-81ba-473c-9127-8e7845c0a802,108BT,,0,1,1599976211349,0,0
plugin_ios_activity_recognition,"[""stationary""]",0,2,0,f24f1756-81ba-473c-9127-8e7845c0a802,108BT,,0,1,1599976391342,0,0
plugin_ios_activity_recognition,"[""stationary""]",0,2,0,f24f1756-81ba-473c-9127-8e7845c0a802,108BT,supplement,0,1,1599976391343,0,0
plugin_ios_activity_recognition,"[""stationary""]",0,2,0,f24f1756-81ba-473c-9127-8e7845c0a802,108BT,,0,1,1599976571342,0,0
plugin_ios_activity_recognition,,0,2,0,f24f1756-81ba-473c-9127-8e7845c0a802,108BT,,0,0,1599976581720,0,0
plugin_ios_activity_recognition,"[""stationary""]",0,2,0,f24f1756-81ba-473c-9127-8e7845c0a802,108BT,,0,1,1599976587424,0,0
plugin_ios_activity_recognition,,0,2,0,f24f1756-81ba-473c-9127-8e7845c0a802,108BT,,0,0,1599976614222,0,0
plugin_ios_activity_recognition,"[""stationary""]",0,2,0,f24f1756-81ba-473c-9127-8e7845c0a802,108BT,,0,1,1599976618351,0,0
plugin_ios_activity_recognition,"[""stationary""]",0,2,0,f24f1756-81ba-473c-9127-8e7845c0a802,108BT,,0,1,1599976751342,0,0
plugin_ios_activity_recognition,,0,2,0,f24f1756-81ba-473c-9127-8e7845c0a802,108BT,,0,0,1599976918592,0,0
plugin_ios_activity_recognition,"[""stationary""]",0,2,0,f24f1756-81ba-473c-9127-8e7845c0a802,108BT,,0,1,1599976924942,0,0
plugin_ios_activity_recognition,,0,2,0,f24f1756-81ba-473c-9127-8e7845c0a802,108BT,,0,0,1599976925891,0,0
plugin_ios_activity_recognition,,0,2,0,f24f1756-81ba-473c-9127-8e7845c0a802,108BT,,0,0,1599976931380,0,0
plugin_ios_activity_recognition,"[""stationary""]",0,2,0,f24f1756-81ba-473c-9127-8e7845c0a802,108BT,,0,1,1599976947212,0,0
plugin_ios_activity_recognition,,0,2,0,f24f1756-81ba-473c-9127-8e7845c0a802,108BT,,0,0,1599977074957,0,0
plugin_ios_activity_recognition,"[""stationary""]",0,2,0,f24f1756-81ba-473c-9127-8e7845c0a802,108BT,,0,1,1599977082213,0,0
plugin_ios_activity_recognition,"[""stationary""]",0,2,0,f24f1756-81ba-473c-9127-8e7845c0a802,108BT,,0,1,1599977111342,0,0
plugin_ios_activity_recognition,,0,2,0,f24f1756-81ba-473c-9127-8e7845c0a802,108BT,,0,0,1599977261672,0,0
plugin_ios_activity_recognition,"[""stationary""]",0,2,0,f24f1756-81ba-473c-9127-8e7845c0a802,108BT,,0,1,1599977269612,0,0
plugin_ios_activity_recognition,"[""stationary""]",0,2,0,f24f1756-81ba-473c-9127-8e7845c0a802,108BT,,0,1,1599977291339,0,0
plugin_ios_activity_recognition,,0,2,0,f24f1756-81ba-473c-9127-8e7845c0a802,108BT,,0,0,1599977332893,0,0
plugin_ios_activity_recognition,"[""stationary""]",0,2,0,f24f1756-81ba-473c-9127-8e7845c0a802,108BT,,0,1,1599977338250,0,0
plugin_ios_activity_recognition,,0,2,0,f24f1756-81ba-473c-9127-8e7845c0a802,108BT,,0,0,1599977362827,0,0
plugin_ios_activity_recognition,"[""stationary""]",0,2,0,f24f1756-81ba-473c-9127-8e7845c0a802,108BT,,0,1,1599977374649,0,0
plugin_ios_activity_recognition,,0,2,0,f24f1756-81ba-473c-9127-8e7845c0a802,108BT,,0,0,1599977418085,0,0
plugin_ios_activity_recognition,"[""stationary""]",0,2,0,f24f1756-81ba-473c-9127-8e7845c0a802,108BT,,0,1,1599977421598,0,0
plugin_ios_activity_recognition,,0,2,0,f24f1756-81ba-473c-9127-8e7845c0a802,108BT,,0,0,1599977430534,0,0
plugin_ios_activity_recognition,"[""stationary""]",0,2,0,f24f1756-81ba-473c-9127-8e7845c0a802,108BT,,0,1,1599977440685,0,0
plugin_ios_activity_recognition,,0,2,0,f24f1756-81ba-473c-9127-8e7845c0a802,108BT,,0,0,1599977455662,0,0
plugin_ios_activity_recognition,"[""stationary""]",0,2,0,f24f1756-81ba-473c-9127-8e7845c0a802,108BT,,0,1,1599977469321,0,0
plugin_ios_activity_recognition,,0,2,0,f24f1756-81ba-473c-9127-8e7845c0a802,108BT,,0,0,1599977469634,0,0
plugin_ios_activity_recognition,,0,2,0,f24f1756-81ba-473c-9127-8e7845c0a802,108BT,,0,0,1599977471342,0,0
plugin_ios_activity_recognition,"[""stationary""]",0,2,0,f24f1756-81ba-473c-9127-8e7845c0a802,108BT,,0,1,1599977477241,0,0
plugin_ios_activity_recognition,"[""stationary""]",0,2,0,f24f1756-81ba-473c-9127-8e7845c0a802,108BT,,0,1,1599977651347,0,0
plugin_ios_activity_recognition,"[""stationary""]",0,2,0,f24f1756-81ba-473c-9127-8e7845c0a802,108BT,,0,1,1599977831343,0,0
plugin_ios_activity_recognition,"[""stationary""]",0,2,0,f24f1756-81ba-473c-9127-8e7845c0a802,108BT,supplement,0,1,1599978011343,0,0
plugin_ios_activity_recognition,"[""stationary""]",0,2,0,f24f1756-81ba-473c-9127-8e7845c0a802,108BT,,0,1,1599978011344,0,0
plugin_ios_activity_recognition,,0,2,0,f24f1756-81ba-473c-9127-8e7845c0a802,108BT,,0,0,1599978011833,0,0
plugin_ios_activity_recognition,"[""stationary""]",0,2,0,f24f1756-81ba-473c-9127-8e7845c0a802,108BT,,0,1,1599978017537,0,0
plugin_ios_activity_recognition,,0,2,0,f24f1756-81ba-473c-9127-8e7845c0a802,108BT,,0,0,1599978037950,0,0
plugin_ios_activity_recognition,"[""stationary""]",0,2,0,f24f1756-81ba-473c-9127-8e7845c0a802,108BT,,0,1,1599978056011,0,0
plugin_ios_activity_recognition,,0,2,0,f24f1756-81ba-473c-9127-8e7845c0a802,108BT,,0,0,1599978070738,0,0
plugin_ios_activity_recognition,"[""stationary""]",0,2,0,f24f1756-81ba-473c-9127-8e7845c0a802,108BT,,0,1,1599978079584,0,0
plugin_ios_activity_recognition,,0,2,0,f24f1756-81ba-473c-9127-8e7845c0a802,108BT,,0,0,1599978089451,0,0
plugin_ios_activity_recognition,"[""stationary""]",0,2,0,f24f1756-81ba-473c-9127-8e7845c0a802,108BT,,0,1,1599978096157,0,0
plugin_ios_activity_recognition,,0,2,0,f24f1756-81ba-473c-9127-8e7845c0a802,108BT,,0,0,1599978140171,0,0
plugin_ios_activity_recognition,"[""stationary""]",0,2,0,f24f1756-81ba-473c-9127-8e7845c0a802,108BT,,0,1,1599978153502,0,0
plugin_ios_activity_recognition,"[""stationary""]",0,2,0,f24f1756-81ba-473c-9127-8e7845c0a802,108BT,supplement,0,1,1599978191343,0,0
plugin_ios_activity_recognition,"[""stationary""]",0,2,0,f24f1756-81ba-473c-9127-8e7845c0a802,108BT,,0,1,1599978191344,0,0
plugin_ios_activity_recognition,,0,2,0,f24f1756-81ba-473c-9127-8e7845c0a802,108BT,,0,0,1599978296272,0,0
plugin_ios_activity_recognition,"[""stationary""]",0,2,0,f24f1756-81ba-473c-9127-8e7845c0a802,108BT,,0,1,1599978331851,0,0
plugin_ios_activity_recognition,,0,2,0,f24f1756-81ba-473c-9127-8e7845c0a802,108BT,,0,0,1599978333475,0,0
plugin_ios_activity_recognition,"[""stationary""]",0,2,0,f24f1756-81ba-473c-9127-8e7845c0a802,108BT,,0,1,1599978338832,0,0
plugin_ios_activity_recognition,,0,2,0,f24f1756-81ba-473c-9127-8e7845c0a802,108BT,,0,0,1599978340736,0,0
plugin_ios_activity_recognition,"[""stationary""]",0,2,0,f24f1756-81ba-473c-9127-8e7845c0a802,108BT,,0,1,1599978344229,0,0
plugin_ios_activity_recognition,,0,2,0,f24f1756-81ba-473c-9127-8e7845c0a802,108BT,,0,0,1599978352816,0,0
plugin_ios_activity_recognition,"[""stationary""]",0,2,0,f24f1756-81ba-473c-9127-8e7845c0a802,108BT,,0,1,1599978357254,0,0
plugin_ios_activity_recognition,"[""stationary""]",0,2,0,f24f1756-81ba-473c-9127-8e7845c0a802,108BT,,0,1,1599978371415,0,0
plugin_ios_activity_recognition,,0,2,0,f24f1756-81ba-473c-9127-8e7845c0a802,108BT,,0,0,1599978425207,0,0
plugin_ios_activity_recognition,"[""stationary""]",0,2,0,f24f1756-81ba-473c-9127-8e7845c0a802,108BT,,0,1,1599978451812,0,0
plugin_ios_activity_recognition,,0,2,0,f24f1756-81ba-473c-9127-8e7845c0a802,108BT,,0,0,1599978486293,0,0
plugin_ios_activity_recognition,"[""stationary""]",0,2,0,f24f1756-81ba-473c-9127-8e7845c0a802,108BT,,0,1,1599978491014,0,0
plugin_ios_activity_recognition,,0,2,0,f24f1756-81ba-473c-9127-8e7845c0a802,108BT,,0,0,1599978499001,0,0
plugin_ios_activity_recognition,"[""stationary""]",0,2,0,f24f1756-81ba-473c-9127-8e7845c0a802,108BT,,0,1,1599978504990,0,0
plugin_ios_activity_recognition,,0,2,0,f24f1756-81ba-473c-9127-8e7845c0a802,108BT,,0,0,1599978515787,0,0
plugin_ios_activity_recognition,"[""stationary""]",0,2,0,f24f1756-81ba-473c-9127-8e7845c0a802,108BT,,0,1,1599978519314,0,0
plugin_ios_activity_recognition,"[""stationary""]",0,2,0,f24f1756-81ba-473c-9127-8e7845c0a802,108BT,,0,1,1599978551344,0,0
plugin_ios_activity_recognition,,0,2,0,f24f1756-81ba-473c-9127-8e7845c0a802,108BT,,0,0,1599978618751,0,0
plugin_ios_activity_recognition,"[""stationary""]",0,2,0,f24f1756-81ba-473c-9127-8e7845c0a802,108BT,,0,1,1599978623558,0,0
plugin_ios_activity_recognition,,0,2,0,f24f1756-81ba-473c-9127-8e7845c0a802,108BT,,0,0,1599978691109,0,0
plugin_ios_activity_recognition,"[""stationary""]",0,2,0,f24f1756-81ba-473c-9127-8e7845c0a802,108BT,,0,1,1599978695223,0,0
plugin_ios_activity_recognition,,0,2,0,f24f1756-81ba-473c-9127-8e7845c0a802,108BT,,0,0,1599978726058,0,0
plugin_ios_activity_recognition,,0,2,0,f24f1756-81ba-473c-9127-8e7845c0a802,108BT,,0,0,1599978731344,0,0
plugin_ios_activity_recognition,"[""stationary""]",0,2,0,f24f1756-81ba-473c-9127-8e7845c0a802,108BT,,0,1,1599978734629,0,0
plugin_ios_activity_recognition,,0,2,0,f24f1756-81ba-473c-9127-8e7845c0a802,108BT,,0,0,1599978736850,0,0
plugin_ios_activity_recognition,"[""stationary""]",0,2,0,f24f1756-81ba-473c-9127-8e7845c0a802,108BT,,0,1,1599978740975,0,0
plugin_ios_activity_recognition,,0,2,0,f24f1756-81ba-473c-9127-8e7845c0a802,108BT,,0,0,1599978766434,0,0
plugin_ios_activity_recognition,"[""stationary""]",0,2,0,f24f1756-81ba-473c-9127-8e7845c0a802,108BT,,0,1,1599978770553,0,0
plugin_ios_activity_recognition,,0,2,0,f24f1756-81ba-473c-9127-8e7845c0a802,108BT,,0,0,1599978787424,0,0
plugin_ios_activity_recognition,"[""stationary""]",0,2,0,f24f1756-81ba-473c-9127-8e7845c0a802,108BT,,0,1,1599978792174,0,0
plugin_ios_activity_recognition,,0,2,0,f24f1756-81ba-473c-9127-8e7845c0a802,108BT,,0,0,1599978795026,0,0
plugin_ios_activity_recognition,"[""stationary""]",0,2,0,f24f1756-81ba-473c-9127-8e7845c0a802,108BT,,0,1,1599978801053,0,0
plugin_ios_activity_recognition,,0,2,0,f24f1756-81ba-473c-9127-8e7845c0a802,108BT,,0,0,1599978846911,0,0
plugin_ios_activity_recognition,"[""stationary""]",0,2,0,f24f1756-81ba-473c-9127-8e7845c0a802,108BT,,0,1,1599978853584,0,0
plugin_ios_activity_recognition,,0,2,0,f24f1756-81ba-473c-9127-8e7845c0a802,108BT,,0,0,1599978858349,0,0
plugin_ios_activity_recognition,"[""stationary""]",0,2,0,f24f1756-81ba-473c-9127-8e7845c0a802,108BT,,0,1,1599978863114,0,0
plugin_ios_activity_recognition,,0,2,0,f24f1756-81ba-473c-9127-8e7845c0a802,108BT,,0,0,1599978867561,0,0
plugin_ios_activity_recognition,"[""stationary""]",0,2,0,f24f1756-81ba-473c-9127-8e7845c0a802,108BT,,0,1,1599978872317,0,0
plugin_ios_activity_recognition,"[""stationary""]",0,2,0,f24f1756-81ba-473c-9127-8e7845c0a802,108BT,,0,1,1599978911344,0,0
plugin_ios_activity_recognition,,0,2,0,f24f1756-81ba-473c-9127-8e7845c0a802,108BT,,0,0,1599978915061,0,0
plugin_ios_activity_recognition,"[""stationary""]",0,2,0,f24f1756-81ba-473c-9127-8e7845c0a802,108BT,,0,1,1599978935083,0,0
plugin_ios_activity_recognition,,0,2,0,f24f1756-81ba-473c-9127-8e7845c0a802,108BT,,0,0,1599978958666,0,0
plugin_ios_activity_recognition,"[""stationary""]",0,2,0,f24f1756-81ba-473c-9127-8e7845c0a802,108BT,,0,1,1599978976152,0,0
plugin_ios_activity_recognition,"[""stationary""]",0,2,0,f24f1756-81ba-473c-9127-8e7845c0a802,108BT,,0,1,1599979091346,0,0
plugin_ios_activity_recognition,"[""stationary""]",0,2,0,f24f1756-81ba-473c-9127-8e7845c0a802,108BT,,0,1,1599979271343,0,0
plugin_ios_activity_recognition,"[""stationary""]",0,2,0,f24f1756-81ba-473c-9127-8e7845c0a802,108BT,,0,1,1599979451341,0,0
plugin_ios_activity_recognition,"[""stationary""]",0,2,0,f24f1756-81ba-473c-9127-8e7845c0a802,108BT,supplement,0,1,1599979631341,0,0
plugin_ios_activity_recognition,"[""stationary""]",0,2,0,f24f1756-81ba-473c-9127-8e7845c0a802,108BT,,0,1,1599979631344,0,0
plugin_ios_activity_recognition,,0,2,0,f24f1756-81ba-473c-9127-8e7845c0a802,108BT,,0,0,1599979695343,0,0
plugin_ios_activity_recognition,"[""stationary""]",0,2,0,f24f1756-81ba-473c-9127-8e7845c0a802,108BT,,0,1,1599979702638,0,0
plugin_ios_activity_recognition,,0,2,0,f24f1756-81ba-473c-9127-8e7845c0a802,108BT,,0,0,1599979713762,0,0
plugin_ios_activity_recognition,"[""stationary""]",0,2,0,f24f1756-81ba-473c-9127-8e7845c0a802,108BT,,0,1,1599979717615,0,0
plugin_ios_activity_recognition,,0,2,0,f24f1756-81ba-473c-9127-8e7845c0a802,108BT,,0,0,1599979734382,0,0
plugin_ios_activity_recognition,"[""stationary""]",0,2,0,f24f1756-81ba-473c-9127-8e7845c0a802,108BT,,0,1,1599979739465,0,0
plugin_ios_activity_recognition,,0,2,0,f24f1756-81ba-473c-9127-8e7845c0a802,108BT,,0,0,1599979771972,0,0
plugin_ios_activity_recognition,"[""walking""]",0,1,0,f24f1756-81ba-473c-9127-8e7845c0a802,108BT,,0,0,1599979781240,0,1
plugin_ios_activity_recognition,"[""stationary""]",0,2,0,f24f1756-81ba-473c-9127-8e7845c0a802,108BT,,0,1,1599979785319,0,0
plugin_ios_activity_recognition,"[""walking""]",0,2,0,f24f1756-81ba-473c-9127-8e7845c0a802,108BT,,0,0,1599979793573,0,1
plugin_ios_activity_recognition,,0,2,0,f24f1756-81ba-473c-9127-8e7845c0a802,108BT,,0,0,1599979793932,0,0
plugin_ios_activity_recognition,"[""walking""]",0,1,0,f24f1756-81ba-473c-9127-8e7845c0a802,108BT,,0,0,1599979796477,0,1
plugin_ios_activity_recognition,"[""stationary""]",0,2,0,f24f1756-81ba-473c-9127-8e7845c0a802,108BT,,0,1,1599979800246,0,0
plugin_ios_activity_recognition,"[""stationary""]",0,2,0,f24f1756-81ba-473c-9127-8e7845c0a802,108BT,supplement,0,1,1599979811341,0,0
plugin_ios_activity_recognition,"[""stationary""]",0,2,0,f24f1756-81ba-473c-9127-8e7845c0a802,108BT,,0,1,1599979811346,0,0
plugin_ios_activity_recognition,,0,2,0,f24f1756-81ba-473c-9127-8e7845c0a802,108BT,,0,0,1599979824678,0,0
plugin_ios_activity_recognition,"[""stationary""]",0,2,0,f24f1756-81ba-473c-9127-8e7845c0a802,108BT,,0,1,1599979828166,0,0
plugin_ios_activity_recognition,,0,2,0,f24f1756-81ba-473c-9127-8e7845c0a802,108BT,,0,0,1599979854915,0,0
plugin_ios_activity_recognition,"[""stationary""]",0,2,0,f24f1756-81ba-473c-9127-8e7845c0a802,108BT,,0,1,1599979864397,0,0
plugin_ios_activity_recognition,,0,2,0,f24f1756-81ba-473c-9127-8e7845c0a802,108BT,,0,0,1599979922715,0,0
plugin_ios_activity_recognition,"[""stationary""]",0,2,0,f24f1756-81ba-473c-9127-8e7845c0a802,108BT,,0,1,1599979934795,0,0
plugin_ios_activity_recognition,,0,2,0,f24f1756-81ba-473c-9127-8e7845c0a802,108BT,,0,0,1599979936065,0,0
plugin_ios_activity_recognition,"[""stationary""]",0,2,0,f24f1756-81ba-473c-9127-8e7845c0a802,108BT,,0,1,1599979943679,0,0
plugin_ios_activity_recognition,,0,2,0,f24f1756-81ba-473c-9127-8e7845c0a802,108BT,,0,0,1599979945900,0,0
plugin_ios_activity_recognition,"[""stationary""]",0,2,0,f24f1756-81ba-473c-9127-8e7845c0a802,108BT,,0,1,1599979964659,0,0
plugin_ios_activity_recognition,"[""stationary""]",0,2,0,f24f1756-81ba-473c-9127-8e7845c0a802,108BT,,0,1,1599979991344,0,0
plugin_ios_activity_recognition,"[""stationary""]",0,2,0,f24f1756-81ba-473c-9127-8e7845c0a802,108BT,,0,1,1599980171343,0,0
plugin_ios_activity_recognition,"[""stationary""]",0,2,0,f24f1756-81ba-473c-9127-8e7845c0a802,108BT,,0,1,1599980351343,0,0
plugin_ios_activity_recognition,"[""stationary""]",0,2,0,f24f1756-81ba-473c-9127-8e7845c0a802,108BT,supplement,0,1,1599980531343,0,0
plugin_ios_activity_recognition,"[""stationary""]",0,2,0,f24f1756-81ba-473c-9127-8e7845c0a802,108BT,,0,1,1599980531344,0,0
plugin_ios_activity_recognition,"[""stationary""]",0,2,0,f24f1756-81ba-473c-9127-8e7845c0a802,108BT,supplement,0,1,1599980711343,0,0
plugin_ios_activity_recognition,"[""stationary""]",0,2,0,f24f1756-81ba-473c-9127-8e7845c0a802,108BT,,0,1,1599980711344,0,0
plugin_ios_activity_recognition,"[""stationary""]",0,2,0,f24f1756-81ba-473c-9127-8e7845c0a802,108BT,,0,1,1599980891343,0,0
plugin_ios_activity_recognition,"[""stationary""]",0,2,0,f24f1756-81ba-473c-9127-8e7845c0a802,108BT,supplement,0,1,1599981071343,0,0
plugin_ios_activity_recognition,"[""stationary""]",0,2,0,f24f1756-81ba-473c-9127-8e7845c0a802,108BT,,0,1,1599981071344,0,0
plugin_ios_activity_recognition,"[""stationary""]",0,2,0,f24f1756-81ba-473c-9127-8e7845c0a802,108BT,supplement,0,1,1599981251343,0,0
plugin_ios_activity_recognition,"[""stationary""]",0,2,0,f24f1756-81ba-473c-9127-8e7845c0a802,108BT,,0,1,1599981251344,0,0
plugin_ios_activity_recognition,"[""stationary""]",0,2,0,f24f1756-81ba-473c-9127-8e7845c0a802,108BT,,0,1,1599981431344,0,0
plugin_ios_activity_recognition,"[""stationary""]",0,2,0,f24f1756-81ba-473c-9127-8e7845c0a802,108BT,,0,1,1599981611343,0,0
plugin_ios_activity_recognition,"[""stationary""]",0,2,0,f24f1756-81ba-473c-9127-8e7845c0a802,108BT,supplement,0,1,1599981791343,0,0
plugin_ios_activity_recognition,"[""stationary""]",0,2,0,f24f1756-81ba-473c-9127-8e7845c0a802,108BT,,0,1,1599981791344,0,0
plugin_ios_activity_recognition,"[""stationary""]",0,2,0,f24f1756-81ba-473c-9127-8e7845c0a802,108BT,supplement,0,1,1599981971343,0,0
plugin_ios_activity_recognition,"[""stationary""]",0,2,0,f24f1756-81ba-473c-9127-8e7845c0a802,108BT,,0,1,1599981971344,0,0
plugin_ios_activity_recognition,"[""stationary""]",0,2,0,f24f1756-81ba-473c-9127-8e7845c0a802,108BT,,0,1,1599982151344,0,0
plugin_ios_activity_recognition,"[""stationary""]",0,2,0,f24f1756-81ba-473c-9127-8e7845c0a802,108BT,,0,1,1599982331344,0,0
plugin_ios_activity_recognition,"[""stationary""]",0,2,0,f24f1756-81ba-473c-9127-8e7845c0a802,108BT,,0,1,1599982511344,0,0
plugin_ios_activity_recognition,"[""stationary""]",0,2,0,f24f1756-81ba-473c-9127-8e7845c0a802,108BT,supplement,0,1,1599982691344,0,0
plugin_ios_activity_recognition,"[""stationary""]",0,2,0,f24f1756-81ba-473c-9127-8e7845c0a802,108BT,,0,1,1599982691429,0,0
plugin_ios_activity_recognition,"[""stationary""]",0,2,0,f24f1756-81ba-473c-9127-8e7845c0a802,108BT,,0,1,1599982871344,0,0
plugin_ios_activity_recognition,"[""stationary""]",0,2,0,f24f1756-81ba-473c-9127-8e7845c0a802,108BT,,0,1,1599983051343,0,0
plugin_ios_activity_recognition,"[""stationary""]",0,2,0,f24f1756-81ba-473c-9127-8e7845c0a802,108BT,supplement,0,1,1599983231343,0,0
plugin_ios_activity_recognition,"[""stationary""]",0,2,0,f24f1756-81ba-473c-9127-8e7845c0a802,108BT,,0,1,1599983231344,0,0
plugin_ios_activity_recognition,"[""stationary""]",0,2,0,f24f1756-81ba-473c-9127-8e7845c0a802,108BT,supplement,0,1,1599983411343,0,0
plugin_ios_activity_recognition,"[""stationary""]",0,2,0,f24f1756-81ba-473c-9127-8e7845c0a802,108BT,supplement,0,1,1599983411344,0,0
plugin_ios_activity_recognition,"[""stationary""]",0,2,0,f24f1756-81ba-473c-9127-8e7845c0a802,108BT,,0,1,1599983411410,0,0
plugin_ios_activity_recognition,"[""stationary""]",0,2,0,f24f1756-81ba-473c-9127-8e7845c0a802,108BT,supplement,0,1,1599983591344,0,0
plugin_ios_activity_recognition,"[""stationary""]",0,2,0,f24f1756-81ba-473c-9127-8e7845c0a802,108BT,,0,1,1599983591368,0,0
plugin_ios_activity_recognition,"[""stationary""]",0,2,0,f24f1756-81ba-473c-9127-8e7845c0a802,108BT,,0,1,1599983771343,0,0
plugin_ios_activity_recognition,"[""stationary""]",0,2,0,f24f1756-81ba-473c-9127-8e7845c0a802,108BT,supplement,0,1,1599983951343,0,0
plugin_ios_activity_recognition,"[""stationary""]",0,2,0,f24f1756-81ba-473c-9127-8e7845c0a802,108BT,,0,1,1599983951344,0,0
plugin_ios_activity_recognition,"[""stationary""]",0,2,0,f24f1756-81ba-473c-9127-8e7845c0a802,108BT,supplement,0,1,1599984131343,0,0
plugin_ios_activity_recognition,"[""stationary""]",0,2,0,f24f1756-81ba-473c-9127-8e7845c0a802,108BT,supplement,0,1,1599984131344,0,0
plugin_ios_activity_recognition,"[""stationary""]",0,2,0,f24f1756-81ba-473c-9127-8e7845c0a802,108BT,,0,1,1599984311344,0,0
plugin_ios_activity_recognition,"[""stationary""]",0,2,0,f24f1756-81ba-473c-9127-8e7845c0a802,108BT,,0,1,1599984491344,0,0
plugin_ios_activity_recognition,"[""stationary""]",0,2,0,f24f1756-81ba-473c-9127-8e7845c0a802,108BT,supplement,0,1,1599984671344,0,0
plugin_ios_activity_recognition,"[""stationary""]",0,2,0,f24f1756-81ba-473c-9127-8e7845c0a802,108BT,,0,1,1599984671345,0,0
plugin_ios_activity_recognition,"[""stationary""]",0,2,0,f24f1756-81ba-473c-9127-8e7845c0a802,108BT,,0,1,1599984851344,0,0
plugin_ios_activity_recognition,"[""stationary""]",0,2,0,f24f1756-81ba-473c-9127-8e7845c0a802,108BT,,0,1,1599985031344,0,0
plugin_ios_activity_recognition,"[""stationary""]",0,2,0,f24f1756-81ba-473c-9127-8e7845c0a802,108BT,,0,1,1599985211344,0,0
plugin_ios_activity_recognition,"[""stationary""]",0,2,0,f24f1756-81ba-473c-9127-8e7845c0a802,108BT,supplement,0,1,1599985391344,0,0
plugin_ios_activity_recognition,"[""stationary""]",0,2,0,f24f1756-81ba-473c-9127-8e7845c0a802,108BT,supplement,0,1,1599985571344,0,0
plugin_ios_activity_recognition,"[""stationary""]",0,2,0,f24f1756-81ba-473c-9127-8e7845c0a802,108BT,,0,1,1599985571369,0,0
plugin_ios_activity_recognition,"[""stationary""]",0,2,0,f24f1756-81ba-473c-9127-8e7845c0a802,108BT,supplement,0,1,1599985751344,0,0
plugin_ios_activity_recognition,"[""stationary""]",0,2,0,f24f1756-81ba-473c-9127-8e7845c0a802,108BT,,0,1,1599985751349,0,0
plugin_ios_activity_recognition,"[""stationary""]",0,2,0,f24f1756-81ba-473c-9127-8e7845c0a802,108BT,supplement,0,1,1599985931349,0,0
plugin_ios_activity_recognition,"[""stationary""]",0,2,0,f24f1756-81ba-473c-9127-8e7845c0a802,108BT,,0,1,1599985931351,0,0
plugin_ios_activity_recognition,"[""stationary""]",0,2,0,f24f1756-81ba-473c-9127-8e7845c0a802,108BT,supplement,0,1,1599986111349,0,0
plugin_ios_activity_recognition,"[""stationary""]",0,2,0,f24f1756-81ba-473c-9127-8e7845c0a802,108BT,supplement,0,1,1599986111351,0,0
plugin_ios_activity_recognition,"[""stationary""]",0,2,0,f24f1756-81ba-473c-9127-8e7845c0a802,108BT,,0,1,1599986111379,0,0
plugin_ios_activity_recognition,"[""stationary""]",0,2,0,f24f1756-81ba-473c-9127-8e7845c0a802,108BT,,0,1,1599986291350,0,0
plugin_ios_activity_recognition,"[""stationary""]",0,2,0,f24f1756-81ba-473c-9127-8e7845c0a802,108BT,supplement,0,1,1599986291351,0,0
plugin_ios_activity_recognition,"[""stationary""]",0,2,0,f24f1756-81ba-473c-9127-8e7845c0a802,108BT,supplement,0,1,1599986471350,0,0
plugin_ios_activity_recognition,"[""stationary""]",0,2,0,f24f1756-81ba-473c-9127-8e7845c0a802,108BT,,0,1,1599986471352,0,0
plugin_ios_activity_recognition,"[""stationary""]",0,2,0,f24f1756-81ba-473c-9127-8e7845c0a802,108BT,supplement,0,1,1599986651350,0,0
plugin_ios_activity_recognition,"[""stationary""]",0,2,0,f24f1756-81ba-473c-9127-8e7845c0a802,108BT,supplement,0,1,1599986651352,0,0
plugin_ios_activity_recognition,"[""stationary""]",0,2,0,f24f1756-81ba-473c-9127-8e7845c0a802,108BT,supplement,0,1,1599986831352,0,0
plugin_ios_activity_recognition,"[""stationary""]",0,2,0,f24f1756-81ba-473c-9127-8e7845c0a802,108BT,,0,1,1599986831379,0,0
plugin_ios_activity_recognition,"[""stationary""]",0,2,0,f24f1756-81ba-473c-9127-8e7845c0a802,108BT,,0,1,1599987011352,0,0
plugin_ios_activity_recognition,"[""stationary""]",0,2,0,f24f1756-81ba-473c-9127-8e7845c0a802,108BT,supplement,0,1,1599987191352,0,0
plugin_ios_activity_recognition,"[""stationary""]",0,2,0,f24f1756-81ba-473c-9127-8e7845c0a802,108BT,,0,1,1599987191353,0,0
plugin_ios_activity_recognition,"[""stationary""]",0,2,0,f24f1756-81ba-473c-9127-8e7845c0a802,108BT,supplement,0,1,1599987371352,0,0
plugin_ios_activity_recognition,"[""stationary""]",0,2,0,f24f1756-81ba-473c-9127-8e7845c0a802,108BT,,0,1,1599987371353,0,0
plugin_ios_activity_recognition,"[""stationary""]",0,2,0,f24f1756-81ba-473c-9127-8e7845c0a802,108BT,supplement,0,1,1599987551353,0,0
plugin_ios_activity_recognition,"[""stationary""]",0,2,0,f24f1756-81ba-473c-9127-8e7845c0a802,108BT,,0,1,1599987551379,0,0
plugin_ios_activity_recognition,"[""stationary""]",0,2,0,f24f1756-81ba-473c-9127-8e7845c0a802,108BT,supplement,0,1,1599987731353,0,0
plugin_ios_activity_recognition,"[""stationary""]",0,2,0,f24f1756-81ba-473c-9127-8e7845c0a802,108BT,,0,1,1599987731354,0,0
plugin_ios_activity_recognition,"[""stationary""]",0,2,0,f24f1756-81ba-473c-9127-8e7845c0a802,108BT,,0,1,1599987911352,0,0
plugin_ios_activity_recognition,"[""stationary""]",0,2,0,f24f1756-81ba-473c-9127-8e7845c0a802,108BT,supplement,0,1,1599988091352,0,0
plugin_ios_activity_recognition,"[""stationary""]",0,2,0,f24f1756-81ba-473c-9127-8e7845c0a802,108BT,,0,1,1599988091354,0,0
plugin_ios_activity_recognition,"[""stationary""]",0,2,0,f24f1756-81ba-473c-9127-8e7845c0a802,108BT,supplement,0,1,1599988271352,0,0
plugin_ios_activity_recognition,"[""stationary""]",0,2,0,f24f1756-81ba-473c-9127-8e7845c0a802,108BT,supplement,0,1,1599988271354,0,0
plugin_ios_activity_recognition,"[""stationary""]",0,2,0,f24f1756-81ba-473c-9127-8e7845c0a802,108BT,,0,1,1599988271380,0,0
plugin_ios_activity_recognition,"[""stationary""]",0,2,0,f24f1756-81ba-473c-9127-8e7845c0a802,108BT,supplement,0,1,1599988451354,0,0
plugin_ios_activity_recognition,"[""stationary""]",0,2,0,f24f1756-81ba-473c-9127-8e7845c0a802,108BT,,0,1,1599988451355,0,0
plugin_ios_activity_recognition,"[""stationary""]",0,2,0,f24f1756-81ba-473c-9127-8e7845c0a802,108BT,supplement,0,1,1599988631355,0,0
plugin_ios_activity_recognition,"[""stationary""]",0,2,0,f24f1756-81ba-473c-9127-8e7845c0a802,108BT,,0,1,1599988811355,0,0
plugin_ios_activity_recognition,"[""stationary""]",0,2,0,f24f1756-81ba-473c-9127-8e7845c0a802,108BT,supplement,0,1,1599988991355,0,0
plugin_ios_activity_recognition,"[""stationary""]",0,2,0,f24f1756-81ba-473c-9127-8e7845c0a802,108BT,,0,1,1599988991380,0,0
plugin_ios_activity_recognition,"[""stationary""]",0,2,0,f24f1756-81ba-473c-9127-8e7845c0a802,108BT,supplement,0,1,1599989171355,0,0
plugin_ios_activity_recognition,"[""stationary""]",0,2,0,f24f1756-81ba-473c-9127-8e7845c0a802,108BT,,0,1,1599989171357,0,0
plugin_ios_activity_recognition,"[""stationary""]",0,2,0,f24f1756-81ba-473c-9127-8e7845c0a802,108BT,,0,1,1599989351357,0,0
plugin_ios_activity_recognition,"[""stationary""]",0,2,0,f24f1756-81ba-473c-9127-8e7845c0a802,108BT,,0,1,1599989531352,0,0
plugin_ios_activity_recognition,"[""stationary""]",0,2,0,f24f1756-81ba-473c-9127-8e7845c0a802,108BT,supplement,0,1,1599989531357,0,0
plugin_ios_activity_recognition,"[""stationary""]",0,2,0,f24f1756-81ba-473c-9127-8e7845c0a802,108BT,supplement,0,1,1599989711352,0,0
plugin_ios_activity_recognition,"[""stationary""]",0,2,0,f24f1756-81ba-473c-9127-8e7845c0a802,108BT,,0,1,1599989711381,0,0
plugin_ios_activity_recognition,"[""stationary""]",0,2,0,f24f1756-81ba-473c-9127-8e7845c0a802,108BT,supplement,0,1,1599989891352,0,0
plugin_ios_activity_recognition,"[""stationary""]",0,2,0,f24f1756-81ba-473c-9127-8e7845c0a802,108BT,,0,1,1599989891356,0,0
plugin_ios_activity_recognition,"[""stationary""]",0,2,0,f24f1756-81ba-473c-9127-8e7845c0a802,108BT,supplement,0,1,1599990071356,0,0
plugin_ios_activity_recognition,"[""stationary""]",0,2,0,f24f1756-81ba-473c-9127-8e7845c0a802,108BT,,0,1,1599990071358,0,0
plugin_ios_activity_recognition,"[""stationary""]",0,2,0,f24f1756-81ba-473c-9127-8e7845c0a802,108BT,supplement,0,1,1599990251356,0,0
plugin_ios_activity_recognition,"[""stationary""]",0,2,0,f24f1756-81ba-473c-9127-8e7845c0a802,108BT,supplement,0,1,1599990251358,0,0
plugin_ios_activity_recognition,"[""stationary""]",0,2,0,f24f1756-81ba-473c-9127-8e7845c0a802,108BT,supplement,0,1,1599990431358,0,0
plugin_ios_activity_recognition,"[""stationary""]",0,2,0,f24f1756-81ba-473c-9127-8e7845c0a802,108BT,,0,1,1599990431381,0,0
plugin_ios_activity_recognition,"[""stationary""]",0,2,0,f24f1756-81ba-473c-9127-8e7845c0a802,108BT,,0,1,1599990611358,0,0
plugin_ios_activity_recognition,"[""stationary""]",0,2,0,f24f1756-81ba-473c-9127-8e7845c0a802,108BT,,0,1,1599990791358,0,0
plugin_ios_activity_recognition,"[""stationary""]",0,2,0,f24f1756-81ba-473c-9127-8e7845c0a802,108BT,supplement,0,1,1599990971358,0,0
plugin_ios_activity_recognition,"[""stationary""]",0,2,0,f24f1756-81ba-473c-9127-8e7845c0a802,108BT,,0,1,1599990971359,0,0
plugin_ios_activity_recognition,"[""stationary""]",0,2,0,f24f1756-81ba-473c-9127-8e7845c0a802,108BT,supplement,0,1,1599991151358,0,0
plugin_ios_activity_recognition,"[""stationary""]",0,2,0,f24f1756-81ba-473c-9127-8e7845c0a802,108BT,supplement,0,1,1599991151359,0,0
plugin_ios_activity_recognition,"[""stationary""]",0,2,0,f24f1756-81ba-473c-9127-8e7845c0a802,108BT,,0,1,1599991151380,0,0
plugin_ios_activity_recognition,"[""stationary""]",0,2,0,f24f1756-81ba-473c-9127-8e7845c0a802,108BT,,0,1,1599991331359,0,0
plugin_ios_activity_recognition,"[""stationary""]",0,2,0,f24f1756-81ba-473c-9127-8e7845c0a802,108BT,,0,1,1599991511359,0,0
plugin_ios_activity_recognition,"[""stationary""]",0,2,0,f24f1756-81ba-473c-9127-8e7845c0a802,108BT,,0,1,1599991691358,0,0
plugin_ios_activity_recognition,"[""stationary""]",0,2,0,f24f1756-81ba-473c-9127-8e7845c0a802,108BT,supplement,0,1,1599991871358,0,0
plugin_ios_activity_recognition,"[""stationary""]",0,2,0,f24f1756-81ba-473c-9127-8e7845c0a802,108BT,,0,1,1599991871379,0,0
plugin_ios_activity_recognition,"[""stationary""]",0,2,0,f24f1756-81ba-473c-9127-8e7845c0a802,108BT,supplement,0,1,1599992051358,0,0
plugin_ios_activity_recognition,"[""stationary""]",0,2,0,f24f1756-81ba-473c-9127-8e7845c0a802,108BT,,0,1,1599992051369,0,0
plugin_ios_activity_recognition,"[""stationary""]",0,2,0,f24f1756-81ba-473c-9127-8e7845c0a802,108BT,,0,1,1599992231360,0,0
plugin_ios_activity_recognition,"[""stationary""]",0,2,0,f24f1756-81ba-473c-9127-8e7845c0a802,108BT,supplement,0,1,1599992411360,0,0
plugin_ios_activity_recognition,"[""stationary""]",0,2,0,f24f1756-81ba-473c-9127-8e7845c0a802,108BT,supplement,0,1,1599992591360,0,0
plugin_ios_activity_recognition,"[""stationary""]",0,2,0,f24f1756-81ba-473c-9127-8e7845c0a802,108BT,,0,1,1599992591380,0,0
plugin_ios_activity_recognition,"[""stationary""]",0,2,0,f24f1756-81ba-473c-9127-8e7845c0a802,108BT,supplement,0,1,1599992771360,0,0
plugin_ios_activity_recognition,"[""stationary""]",0,2,0,f24f1756-81ba-473c-9127-8e7845c0a802,108BT,,0,1,1599992771361,0,0
plugin_ios_activity_recognition,"[""stationary""]",0,2,0,f24f1756-81ba-473c-9127-8e7845c0a802,108BT,supplement,0,1,1599992951361,0,0
plugin_ios_activity_recognition,"[""stationary""]",0,2,0,f24f1756-81ba-473c-9127-8e7845c0a802,108BT,,0,1,1599993131360,0,0
plugin_ios_activity_recognition,"[""stationary""]",0,2,0,f24f1756-81ba-473c-9127-8e7845c0a802,108BT,supplement,0,1,1599993131361,0,0
plugin_ios_activity_recognition,"[""stationary""]",0,2,0,f24f1756-81ba-473c-9127-8e7845c0a802,108BT,supplement,0,1,1599993311360,0,0
plugin_ios_activity_recognition,"[""stationary""]",0,2,0,f24f1756-81ba-473c-9127-8e7845c0a802,108BT,,0,1,1599993311381,0,0
plugin_ios_activity_recognition,"[""stationary""]",0,2,0,f24f1756-81ba-473c-9127-8e7845c0a802,108BT,supplement,0,1,1599993491360,0,0
plugin_ios_activity_recognition,"[""stationary""]",0,2,0,f24f1756-81ba-473c-9127-8e7845c0a802,108BT,,0,1,1599993491362,0,0
plugin_ios_activity_recognition,"[""stationary""]",0,2,0,f24f1756-81ba-473c-9127-8e7845c0a802,108BT,supplement,0,1,1599993671362,0,0
plugin_ios_activity_recognition,"[""stationary""]",0,2,0,f24f1756-81ba-473c-9127-8e7845c0a802,108BT,,0,1,1599993671363,0,0
plugin_ios_activity_recognition,"[""stationary""]",0,2,0,f24f1756-81ba-473c-9127-8e7845c0a802,108BT,supplement,0,1,1599993851362,0,0
plugin_ios_activity_recognition,"[""stationary""]",0,2,0,f24f1756-81ba-473c-9127-8e7845c0a802,108BT,supplement,0,1,1599993851363,0,0
plugin_ios_activity_recognition,"[""stationary""]",0,2,0,f24f1756-81ba-473c-9127-8e7845c0a802,108BT,supplement,0,1,1599994031363,0,0
plugin_ios_activity_recognition,"[""stationary""]",0,2,0,f24f1756-81ba-473c-9127-8e7845c0a802,108BT,,0,1,1599994031415,0,0
plugin_ios_activity_recognition,"[""stationary""]",0,2,0,f24f1756-81ba-473c-9127-8e7845c0a802,108BT,,0,1,1599994211363,0,0
plugin_ios_activity_recognition,"[""stationary""]",0,2,0,f24f1756-81ba-473c-9127-8e7845c0a802,108BT,,0,1,1599994391360,0,0
plugin_ios_activity_recognition,"[""stationary""]",0,2,0,f24f1756-81ba-473c-9127-8e7845c0a802,108BT,supplement,0,1,1599994571360,0,0
plugin_ios_activity_recognition,"[""stationary""]",0,2,0,f24f1756-81ba-473c-9127-8e7845c0a802,108BT,,0,1,1599994571364,0,0
plugin_ios_activity_recognition,,0,2,0,f24f1756-81ba-473c-9127-8e7845c0a802,108BT,,0,0,1599994599161,0,0
plugin_ios_activity_recognition,"[""stationary""]",0,2,0,f24f1756-81ba-473c-9127-8e7845c0a802,108BT,,0,1,1599994604562,0,0
plugin_ios_activity_recognition,"[""stationary""]",0,2,0,f24f1756-81ba-473c-9127-8e7845c0a802,108BT,supplement,0,1,1599994751360,0,0
plugin_ios_activity_recognition,"[""stationary""]",0,2,0,f24f1756-81ba-473c-9127-8e7845c0a802,108BT,,0,1,1599994751415,0,0
plugin_ios_activity_recognition,,0,2,0,f24f1756-81ba-473c-9127-8e7845c0a802,108BT,,0,0,1599994751833,0,0
plugin_ios_activity_recognition,"[""stationary""]",0,2,0,f24f1756-81ba-473c-9127-8e7845c0a802,108BT,,0,1,1599994756592,0,0
plugin_ios_activity_recognition,"[""stationary""]",0,2,0,f24f1756-81ba-473c-9127-8e7845c0a802,108BT,,0,1,1599994931365,0,0
plugin_ios_activity_recognition,"[""stationary""]",0,2,0,f24f1756-81ba-473c-9127-8e7845c0a802,108BT,supplement,0,1,1599995111365,0,0
plugin_ios_activity_recognition,"[""stationary""]",0,2,0,f24f1756-81ba-473c-9127-8e7845c0a802,108BT,,0,1,1599995291364,0,0
plugin_ios_activity_recognition,"[""stationary""]",0,2,0,f24f1756-81ba-473c-9127-8e7845c0a802,108BT,supplement,0,1,1599995291365,0,0
plugin_ios_activity_recognition,"[""stationary""]",0,2,0,f24f1756-81ba-473c-9127-8e7845c0a802,108BT,supplement,0,1,1599995471364,0,0
plugin_ios_activity_recognition,"[""stationary""]",0,2,0,f24f1756-81ba-473c-9127-8e7845c0a802,108BT,,0,1,1599995471447,0,0
plugin_ios_activity_recognition,"[""stationary""]",0,2,0,f24f1756-81ba-473c-9127-8e7845c0a802,108BT,supplement,0,1,1599995651364,0,0
plugin_ios_activity_recognition,"[""stationary""]",0,2,0,f24f1756-81ba-473c-9127-8e7845c0a802,108BT,,0,1,1599995651366,0,0
plugin_ios_activity_recognition,"[""stationary""]",0,2,0,f24f1756-81ba-473c-9127-8e7845c0a802,108BT,,0,1,1599995831365,0,0
plugin_ios_activity_recognition,"[""stationary""]",0,2,0,f24f1756-81ba-473c-9127-8e7845c0a802,108BT,,0,1,1599996011365,0,0
plugin_ios_activity_recognition,"[""stationary""]",0,2,0,f24f1756-81ba-473c-9127-8e7845c0a802,108BT,supplement,0,1,1599996191365,0,0
plugin_ios_activity_recognition,"[""stationary""]",0,2,0,f24f1756-81ba-473c-9127-8e7845c0a802,108BT,,0,1,1599996191366,0,0
plugin_ios_activity_recognition,"[""stationary""]",0,2,0,f24f1756-81ba-473c-9127-8e7845c0a802,108BT,supplement,0,1,1599996371365,0,0
plugin_ios_activity_recognition,"[""stationary""]",0,2,0,f24f1756-81ba-473c-9127-8e7845c0a802,108BT,supplement,0,1,1599996371366,0,0
plugin_ios_activity_recognition,"[""stationary""]",0,2,0,f24f1756-81ba-473c-9127-8e7845c0a802,108BT,,0,1,1599996371367,0,0
plugin_ios_activity_recognition,"[""stationary""]",0,2,0,f24f1756-81ba-473c-9127-8e7845c0a802,108BT,,0,1,1599996551366,0,0
plugin_ios_activity_recognition,"[""stationary""]",0,2,0,f24f1756-81ba-473c-9127-8e7845c0a802,108BT,supplement,0,1,1599996731366,0,0
plugin_ios_activity_recognition,"[""stationary""]",0,2,0,f24f1756-81ba-473c-9127-8e7845c0a802,108BT,,0,1,1599996731414,0,0
plugin_ios_activity_recognition,"[""stationary""]",0,2,0,f24f1756-81ba-473c-9127-8e7845c0a802,108BT,supplement,0,1,1599996911366,0,0
plugin_ios_activity_recognition,"[""stationary""]",0,2,0,f24f1756-81ba-473c-9127-8e7845c0a802,108BT,,0,1,1599996911367,0,0
plugin_ios_activity_recognition,"[""stationary""]",0,2,0,f24f1756-81ba-473c-9127-8e7845c0a802,108BT,,0,1,1599997091365,0,0
plugin_ios_activity_recognition,"[""stationary""]",0,2,0,f24f1756-81ba-473c-9127-8e7845c0a802,108BT,supplement,0,1,1599997271365,0,0
plugin_ios_activity_recognition,"[""stationary""]",0,2,0,f24f1756-81ba-473c-9127-8e7845c0a802,108BT,,0,1,1599997271367,0,0
plugin_ios_activity_recognition,"[""stationary""]",0,2,0,f24f1756-81ba-473c-9127-8e7845c0a802,108BT,supplement,0,1,1599997451365,0,0
plugin_ios_activity_recognition,"[""stationary""]",0,2,0,f24f1756-81ba-473c-9127-8e7845c0a802,108BT,supplement,0,1,1599997451367,0,0
plugin_ios_activity_recognition,"[""stationary""]",0,2,0,f24f1756-81ba-473c-9127-8e7845c0a802,108BT,,0,1,1599997451448,0,0
plugin_ios_activity_recognition,"[""stationary""]",0,2,0,f24f1756-81ba-473c-9127-8e7845c0a802,108BT,supplement,0,1,1599997631367,0,0
plugin_ios_activity_recognition,"[""stationary""]",0,2,0,f24f1756-81ba-473c-9127-8e7845c0a802,108BT,,0,1,1599997631368,0,0
plugin_ios_activity_recognition,"[""stationary""]",0,2,0,f24f1756-81ba-473c-9127-8e7845c0a802,108BT,,0,1,1599997811366,0,0
plugin_ios_activity_recognition,"[""stationary""]",0,2,0,f24f1756-81ba-473c-9127-8e7845c0a802,108BT,supplement,0,1,1599997991366,0,0
plugin_ios_activity_recognition,"[""stationary""]",0,2,0,f24f1756-81ba-473c-9127-8e7845c0a802,108BT,,0,1,1599997991369,0,0
plugin_ios_activity_recognition,"[""stationary""]",0,2,0,f24f1756-81ba-473c-9127-8e7845c0a802,108BT,supplement,0,1,1599998171366,0,0
plugin_ios_activity_recognition,"[""stationary""]",0,2,0,f24f1756-81ba-473c-9127-8e7845c0a802,108BT,supplement,0,1,1599998171369,0,0
plugin_ios_activity_recognition,"[""stationary""]",0,2,0,f24f1756-81ba-473c-9127-8e7845c0a802,108BT,,0,1,1599998171455,0,0
plugin_ios_activity_recognition,"[""stationary""]",0,2,0,f24f1756-81ba-473c-9127-8e7845c0a802,108BT,,0,1,1599998351369,0,0
plugin_ios_activity_recognition,"[""stationary""]",0,2,0,f24f1756-81ba-473c-9127-8e7845c0a802,108BT,supplement,0,1,1599998531369,0,0
plugin_ios_activity_recognition,"[""stationary""]",0,2,0,f24f1756-81ba-473c-9127-8e7845c0a802,108BT,,0,1,1599998531370,0,0
plugin_ios_activity_recognition,"[""stationary""]",0,2,0,f24f1756-81ba-473c-9127-8e7845c0a802,108BT,supplement,0,1,1599998711369,0,0
plugin_ios_activity_recognition,"[""stationary""]",0,2,0,f24f1756-81ba-473c-9127-8e7845c0a802,108BT,supplement,0,1,1599998711370,0,0
plugin_ios_activity_recognition,"[""stationary""]",0,2,0,f24f1756-81ba-473c-9127-8e7845c0a802,108BT,supplement,0,1,1599998891370,0,0
plugin_ios_activity_recognition,"[""stationary""]",0,2,0,f24f1756-81ba-473c-9127-8e7845c0a802,108BT,,0,1,1599998891381,0,0
plugin_ios_activity_recognition,"[""stationary""]",0,2,0,f24f1756-81ba-473c-9127-8e7845c0a802,108BT,,0,1,1599999071370,0,0
plugin_ios_activity_recognition,"[""stationary""]",0,2,0,f24f1756-81ba-473c-9127-8e7845c0a802,108BT,supplement,0,1,1599999251370,0,0
plugin_ios_activity_recognition,"[""stationary""]",0,2,0,f24f1756-81ba-473c-9127-8e7845c0a802,108BT,,0,1,1599999251371,0,0
plugin_ios_activity_recognition,"[""stationary""]",0,2,0,f24f1756-81ba-473c-9127-8e7845c0a802,108BT,,0,1,1599999431370,0,0
plugin_ios_activity_recognition,"[""stationary""]",0,2,0,f24f1756-81ba-473c-9127-8e7845c0a802,108BT,supplement,0,1,1599999611370,0,0
plugin_ios_activity_recognition,"[""stationary""]",0,2,0,f24f1756-81ba-473c-9127-8e7845c0a802,108BT,,0,1,1599999611382,0,0
plugin_ios_activity_recognition,"[""stationary""]",0,2,0,f24f1756-81ba-473c-9127-8e7845c0a802,108BT,supplement,0,1,1599999791370,0,0
plugin_ios_activity_recognition,"[""stationary""]",0,2,0,f24f1756-81ba-473c-9127-8e7845c0a802,108BT,,0,1,1599999791372,0,0
plugin_ios_activity_recognition,"[""stationary""]",0,2,0,f24f1756-81ba-473c-9127-8e7845c0a802,108BT,,0,1,1599999971372,0,0
plugin_ios_activity_recognition,"[""stationary""]",0,2,0,f24f1756-81ba-473c-9127-8e7845c0a802,108BT,supplement,0,1,1600000151372,0,0
plugin_ios_activity_recognition,"[""stationary""]",0,2,0,f24f1756-81ba-473c-9127-8e7845c0a802,108BT,,0,1,1600000151373,0,0
plugin_ios_activity_recognition,"[""stationary""]",0,2,0,f24f1756-81ba-473c-9127-8e7845c0a802,108BT,supplement,0,1,1600000331372,0,0
plugin_ios_activity_recognition,"[""stationary""]",0,2,0,f24f1756-81ba-473c-9127-8e7845c0a802,108BT,supplement,0,1,1600000331373,0,0
plugin_ios_activity_recognition,"[""stationary""]",0,2,0,f24f1756-81ba-473c-9127-8e7845c0a802,108BT,,0,1,1600000331383,0,0
plugin_ios_activity_recognition,"[""stationary""]",0,2,0,f24f1756-81ba-473c-9127-8e7845c0a802,108BT,,0,1,1600000511373,0,0
plugin_ios_activity_recognition,"[""stationary""]",0,2,0,f24f1756-81ba-473c-9127-8e7845c0a802,108BT,,0,1,1600000691373,0,0
plugin_ios_activity_recognition,"[""stationary""]",0,2,0,f24f1756-81ba-473c-9127-8e7845c0a802,108BT,supplement,0,1,1600000871373,0,0
plugin_ios_activity_recognition,"[""stationary""]",0,2,0,f24f1756-81ba-473c-9127-8e7845c0a802,108BT,,0,1,1600000871374,0,0
plugin_ios_activity_recognition,"[""stationary""]",0,2,0,f24f1756-81ba-473c-9127-8e7845c0a802,108BT,supplement,0,1,1600001051373,0,0
plugin_ios_activity_recognition,"[""stationary""]",0,2,0,f24f1756-81ba-473c-9127-8e7845c0a802,108BT,supplement,0,1,1600001051374,0,0
plugin_ios_activity_recognition,"[""stationary""]",0,2,0,f24f1756-81ba-473c-9127-8e7845c0a802,108BT,,0,1,1600001051417,0,0
plugin_ios_activity_recognition,"[""stationary""]",0,2,0,f24f1756-81ba-473c-9127-8e7845c0a802,108BT,supplement,0,1,1600001231374,0,0
plugin_ios_activity_recognition,"[""stationary""]",0,2,0,f24f1756-81ba-473c-9127-8e7845c0a802,108BT,,0,1,1600001231375,0,0
plugin_ios_activity_recognition,"[""stationary""]",0,2,0,f24f1756-81ba-473c-9127-8e7845c0a802,108BT,,0,1,1600001411374,0,0
plugin_ios_activity_recognition,"[""stationary""]",0,2,0,f24f1756-81ba-473c-9127-8e7845c0a802,108BT,supplement,0,1,1600001591374,0,0
plugin_ios_activity_recognition,"[""stationary""]",0,2,0,f24f1756-81ba-473c-9127-8e7845c0a802,108BT,,0,1,1600001591376,0,0
plugin_ios_activity_recognition,"[""stationary""]",0,2,0,f24f1756-81ba-473c-9127-8e7845c0a802,108BT,supplement,0,1,1600001771374,0,0
plugin_ios_activity_recognition,"[""stationary""]",0,2,0,f24f1756-81ba-473c-9127-8e7845c0a802,108BT,supplement,0,1,1600001771376,0,0
plugin_ios_activity_recognition,"[""stationary""]",0,2,0,f24f1756-81ba-473c-9127-8e7845c0a802,108BT,,0,1,1600001771464,0,0
plugin_ios_activity_recognition,"[""stationary""]",0,2,0,f24f1756-81ba-473c-9127-8e7845c0a802,108BT,,0,1,1600001951376,0,0
plugin_ios_activity_recognition,"[""stationary""]",0,2,0,f24f1756-81ba-473c-9127-8e7845c0a802,108BT,,0,1,1600002131376,0,0
plugin_ios_activity_recognition,"[""stationary""]",0,2,0,f24f1756-81ba-473c-9127-8e7845c0a802,108BT,,0,1,1600002311376,0,0
plugin_ios_activity_recognition,"[""stationary""]",0,2,0,f24f1756-81ba-473c-9127-8e7845c0a802,108BT,supplement,0,1,1600002491376,0,0
plugin_ios_activity_recognition,"[""stationary""]",0,2,0,f24f1756-81ba-473c-9127-8e7845c0a802,108BT,,0,1,1600002491383,0,0
plugin_ios_activity_recognition,"[""stationary""]",0,2,0,f24f1756-81ba-473c-9127-8e7845c0a802,108BT,supplement,0,1,1600002671376,0,0
plugin_ios_activity_recognition,"[""stationary""]",0,2,0,f24f1756-81ba-473c-9127-8e7845c0a802,108BT,,0,1,1600002671377,0,0
plugin_ios_activity_recognition,"[""stationary""]",0,2,0,f24f1756-81ba-473c-9127-8e7845c0a802,108BT,,0,1,1600002851377,0,0
plugin_ios_activity_recognition,"[""stationary""]",0,2,0,f24f1756-81ba-473c-9127-8e7845c0a802,108BT,supplement,0,1,1600003031377,0,0
plugin_ios_activity_recognition,"[""stationary""]",0,2,0,f24f1756-81ba-473c-9127-8e7845c0a802,108BT,,0,1,1600003031378,0,0
plugin_ios_activity_recognition,"[""stationary""]",0,2,0,f24f1756-81ba-473c-9127-8e7845c0a802,108BT,supplement,0,1,1600003211377,0,0
plugin_ios_activity_recognition,"[""stationary""]",0,2,0,f24f1756-81ba-473c-9127-8e7845c0a802,108BT,supplement,0,1,1600003211378,0,0
plugin_ios_activity_recognition,"[""stationary""]",0,2,0,f24f1756-81ba-473c-9127-8e7845c0a802,108BT,,0,1,1600003211385,0,0
plugin_ios_activity_recognition,"[""stationary""]",0,2,0,f24f1756-81ba-473c-9127-8e7845c0a802,108BT,,0,1,1600003391377,0,0
plugin_ios_activity_recognition,"[""stationary""]",0,2,0,f24f1756-81ba-473c-9127-8e7845c0a802,108BT,supplement,0,1,1600003391378,0,0
plugin_ios_activity_recognition,"[""stationary""]",0,2,0,f24f1756-81ba-473c-9127-8e7845c0a802,108BT,,0,1,1600003571376,0,0
plugin_ios_activity_recognition,"[""stationary""]",0,2,0,f24f1756-81ba-473c-9127-8e7845c0a802,108BT,supplement,0,1,1600003751376,0,0
plugin_ios_activity_recognition,"[""stationary""]",0,2,0,f24f1756-81ba-473c-9127-8e7845c0a802,108BT,,0,1,1600003751378,0,0
plugin_ios_activity_recognition,"[""stationary""]",0,2,0,f24f1756-81ba-473c-9127-8e7845c0a802,108BT,supplement,0,1,1600003931376,0,0
plugin_ios_activity_recognition,"[""stationary""]",0,2,0,f24f1756-81ba-473c-9127-8e7845c0a802,108BT,supplement,0,1,1600003931378,0,0
plugin_ios_activity_recognition,"[""stationary""]",0,2,0,f24f1756-81ba-473c-9127-8e7845c0a802,108BT,,0,1,1600003931384,0,0
plugin_ios_activity_recognition,"[""stationary""]",0,2,0,f24f1756-81ba-473c-9127-8e7845c0a802,108BT,supplement,0,1,1600004111378,0,0
plugin_ios_activity_recognition,"[""stationary""]",0,2,0,f24f1756-81ba-473c-9127-8e7845c0a802,108BT,,0,1,1600004111380,0,0
plugin_ios_activity_recognition,"[""stationary""]",0,2,0,f24f1756-81ba-473c-9127-8e7845c0a802,108BT,,0,1,1600004291379,0,0
plugin_ios_activity_recognition,"[""stationary""]",0,2,0,f24f1756-81ba-473c-9127-8e7845c0a802,108BT,supplement,0,1,1600004471379,0,0
plugin_ios_activity_recognition,"[""stationary""]",0,2,0,f24f1756-81ba-473c-9127-8e7845c0a802,108BT,,0,1,1600004471380,0,0
plugin_ios_activity_recognition,"[""stationary""]",0,2,0,f24f1756-81ba-473c-9127-8e7845c0a802,108BT,supplement,0,1,1600004651379,0,0
plugin_ios_activity_recognition,"[""stationary""]",0,2,0,f24f1756-81ba-473c-9127-8e7845c0a802,108BT,supplement,0,1,1600004651380,0,0
plugin_ios_activity_recognition,"[""stationary""]",0,2,0,f24f1756-81ba-473c-9127-8e7845c0a802,108BT,,0,1,1600004651384,0,0
plugin_ios_activity_recognition,"[""stationary""]",0,2,0,f24f1756-81ba-473c-9127-8e7845c0a802,108BT,,0,1,1600004831380,0,0
plugin_ios_activity_recognition,"[""stationary""]",0,2,0,f24f1756-81ba-473c-9127-8e7845c0a802,108BT,,0,1,1600005011380,0,0
plugin_ios_activity_recognition,"[""stationary""]",0,2,0,f24f1756-81ba-473c-9127-8e7845c0a802,108BT,,0,1,1600005191380,0,0
plugin_ios_activity_recognition,"[""stationary""]",0,2,0,f24f1756-81ba-473c-9127-8e7845c0a802,108BT,,0,1,1600005371379,0,0
plugin_ios_activity_recognition,"[""stationary""]",0,2,0,f24f1756-81ba-473c-9127-8e7845c0a802,108BT,supplement,0,1,1600005551379,0,0
plugin_ios_activity_recognition,"[""stationary""]",0,2,0,f24f1756-81ba-473c-9127-8e7845c0a802,108BT,,0,1,1600005551382,0,0
plugin_ios_activity_recognition,"[""stationary""]",0,2,0,f24f1756-81ba-473c-9127-8e7845c0a802,108BT,supplement,0,1,1600005731379,0,0
plugin_ios_activity_recognition,"[""stationary""]",0,2,0,f24f1756-81ba-473c-9127-8e7845c0a802,108BT,supplement,0,1,1600005731382,0,0
plugin_ios_activity_recognition,"[""stationary""]",0,2,0,f24f1756-81ba-473c-9127-8e7845c0a802,108BT,supplement,0,1,1600005911382,0,0
plugin_ios_activity_recognition,"[""stationary""]",0,2,0,f24f1756-81ba-473c-9127-8e7845c0a802,108BT,,0,1,1600005911452,0,0
plugin_ios_activity_recognition,"[""stationary""]",0,2,0,f24f1756-81ba-473c-9127-8e7845c0a802,108BT,,0,1,1600006091381,0,0
plugin_ios_activity_recognition,"[""stationary""]",0,2,0,f24f1756-81ba-473c-9127-8e7845c0a802,108BT,supplement,0,1,1600006091382,0,0
plugin_ios_activity_recognition,"[""stationary""]",0,2,0,f24f1756-81ba-473c-9127-8e7845c0a802,108BT,supplement,0,1,1600006271381,0,0
plugin_ios_activity_recognition,"[""stationary""]",0,2,0,f24f1756-81ba-473c-9127-8e7845c0a802,108BT,,0,1,1600006271383,0,0
plugin_ios_activity_recognition,"[""stationary""]",0,2,0,f24f1756-81ba-473c-9127-8e7845c0a802,108BT,supplement,0,1,1600006451381,0,0
plugin_ios_activity_recognition,"[""stationary""]",0,2,0,f24f1756-81ba-473c-9127-8e7845c0a802,108BT,,0,1,1600006451383,0,0
plugin_ios_activity_recognition,"[""stationary""]",0,2,0,f24f1756-81ba-473c-9127-8e7845c0a802,108BT,supplement,0,1,1600006631383,0,0
plugin_ios_activity_recognition,"[""stationary""]",0,2,0,f24f1756-81ba-473c-9127-8e7845c0a802,108BT,,0,1,1600006631386,0,0
plugin_ios_activity_recognition,"[""stationary""]",0,2,0,f24f1756-81ba-473c-9127-8e7845c0a802,108BT,supplement,0,1,1600006811383,0,0
plugin_ios_activity_recognition,"[""stationary""]",0,2,0,f24f1756-81ba-473c-9127-8e7845c0a802,108BT,,0,1,1600006811384,0,0
plugin_ios_activity_recognition,"[""stationary""]",0,2,0,f24f1756-81ba-473c-9127-8e7845c0a802,108BT,supplement,0,1,1600006991384,0,0
plugin_ios_activity_recognition,"[""stationary""]",0,2,0,f24f1756-81ba-473c-9127-8e7845c0a802,108BT,supplement,0,1,1600007171384,0,0
plugin_ios_activity_recognition,"[""stationary""]",0,2,0,f24f1756-81ba-473c-9127-8e7845c0a802,108BT,,0,1,1600007171385,0,0
plugin_ios_activity_recognition,"[""stationary""]",0,2,0,f24f1756-81ba-473c-9127-8e7845c0a802,108BT,supplement,0,1,1600007351384,0,0
plugin_ios_activity_recognition,"[""stationary""]",0,2,0,f24f1756-81ba-473c-9127-8e7845c0a802,108BT,supplement,0,1,1600007351385,0,0
plugin_ios_activity_recognition,"[""stationary""]",0,2,0,f24f1756-81ba-473c-9127-8e7845c0a802,108BT,,0,1,1600007351472,0,0
plugin_ios_activity_recognition,"[""stationary""]",0,2,0,f24f1756-81ba-473c-9127-8e7845c0a802,108BT,,0,1,1600007531385,0,0
plugin_ios_activity_recognition,"[""stationary""]",0,2,0,f24f1756-81ba-473c-9127-8e7845c0a802,108BT,,0,1,1600007711385,0,0
plugin_ios_activity_recognition,"[""stationary""]",0,2,0,f24f1756-81ba-473c-9127-8e7845c0a802,108BT,,0,1,1600007891384,0,0
plugin_ios_activity_recognition,"[""stationary""]",0,2,0,f24f1756-81ba-473c-9127-8e7845c0a802,108BT,supplement,0,1,1600007891385,0,0
plugin_ios_activity_recognition,"[""stationary""]",0,2,0,f24f1756-81ba-473c-9127-8e7845c0a802,108BT,supplement,0,1,1600008071384,0,0
plugin_ios_activity_recognition,"[""stationary""]",0,2,0,f24f1756-81ba-473c-9127-8e7845c0a802,108BT,,0,1,1600008071386,0,0
plugin_ios_activity_recognition,"[""stationary""]",0,2,0,f24f1756-81ba-473c-9127-8e7845c0a802,108BT,supplement,0,1,1600008251384,0,0
plugin_ios_activity_recognition,"[""stationary""]",0,2,0,f24f1756-81ba-473c-9127-8e7845c0a802,108BT,supplement,0,1,1600008251386,0,0
plugin_ios_activity_recognition,"[""stationary""]",0,2,0,f24f1756-81ba-473c-9127-8e7845c0a802,108BT,,0,1,1600008251387,0,0
plugin_ios_activity_recognition,"[""stationary""]",0,2,0,f24f1756-81ba-473c-9127-8e7845c0a802,108BT,supplement,0,1,1600008431386,0,0
plugin_ios_activity_recognition,"[""stationary""]",0,2,0,f24f1756-81ba-473c-9127-8e7845c0a802,108BT,,0,1,1600008431387,0,0
plugin_ios_activity_recognition,,0,2,0,f24f1756-81ba-473c-9127-8e7845c0a802,108BT,,0,0,1600008559765,0,0
plugin_ios_activity_recognition,"[""walking""]",0,1,0,f24f1756-81ba-473c-9127-8e7845c0a802,108BT,,0,0,1600008580797,0,1
plugin_ios_activity_recognition,"[""walking""]",0,2,0,f24f1756-81ba-473c-9127-8e7845c0a802,108BT,,0,0,1600008585890,0,1
plugin_ios_activity_recognition,"[""stationary""]",0,2,0,f24f1756-81ba-473c-9127-8e7845c0a802,108BT,supplement,0,1,1600008611387,0,0
plugin_ios_activity_recognition,"[""walking""]",0,2,0,f24f1756-81ba-473c-9127-8e7845c0a802,108BT,,0,0,1600008611393,0,1
plugin_ios_activity_recognition,,0,2,0,f24f1756-81ba-473c-9127-8e7845c0a802,108BT,,0,0,1600008637665,0,0
plugin_ios_activity_recognition,,0,2,0,f24f1756-81ba-473c-9127-8e7845c0a802,108BT,,0,0,1600008791485,0,0
plugin_ios_activity_recognition,,0,2,0,f24f1756-81ba-473c-9127-8e7845c0a802,108BT,,0,0,1600008971387,0,0
plugin_ios_activity_recognition,"[""walking""]",0,1,0,f24f1756-81ba-473c-9127-8e7845c0a802,108BT,,0,0,1600008995542,0,1
plugin_ios_activity_recognition,,0,2,0,f24f1756-81ba-473c-9127-8e7845c0a802,108BT,,0,0,1600008998086,0,0
plugin_ios_activity_recognition,"[""walking""]",0,1,0,f24f1756-81ba-473c-9127-8e7845c0a802,108BT,,0,0,1600009000631,0,1
plugin_ios_activity_recognition,,0,2,0,f24f1756-81ba-473c-9127-8e7845c0a802,108BT,,0,0,1600009003176,0,0
plugin_ios_activity_recognition,,0,2,0,f24f1756-81ba-473c-9127-8e7845c0a802,108BT,,0,0,1600009151383,0,0
plugin_ios_activity_recognition,"[""walking""]",0,1,0,f24f1756-81ba-473c-9127-8e7845c0a802,108BT,,0,0,1600009249964,0,1
plugin_ios_activity_recognition,"[""walking""]",0,2,0,f24f1756-81ba-473c-9127-8e7845c0a802,108BT,,0,0,1600009252509,0,1
plugin_ios_activity_recognition,,0,2,0,f24f1756-81ba-473c-9127-8e7845c0a802,108BT,,0,0,1600009303401,0,0
plugin_ios_activity_recognition,,0,2,0,f24f1756-81ba-473c-9127-8e7845c0a802,108BT,,0,0,1600009331389,0,0
plugin_ios_activity_recognition,"[""walking""]",0,1,0,f24f1756-81ba-473c-9127-8e7845c0a802,108BT,,0,0,1600009392467,0,1
plugin_ios_activity_recognition,"[""walking""]",0,2,0,f24f1756-81ba-473c-9127-8e7845c0a802,108BT,,0,0,1600009410281,0,1
plugin_ios_activity_recognition,,0,2,0,f24f1756-81ba-473c-9127-8e7845c0a802,108BT,,0,0,1600009463718,0,0
plugin_ios_activity_recognition,"[""stationary""]",0,2,0,f24f1756-81ba-473c-9127-8e7845c0a802,108BT,,0,1,1600009475122,0,0
plugin_ios_activity_recognition,"[""stationary""]",0,2,0,f24f1756-81ba-473c-9127-8e7845c0a802,108BT,,0,1,1600009511421,0,0
plugin_ios_activity_recognition,,0,2,0,f24f1756-81ba-473c-9127-8e7845c0a802,108BT,,0,0,1600009530984,0,0
plugin_ios_activity_recognition,"[""walking""]",0,1,0,f24f1756-81ba-473c-9127-8e7845c0a802,108BT,,0,0,1600009542486,0,1
plugin_ios_activity_recognition,"[""walking""]",0,2,0,f24f1756-81ba-473c-9127-8e7845c0a802,108BT,,0,0,1600009555206,0,1
plugin_ios_activity_recognition,,0,2,0,f24f1756-81ba-473c-9127-8e7845c0a802,108BT,,0,0,1600009618831,0,0
plugin_ios_activity_recognition,"[""walking""]",0,1,0,f24f1756-81ba-473c-9127-8e7845c0a802,108BT,,0,0,1600009690098,0,1
plugin_ios_activity_recognition,"[""walking""]",0,1,0,f24f1756-81ba-473c-9127-8e7845c0a802,108BT,,0,0,1600009691416,0,1
plugin_ios_activity_recognition,"[""walking""]",0,2,0,f24f1756-81ba-473c-9127-8e7845c0a802,108BT,,0,0,1600009692643,0,1
plugin_ios_activity_recognition,"[""stationary""]",0,2,0,f24f1756-81ba-473c-9127-8e7845c0a802,108BT,,0,1,1600009727262,0,0
plugin_ios_activity_recognition,"[""walking""]",0,2,0,f24f1756-81ba-473c-9127-8e7845c0a802,108BT,,0,0,1600009729484,0,1
plugin_ios_activity_recognition,,0,2,0,f24f1756-81ba-473c-9127-8e7845c0a802,108BT,,0,0,1600009756229,0,0
plugin_ios_activity_recognition,"[""stationary""]",0,2,0,f24f1756-81ba-473c-9127-8e7845c0a802,108BT,,0,1,1600009802034,0,0
plugin_ios_activity_recognition,"[""stationary""]",0,2,0,f24f1756-81ba-473c-9127-8e7845c0a802,108BT,,0,1,1600009871388,0,0
plugin_ios_activity_recognition,,0,2,0,f24f1756-81ba-473c-9127-8e7845c0a802,108BT,,0,0,1600009987600,0,0
plugin_ios_activity_recognition,"[""walking""]",0,2,0,f24f1756-81ba-473c-9127-8e7845c0a802,108BT,,0,0,1600010016274,0,1
plugin_ios_activity_recognition,"[""stationary""]",0,2,0,f24f1756-81ba-473c-9127-8e7845c0a802,108BT,,0,1,1600010034340,0,0
plugin_ios_activity_recognition,"[""stationary""]",0,2,0,f24f1756-81ba-473c-9127-8e7845c0a802,108BT,,0,1,1600010051387,0,0
plugin_ios_activity_recognition,,0,2,0,f24f1756-81ba-473c-9127-8e7845c0a802,108BT,,0,0,1600010150019,0,0
plugin_ios_activity_recognition,"[""walking""]",0,1,0,f24f1756-81ba-473c-9127-8e7845c0a802,108BT,,0,0,1600010153879,0,1
plugin_ios_activity_recognition,"[""walking""]",0,2,0,f24f1756-81ba-473c-9127-8e7845c0a802,108BT,,0,0,1600010168766,0,1
plugin_ios_activity_recognition,"[""stationary""]",0,2,0,f24f1756-81ba-473c-9127-8e7845c0a802,108BT,,0,1,1600010173522,0,0
plugin_ios_activity_recognition,,0,2,0,f24f1756-81ba-473c-9127-8e7845c0a802,108BT,,0,0,1600010224237,0,0
plugin_ios_activity_recognition,"[""walking""]",0,1,0,f24f1756-81ba-473c-9127-8e7845c0a802,108BT,,0,0,1600010227789,0,1
plugin_ios_activity_recognition,"[""walking""]",0,1,0,f24f1756-81ba-473c-9127-8e7845c0a802,108BT,,0,0,1600010231482,0,1
plugin_ios_activity_recognition,"[""stationary""]",0,2,0,f24f1756-81ba-473c-9127-8e7845c0a802,108BT,,0,1,1600010238226,0,0
plugin_ios_activity_recognition,"[""stationary""]",0,2,0,f24f1756-81ba-473c-9127-8e7845c0a802,108BT,,0,1,1600010411411,0,0
plugin_ios_activity_recognition,,0,2,0,f24f1756-81ba-473c-9127-8e7845c0a802,108BT,,0,0,1600010419049,0,0
plugin_ios_activity_recognition,"[""stationary""]",0,2,0,f24f1756-81ba-473c-9127-8e7845c0a802,108BT,,0,1,1600010422538,0,0
plugin_ios_activity_recognition,"[""stationary""]",0,2,0,f24f1756-81ba-473c-9127-8e7845c0a802,108BT,,0,1,1600010591387,0,0
plugin_ios_activity_recognition,"[""stationary""]",0,2,0,f24f1756-81ba-473c-9127-8e7845c0a802,108BT,supplement,0,1,1600010771387,0,0
plugin_ios_activity_recognition,"[""stationary""]",0,2,0,f24f1756-81ba-473c-9127-8e7845c0a802,108BT,supplement,0,1,1600010951387,0,0
plugin_ios_activity_recognition,"[""stationary""]",0,2,0,f24f1756-81ba-473c-9127-8e7845c0a802,108BT,,0,1,1600010951455,0,0
plugin_ios_activity_recognition,,0,2,0,f24f1756-81ba-473c-9127-8e7845c0a802,108BT,,0,0,1600011045054,0,0
plugin_ios_activity_recognition,"[""walking""]",0,1,0,f24f1756-81ba-473c-9127-8e7845c0a802,108BT,,0,0,1600011048604,0,1
plugin_ios_activity_recognition,"[""walking""]",0,2,0,f24f1756-81ba-473c-9127-8e7845c0a802,108BT,,0,0,1600011066402,0,1
plugin_ios_activity_recognition,,0,2,0,f24f1756-81ba-473c-9127-8e7845c0a802,108BT,,0,0,1600011114736,0,0
plugin_ios_activity_recognition,"[""stationary""]",0,2,0,f24f1756-81ba-473c-9127-8e7845c0a802,108BT,supplement,0,1,1600011131387,0,0
plugin_ios_activity_recognition,,0,2,0,f24f1756-81ba-473c-9127-8e7845c0a802,108BT,,0,0,1600011131446,0,0
plugin_ios_activity_recognition,"[""stationary""]",0,2,0,f24f1756-81ba-473c-9127-8e7845c0a802,108BT,,0,1,1600011217403,0,0
plugin_ios_activity_recognition,,0,2,0,f24f1756-81ba-473c-9127-8e7845c0a802,108BT,,0,0,1600011225671,0,0
plugin_ios_activity_recognition,"[""stationary""]",0,2,0,f24f1756-81ba-473c-9127-8e7845c0a802,108BT,,0,1,1600011236154,0,0
plugin_ios_activity_recognition,,0,2,0,f24f1756-81ba-473c-9127-8e7845c0a802,108BT,,0,0,1600011249147,0,0
plugin_ios_activity_recognition,"[""walking""]",0,1,0,f24f1756-81ba-473c-9127-8e7845c0a802,108BT,,0,0,1600011275207,0,1
plugin_ios_activity_recognition,"[""walking""]",0,2,0,f24f1756-81ba-473c-9127-8e7845c0a802,108BT,,0,0,1600011278072,0,1
plugin_ios_activity_recognition,,0,2,0,f24f1756-81ba-473c-9127-8e7845c0a802,108BT,,0,0,1600011285704,0,0
plugin_ios_activity_recognition,"[""stationary""]",0,2,0,f24f1756-81ba-473c-9127-8e7845c0a802,108BT,,0,1,1600011297470,0,0
plugin_ios_activity_recognition,,0,2,0,f24f1756-81ba-473c-9127-8e7845c0a802,108BT,,0,0,1600011298741,0,0
plugin_ios_activity_recognition,"[""stationary""]",0,2,0,f24f1756-81ba-473c-9127-8e7845c0a802,108BT,,0,1,1600011309220,0,0
plugin_ios_activity_recognition,"[""stationary""]",0,2,0,f24f1756-81ba-473c-9127-8e7845c0a802,108BT,,0,1,1600011311387,0,0
plugin_ios_activity_recognition,,0,2,0,f24f1756-81ba-473c-9127-8e7845c0a802,108BT,,0,0,1600011313975,0,0
plugin_ios_activity_recognition,"[""walking""]",0,1,0,f24f1756-81ba-473c-9127-8e7845c0a802,108BT,,0,0,1600011320703,0,1
plugin_ios_activity_recognition,"[""stationary""]",0,2,0,f24f1756-81ba-473c-9127-8e7845c0a802,108BT,,0,1,1600011340681,0,0
plugin_ios_activity_recognition,,0,2,0,f24f1756-81ba-473c-9127-8e7845c0a802,108BT,,0,0,1600011400088,0,0
plugin_ios_activity_recognition,"[""walking""]",0,1,0,f24f1756-81ba-473c-9127-8e7845c0a802,108BT,,0,0,1600011404905,0,1
plugin_ios_activity_recognition,"[""walking""]",0,2,0,f24f1756-81ba-473c-9127-8e7845c0a802,108BT,,0,0,1600011415084,0,1
plugin_ios_activity_recognition,"[""stationary""]",0,2,0,f24f1756-81ba-473c-9127-8e7845c0a802,108BT,,0,1,1600011434099,0,0
plugin_ios_activity_recognition,"[""stationary""]",0,2,0,f24f1756-81ba-473c-9127-8e7845c0a802,108BT,,0,1,1600011491386,0,0
plugin_ios_activity_recognition,"[""stationary""]",0,2,0,f24f1756-81ba-473c-9127-8e7845c0a802,108BT,supplement,0,1,1600011671386,0,0
plugin_ios_activity_recognition,"[""stationary""]",0,2,0,f24f1756-81ba-473c-9127-8e7845c0a802,108BT,,0,1,1600011671454,0,0
plugin_ios_activity_recognition,,0,2,0,f24f1756-81ba-473c-9127-8e7845c0a802,108BT,,0,0,1600011796987,0,0
plugin_ios_activity_recognition,"[""walking""]",0,1,0,f24f1756-81ba-473c-9127-8e7845c0a802,108BT,,0,0,1600011800861,0,1
plugin_ios_activity_recognition,"[""walking""]",0,2,0,f24f1756-81ba-473c-9127-8e7845c0a802,108BT,,0,0,1600011805243,0,1
plugin_ios_activity_recognition,"[""stationary""]",0,2,0,f24f1756-81ba-473c-9127-8e7845c0a802,108BT,,0,1,1600011811911,0,0
plugin_ios_activity_recognition,"[""walking""]",0,2,0,f24f1756-81ba-473c-9127-8e7845c0a802,108BT,,0,0,1600011819854,0,1
plugin_ios_activity_recognition,"[""stationary""]",0,2,0,f24f1756-81ba-473c-9127-8e7845c0a802,108BT,supplement,0,1,1600011851386,0,0
plugin_ios_activity_recognition,"[""walking""]",0,2,0,f24f1756-81ba-473c-9127-8e7845c0a802,108BT,,0,0,1600011851445,0,1
plugin_ios_activity_recognition,"[""stationary""]",0,2,0,f24f1756-81ba-473c-9127-8e7845c0a802,108BT,,0,1,1600011872956,0,0
plugin_ios_activity_recognition,"[""walking""]",0,2,0,f24f1756-81ba-473c-9127-8e7845c0a802,108BT,,0,0,1600011886621,0,1
plugin_ios_activity_recognition,"[""stationary""]",0,2,0,f24f1756-81ba-473c-9127-8e7845c0a802,108BT,,0,1,1600011898693,0,0
plugin_ios_activity_recognition,,0,2,0,f24f1756-81ba-473c-9127-8e7845c0a802,108BT,,0,0,1600011902554,0,0
plugin_ios_activity_recognition,"[""walking""]",0,1,0,f24f1756-81ba-473c-9127-8e7845c0a802,108BT,,0,0,1600011905100,0,1
plugin_ios_activity_recognition,"[""walking""]",0,2,0,f24f1756-81ba-473c-9127-8e7845c0a802,108BT,,0,0,1600011935624,0,1
plugin_ios_activity_recognition,"[""stationary""]",0,2,0,f24f1756-81ba-473c-9127-8e7845c0a802,108BT,,0,1,1600011961653,0,0
plugin_ios_activity_recognition,"[""walking""]",0,2,0,f24f1756-81ba-473c-9127-8e7845c0a802,108BT,,0,0,1600011998662,0,1
plugin_ios_activity_recognition,,0,2,0,f24f1756-81ba-473c-9127-8e7845c0a802,108BT,,0,0,1600012027326,0,0
plugin_ios_activity_recognition,,0,2,0,f24f1756-81ba-473c-9127-8e7845c0a802,108BT,,0,0,1600012031394,0,0
plugin_ios_activity_recognition,,0,2,0,f24f1756-81ba-473c-9127-8e7845c0a802,108BT,supplement,0,0,1600012211394,0,0
plugin_ios_activity_recognition,,0,2,0,f24f1756-81ba-473c-9127-8e7845c0a802,108BT,,0,0,1600012211466,0,0
plugin_ios_activity_recognition,,0,2,0,f24f1756-81ba-473c-9127-8e7845c0a802,108BT,supplement,0,0,1600012391394,0,0
plugin_ios_activity_recognition,,0,2,0,f24f1756-81ba-473c-9127-8e7845c0a802,108BT,supplement,0,0,1600012391466,0,0
plugin_ios_activity_recognition,,0,2,0,f24f1756-81ba-473c-9127-8e7845c0a802,108BT,,0,0,1600012391483,0,0
plugin_ios_activity_recognition,"[""walking""]",0,1,0,f24f1756-81ba-473c-9127-8e7845c0a802,108BT,,0,0,1600012406409,0,1
plugin_ios_activity_recognition,"[""walking""]",0,2,0,f24f1756-81ba-473c-9127-8e7845c0a802,108BT,,0,0,1600012408950,0,1
plugin_ios_activity_recognition,,0,2,0,f24f1756-81ba-473c-9127-8e7845c0a802,108BT,,0,0,1600012485879,0,0
plugin_ios_activity_recognition,,0,2,0,f24f1756-81ba-473c-9127-8e7845c0a802,108BT,,0,0,1600012571386,0,0
plugin_ios_activity_recognition,,0,2,0,f24f1756-81ba-473c-9127-8e7845c0a802,108BT,supplement,0,0,1600012571466,0,0
plugin_ios_activity_recognition,"[""stationary""]",0,2,0,f24f1756-81ba-473c-9127-8e7845c0a802,108BT,,0,1,1600012718135,0,0
plugin_ios_activity_recognition,"[""stationary""]",0,2,0,f24f1756-81ba-473c-9127-8e7845c0a802,108BT,,0,1,1600012751385,0,0
plugin_ios_activity_recognition,,0,2,0,f24f1756-81ba-473c-9127-8e7845c0a802,108BT,,0,0,1600012779223,0,0
plugin_ios_activity_recognition,"[""stationary""]",0,2,0,f24f1756-81ba-473c-9127-8e7845c0a802,108BT,,0,1,1600012798618,0,0
plugin_ios_activity_recognition,,0,2,0,f24f1756-81ba-473c-9127-8e7845c0a802,108BT,,0,0,1600012841702,0,0
plugin_ios_activity_recognition,"[""stationary""]",0,2,0,f24f1756-81ba-473c-9127-8e7845c0a802,108BT,,0,1,1600012846424,0,0
plugin_ios_activity_recognition,,0,2,0,f24f1756-81ba-473c-9127-8e7845c0a802,108BT,,0,0,1600012867740,0,0
plugin_ios_activity_recognition,"[""walking""]",0,1,0,f24f1756-81ba-473c-9127-8e7845c0a802,108BT,,0,0,1600012872240,0,1
plugin_ios_activity_recognition,"[""walking""]",0,2,0,f24f1756-81ba-473c-9127-8e7845c0a802,108BT,,0,0,1600012905334,0,1
plugin_ios_activity_recognition,"[""walking""]",0,2,0,f24f1756-81ba-473c-9127-8e7845c0a802,108BT,,0,0,1600012931377,0,1
plugin_ios_activity_recognition,"[""stationary""]",0,2,0,f24f1756-81ba-473c-9127-8e7845c0a802,108BT,,0,1,1600012945675,0,0
plugin_ios_activity_recognition,,0,2,0,f24f1756-81ba-473c-9127-8e7845c0a802,108BT,,0,0,1600013005925,0,0
plugin_ios_activity_recognition,"[""stationary""]",0,2,0,f24f1756-81ba-473c-9127-8e7845c0a802,108BT,,0,1,1600013020867,0,0
plugin_ios_activity_recognition,,0,2,0,f24f1756-81ba-473c-9127-8e7845c0a802,108BT,,0,0,1600013046055,0,0
plugin_ios_activity_recognition,"[""walking""]",0,1,0,f24f1756-81ba-473c-9127-8e7845c0a802,108BT,,0,0,1600013050556,0,1
plugin_ios_activity_recognition,"[""walking""]",0,2,0,f24f1756-81ba-473c-9127-8e7845c0a802,108BT,,0,0,1600013070911,0,1
plugin_ios_activity_recognition,"[""walking""]",0,2,0,f24f1756-81ba-473c-9127-8e7845c0a802,108BT,,0,0,1600013111473,0,1
plugin_ios_activity_recognition,"[""stationary""]",0,2,0,f24f1756-81ba-473c-9127-8e7845c0a802,108BT,,0,1,1600013193893,0,0
plugin_ios_activity_recognition,,0,2,0,f24f1756-81ba-473c-9127-8e7845c0a802,108BT,,0,0,1600013194529,0,0
plugin_ios_activity_recognition,"[""stationary""]",0,2,0,f24f1756-81ba-473c-9127-8e7845c0a802,108BT,,0,1,1600013200254,0,0
plugin_ios_activity_recognition,,0,2,0,f24f1756-81ba-473c-9127-8e7845c0a802,108BT,,0,0,1600013209454,0,0
plugin_ios_activity_recognition,,0,2,0,f24f1756-81ba-473c-9127-8e7845c0a802,108BT,,0,0,1600013291436,0,0
plugin_ios_activity_recognition,"[""automotive""]",1,2,0,f24f1756-81ba-473c-9127-8e7845c0a802,108BT,,0,0,1600013325280,0,0
plugin_ios_activity_recognition,"[""automotive""]",1,2,0,f24f1756-81ba-473c-9127-8e7845c0a802,108BT,,0,0,1600013353278,0,0
plugin_ios_activity_recognition,"[""automotive""]",1,2,0,f24f1756-81ba-473c-9127-8e7845c0a802,108BT,,0,0,1600013355823,0,0
plugin_ios_activity_recognition,"[""automotive""]",1,2,0,f24f1756-81ba-473c-9127-8e7845c0a802,108BT,,0,0,1600013416910,0,0
plugin_ios_activity_recognition,"[""automotive""]",1,2,0,f24f1756-81ba-473c-9127-8e7845c0a802,108BT,,0,0,1600013471372,0,0
plugin_ios_activity_recognition,"[""automotive""]",1,2,0,f24f1756-81ba-473c-9127-8e7845c0a802,108BT,,0,0,1600013485629,0,0
plugin_ios_activity_recognition,"[""automotive""]",1,2,0,f24f1756-81ba-473c-9127-8e7845c0a802,108BT,,0,0,1600013521251,0,0
plugin_ios_activity_recognition,"[""automotive""]",1,2,0,f24f1756-81ba-473c-9127-8e7845c0a802,108BT,,0,0,1600013526342,0,0
plugin_ios_activity_recognition,"[""automotive""]",1,2,0,f24f1756-81ba-473c-9127-8e7845c0a802,108BT,,0,0,1600013531428,0,0
plugin_ios_activity_recognition,"[""automotive""]",1,2,0,f24f1756-81ba-473c-9127-8e7845c0a802,108BT,,0,0,1600013544152,0,0
plugin_ios_activity_recognition,"[""automotive""]",1,2,0,f24f1756-81ba-473c-9127-8e7845c0a802,108BT,,0,0,1600013549242,0,0
plugin_ios_activity_recognition,"[""automotive""]",1,2,0,f24f1756-81ba-473c-9127-8e7845c0a802,108BT,,0,0,1600013608043,0,0
plugin_ios_activity_recognition,"[""automotive""]",1,2,0,f24f1756-81ba-473c-9127-8e7845c0a802,108BT,,0,0,1600013623037,0,0
plugin_ios_activity_recognition,"[""automotive""]",1,2,0,f24f1756-81ba-473c-9127-8e7845c0a802,108BT,,0,0,1600013651367,0,0
plugin_ios_activity_recognition,"[""automotive""]",1,2,0,f24f1756-81ba-473c-9127-8e7845c0a802,108BT,,0,0,1600013671381,0,0
plugin_ios_activity_recognition,"[""automotive""]",1,2,0,f24f1756-81ba-473c-9127-8e7845c0a802,108BT,,0,0,1600013679012,0,0
plugin_ios_activity_recognition,"[""automotive""]",1,2,0,f24f1756-81ba-473c-9127-8e7845c0a802,108BT,,0,0,1600013737534,0,0
plugin_ios_activity_recognition,"[""automotive""]",1,2,0,f24f1756-81ba-473c-9127-8e7845c0a802,108BT,,0,0,1600013740079,0,0
plugin_ios_activity_recognition,"[""automotive""]",1,2,0,f24f1756-81ba-473c-9127-8e7845c0a802,108BT,,0,0,1600013801139,0,0
plugin_ios_activity_recognition,"[""automotive""]",1,2,0,f24f1756-81ba-473c-9127-8e7845c0a802,108BT,,0,0,1600013803684,0,0
plugin_ios_activity_recognition,"[""automotive""]",1,2,0,f24f1756-81ba-473c-9127-8e7845c0a802,108BT,,0,0,1600013831394,0,0
plugin_ios_activity_recognition,"[""automotive""]",1,2,0,f24f1756-81ba-473c-9127-8e7845c0a802,108BT,,0,0,1600013839317,0,0
plugin_ios_activity_recognition,,0,2,0,f24f1756-81ba-473c-9127-8e7845c0a802,108BT,,0,0,1600013867312,0,0
plugin_ios_activity_recognition,"[""walking""]",0,2,0,f24f1756-81ba-473c-9127-8e7845c0a802,108BT,,0,0,1600013869856,0,1
plugin_ios_activity_recognition,"[""automotive""]",1,2,0,f24f1756-81ba-473c-9127-8e7845c0a802,108BT,,0,0,1600013880047,0,0
plugin_ios_activity_recognition,"[""automotive""]",1,2,0,f24f1756-81ba-473c-9127-8e7845c0a802,108BT,,0,0,1600013928407,0,0
plugin_ios_activity_recognition,"[""automotive""]",1,2,0,f24f1756-81ba-473c-9127-8e7845c0a802,108BT,,0,0,1600013941128,0,0
plugin_ios_activity_recognition,"[""automotive""]",1,2,0,f24f1756-81ba-473c-9127-8e7845c0a802,108BT,,0,0,1600013958941,0,0
plugin_ios_activity_recognition,"[""automotive""]",1,2,0,f24f1756-81ba-473c-9127-8e7845c0a802,108BT,,0,0,1600013992020,0,0
plugin_ios_activity_recognition,"[""automotive""]",1,2,0,f24f1756-81ba-473c-9127-8e7845c0a802,108BT,,0,0,1600013997107,0,0
plugin_ios_activity_recognition,"[""automotive""]",1,2,0,f24f1756-81ba-473c-9127-8e7845c0a802,108BT,,0,0,1600014011369,0,0
plugin_ios_activity_recognition,"[""automotive""]",1,2,0,f24f1756-81ba-473c-9127-8e7845c0a802,108BT,,0,0,1600014020010,0,0
plugin_ios_activity_recognition,"[""automotive""]",1,2,0,f24f1756-81ba-473c-9127-8e7845c0a802,108BT,,0,0,1600014030186,0,0
plugin_ios_activity_recognition,"[""automotive""]",1,2,0,f24f1756-81ba-473c-9127-8e7845c0a802,108BT,,0,0,1600014055631,0,0
plugin_ios_activity_recognition,"[""automotive""]",1,2,0,f24f1756-81ba-473c-9127-8e7845c0a802,108BT,,0,0,1600014060719,0,0
plugin_ios_activity_recognition,"[""automotive""]",1,2,0,f24f1756-81ba-473c-9127-8e7845c0a802,108BT,,0,0,1600014119243,0,0
plugin_ios_activity_recognition,"[""automotive""]",1,2,0,f24f1756-81ba-473c-9127-8e7845c0a802,108BT,,0,0,1600014124333,0,0
plugin_ios_activity_recognition,"[""automotive""]",1,2,0,f24f1756-81ba-473c-9127-8e7845c0a802,108BT,,0,0,1600014149782,0,0
plugin_ios_activity_recognition,"[""automotive""]",1,2,0,f24f1756-81ba-473c-9127-8e7845c0a802,108BT,,0,0,1600014165048,0,0
plugin_ios_activity_recognition,"[""automotive""]",1,2,0,f24f1756-81ba-473c-9127-8e7845c0a802,108BT,,0,0,1600014185406,0,0
plugin_ios_activity_recognition,"[""automotive""]",1,2,0,f24f1756-81ba-473c-9127-8e7845c0a802,108BT,,0,0,1600014187955,0,0
plugin_ios_activity_recognition,"[""automotive""]",1,2,0,f24f1756-81ba-473c-9127-8e7845c0a802,108BT,,0,0,1600014191367,0,0
plugin_ios_activity_recognition,"[""automotive""]",1,2,0,f24f1756-81ba-473c-9127-8e7845c0a802,108BT,,0,0,1600014249019,0,0
plugin_ios_activity_recognition,"[""automotive""]",1,2,0,f24f1756-81ba-473c-9127-8e7845c0a802,108BT,,0,0,1600014251565,0,0
plugin_ios_activity_recognition,"[""automotive""]",1,2,0,f24f1756-81ba-473c-9127-8e7845c0a802,108BT,,0,0,1600014274466,0,0
plugin_ios_activity_recognition,"[""automotive""]",1,2,0,f24f1756-81ba-473c-9127-8e7845c0a802,108BT,,0,0,1600014279554,0,0
plugin_ios_activity_recognition,"[""automotive""]",1,2,0,f24f1756-81ba-473c-9127-8e7845c0a802,108BT,,0,0,1600014312634,0,0
plugin_ios_activity_recognition,"[""automotive""]",1,2,0,f24f1756-81ba-473c-9127-8e7845c0a802,108BT,,0,0,1600014330445,0,0
plugin_ios_activity_recognition,"[""automotive""]",1,1,0,f24f1756-81ba-473c-9127-8e7845c0a802,108BT,,0,0,1600014340628,0,0
plugin_ios_activity_recognition,,0,2,0,f24f1756-81ba-473c-9127-8e7845c0a802,108BT,,0,0,1600014343172,0,0
plugin_ios_activity_recognition,"[""walking""]",0,1,0,f24f1756-81ba-473c-9127-8e7845c0a802,108BT,,0,0,1600014345717,0,1
plugin_ios_activity_recognition,,0,2,0,f24f1756-81ba-473c-9127-8e7845c0a802,108BT,,0,0,1600014350807,0,0
plugin_ios_activity_recognition,"[""automotive""]",1,2,0,f24f1756-81ba-473c-9127-8e7845c0a802,108BT,,0,0,1600014353350,0,0
plugin_ios_activity_recognition,"[""automotive""]",1,2,0,f24f1756-81ba-473c-9127-8e7845c0a802,108BT,,0,0,1600014371368,0,0
plugin_ios_activity_recognition,"[""automotive""]",1,2,0,f24f1756-81ba-473c-9127-8e7845c0a802,108BT,,0,0,1600014376252,0,0
plugin_ios_activity_recognition,"[""automotive""]",1,2,0,f24f1756-81ba-473c-9127-8e7845c0a802,108BT,,0,0,1600014381342,0,0
plugin_ios_activity_recognition,"[""automotive""]",1,2,0,f24f1756-81ba-473c-9127-8e7845c0a802,108BT,,0,0,1600014434779,0,0
plugin_ios_activity_recognition,"[""automotive""]",1,2,0,f24f1756-81ba-473c-9127-8e7845c0a802,108BT,,0,0,1600014439865,0,0
plugin_ios_activity_recognition,"[""automotive""]",1,2,0,f24f1756-81ba-473c-9127-8e7845c0a802,108BT,,0,0,1600014444953,0,0
plugin_ios_activity_recognition,"[""automotive""]",1,2,0,f24f1756-81ba-473c-9127-8e7845c0a802,108BT,,0,0,1600014503474,0,0
plugin_ios_activity_recognition,"[""automotive""]",1,2,0,f24f1756-81ba-473c-9127-8e7845c0a802,108BT,,0,0,1600014521284,0,0
plugin_ios_activity_recognition,"[""automotive""]",1,2,0,f24f1756-81ba-473c-9127-8e7845c0a802,108BT,,0,0,1600014551391,0,0
plugin_ios_activity_recognition,"[""automotive""]",1,2,0,f24f1756-81ba-473c-9127-8e7845c0a802,108BT,,0,0,1600014569631,0,0
plugin_ios_activity_recognition,"[""automotive""]",1,2,0,f24f1756-81ba-473c-9127-8e7845c0a802,108BT,,0,0,1600014572176,0,0
plugin_ios_activity_recognition,"[""automotive""]",1,2,0,f24f1756-81ba-473c-9127-8e7845c0a802,108BT,,0,0,1600014592529,0,0
plugin_ios_activity_recognition,"[""stationary"",""automotive""]",1,2,0,f24f1756-81ba-473c-9127-8e7845c0a802,108BT,,0,1,1600014658679,0,0
plugin_ios_activity_recognition,"[""automotive""]",1,2,0,f24f1756-81ba-473c-9127-8e7845c0a802,108BT,,0,0,1600014664996,0,0
plugin_ios_activity_recognition,"[""stationary"",""automotive""]",1,2,0,f24f1756-81ba-473c-9127-8e7845c0a802,108BT,,0,1,1600014679946,0,0
plugin_ios_activity_recognition,"[""automotive""]",1,2,0,f24f1756-81ba-473c-9127-8e7845c0a802,108BT,,0,0,1600014712112,0,0
plugin_ios_activity_recognition,"[""stationary"",""automotive""]",1,2,0,f24f1756-81ba-473c-9127-8e7845c0a802,108BT,,0,1,1600014722290,0,0
plugin_ios_activity_recognition,"[""stationary"",""automotive""]",1,2,0,f24f1756-81ba-473c-9127-8e7845c0a802,108BT,,0,1,1600014731367,0,0
plugin_ios_activity_recognition,"[""automotive""]",1,2,0,f24f1756-81ba-473c-9127-8e7845c0a802,108BT,,0,0,1600014733378,0,0
plugin_ios_activity_recognition,"[""stationary"",""automotive""]",1,2,0,f24f1756-81ba-473c-9127-8e7845c0a802,108BT,,0,1,1600014805910,0,0
plugin_ios_activity_recognition,"[""automotive""]",1,2,0,f24f1756-81ba-473c-9127-8e7845c0a802,108BT,,0,0,1600014809726,0,0
plugin_ios_activity_recognition,"[""automotive""]",1,2,0,f24f1756-81ba-473c-9127-8e7845c0a802,108BT,,0,0,1600014911365,0,0
plugin_ios_activity_recognition,"[""stationary"",""automotive""]",1,2,0,f24f1756-81ba-473c-9127-8e7845c0a802,108BT,,0,1,1600014925186,0,0
plugin_ios_activity_recognition,"[""automotive""]",1,2,0,f24f1756-81ba-473c-9127-8e7845c0a802,108BT,,0,0,1600014933138,0,0
plugin_ios_activity_recognition,"[""automotive""]",1,2,0,f24f1756-81ba-473c-9127-8e7845c0a802,108BT,,0,0,1600015091360,0,0
plugin_ios_activity_recognition,"[""stationary"",""automotive""]",1,2,0,f24f1756-81ba-473c-9127-8e7845c0a802,108BT,,0,1,1600015132912,0,0
plugin_ios_activity_recognition,"[""automotive""]",1,2,0,f24f1756-81ba-473c-9127-8e7845c0a802,108BT,,0,0,1600015165673,0,0
plugin_ios_activity_recognition,"[""stationary"",""automotive""]",1,2,0,f24f1756-81ba-473c-9127-8e7845c0a802,108BT,,0,1,1600015190526,0,0
plugin_ios_activity_recognition,"[""automotive""]",1,2,0,f24f1756-81ba-473c-9127-8e7845c0a802,108BT,,0,0,1600015218154,0,0
plugin_ios_activity_recognition,"[""stationary"",""automotive""]",1,2,0,f24f1756-81ba-473c-9127-8e7845c0a802,108BT,,0,1,1600015223879,0,0
plugin_ios_activity_recognition,"[""automotive""]",1,2,0,f24f1756-81ba-473c-9127-8e7845c0a802,108BT,,0,0,1600015234056,0,0
plugin_ios_activity_recognition,"[""automotive""]",1,2,0,f24f1756-81ba-473c-9127-8e7845c0a802,108BT,,0,0,1600015271389,0,0
plugin_ios_activity_recognition,"[""stationary"",""automotive""]",1,2,0,f24f1756-81ba-473c-9127-8e7845c0a802,108BT,,0,1,1600015282719,0,0
plugin_ios_activity_recognition,"[""automotive""]",1,2,0,f24f1756-81ba-473c-9127-8e7845c0a802,108BT,,0,0,1600015285264,0,0
plugin_ios_activity_recognition,"[""stationary"",""automotive""]",1,2,0,f24f1756-81ba-473c-9127-8e7845c0a802,108BT,,0,1,1600015291943,0,0
plugin_ios_activity_recognition,"[""automotive""]",1,2,0,f24f1756-81ba-473c-9127-8e7845c0a802,108BT,,0,0,1600015293215,0,0
plugin_ios_activity_recognition,"[""stationary"",""automotive""]",1,2,0,f24f1756-81ba-473c-9127-8e7845c0a802,108BT,,0,1,1600015328838,0,0
plugin_ios_activity_recognition,"[""automotive""]",1,2,0,f24f1756-81ba-473c-9127-8e7845c0a802,108BT,,0,0,1600015330471,0,0
plugin_ios_activity_recognition,"[""stationary"",""automotive""]",1,2,0,f24f1756-81ba-473c-9127-8e7845c0a802,108BT,,0,1,1600015339970,0,0
plugin_ios_activity_recognition,"[""automotive""]",1,2,0,f24f1756-81ba-473c-9127-8e7845c0a802,108BT,,0,0,1600015345738,0,0
plugin_ios_activity_recognition,"[""stationary"",""automotive""]",1,2,0,f24f1756-81ba-473c-9127-8e7845c0a802,108BT,,0,1,1600015427177,0,0
plugin_ios_activity_recognition,"[""automotive""]",1,2,0,f24f1756-81ba-473c-9127-8e7845c0a802,108BT,,0,0,1600015435722,0,0
plugin_ios_activity_recognition,"[""automotive""]",1,2,0,f24f1756-81ba-473c-9127-8e7845c0a802,108BT,,0,0,1600015451366,0,0
plugin_ios_activity_recognition,"[""stationary"",""automotive""]",1,2,0,f24f1756-81ba-473c-9127-8e7845c0a802,108BT,,0,1,1600015469121,0,0
plugin_ios_activity_recognition,"[""automotive""]",1,2,0,f24f1756-81ba-473c-9127-8e7845c0a802,108BT,,0,0,1600015474847,0,0
plugin_ios_activity_recognition,"[""stationary""]",0,2,0,f24f1756-81ba-473c-9127-8e7845c0a802,108BT,,0,1,1600015609710,0,0
plugin_ios_activity_recognition,,0,2,0,f24f1756-81ba-473c-9127-8e7845c0a802,108BT,,0,0,1600015612254,0,0
plugin_ios_activity_recognition,,0,2,0,f24f1756-81ba-473c-9127-8e7845c0a802,108BT,,0,0,1600015631364,0,0
plugin_ios_activity_recognition,"[""stationary""]",0,2,0,f24f1756-81ba-473c-9127-8e7845c0a802,108BT,,0,1,1600015650422,0,0
plugin_ios_activity_recognition,,0,2,0,f24f1756-81ba-473c-9127-8e7845c0a802,108BT,,0,0,1600015652330,0,0
plugin_ios_activity_recognition,"[""stationary""]",0,2,0,f24f1756-81ba-473c-9127-8e7845c0a802,108BT,,0,1,1600015686045,0,0
plugin_ios_activity_recognition,,0,2,0,f24f1756-81ba-473c-9127-8e7845c0a802,108BT,,0,0,1600015691134,0,0
plugin_ios_activity_recognition,"[""stationary""]",0,2,0,f24f1756-81ba-473c-9127-8e7845c0a802,108BT,,0,1,1600015737891,0,0
plugin_ios_activity_recognition,,0,2,0,f24f1756-81ba-473c-9127-8e7845c0a802,108BT,,0,0,1600015739163,0,0
plugin_ios_activity_recognition,"[""stationary""]",0,2,0,f24f1756-81ba-473c-9127-8e7845c0a802,108BT,,0,1,1600015770693,0,0
plugin_ios_activity_recognition,,0,2,0,f24f1756-81ba-473c-9127-8e7845c0a802,108BT,,0,0,1600015774150,0,0
plugin_ios_activity_recognition,"[""stationary""]",0,2,0,f24f1756-81ba-473c-9127-8e7845c0a802,108BT,,0,1,1600015779239,0,0
plugin_ios_activity_recognition,,0,2,0,f24f1756-81ba-473c-9127-8e7845c0a802,108BT,,0,0,1600015792916,0,0
plugin_ios_activity_recognition,,0,2,0,f24f1756-81ba-473c-9127-8e7845c0a802,108BT,,0,0,1600015811362,0,0
plugin_ios_activity_recognition,"[""stationary""]",0,2,0,f24f1756-81ba-473c-9127-8e7845c0a802,108BT,,0,1,1600015812318,0,0
plugin_ios_activity_recognition,,0,2,0,f24f1756-81ba-473c-9127-8e7845c0a802,108BT,,0,0,1600015826948,0,0
plugin_ios_activity_recognition,"[""stationary""]",0,2,0,f24f1756-81ba-473c-9127-8e7845c0a802,108BT,,0,1,1600015838712,0,0
plugin_ios_activity_recognition,,0,2,0,f24f1756-81ba-473c-9127-8e7845c0a802,108BT,,0,0,1600015865429,0,0
plugin_ios_activity_recognition,"[""automotive""]",1,2,0,f24f1756-81ba-473c-9127-8e7845c0a802,108BT,,0,0,1600015887738,0,0
plugin_ios_activity_recognition,"[""automotive""]",1,2,0,f24f1756-81ba-473c-9127-8e7845c0a802,108BT,,0,0,1600015991385,0,0
plugin_ios_activity_recognition,"[""stationary"",""automotive""]",1,2,0,f24f1756-81ba-473c-9127-8e7845c0a802,108BT,,0,1,1600016065857,0,0
plugin_ios_activity_recognition,"[""automotive""]",1,2,0,f24f1756-81ba-473c-9127-8e7845c0a802,108BT,,0,0,1600016066451,0,0
plugin_ios_activity_recognition,"[""automotive""]",1,2,0,f24f1756-81ba-473c-9127-8e7845c0a802,108BT,,0,0,1600016149825,0,0
plugin_ios_activity_recognition,"[""automotive""]",1,2,0,f24f1756-81ba-473c-9127-8e7845c0a802,108BT,,0,0,1600016171361,0,0
plugin_ios_activity_recognition,"[""automotive""]",1,2,0,f24f1756-81ba-473c-9127-8e7845c0a802,108BT,,0,0,1600016175270,0,0
plugin_ios_activity_recognition,"[""automotive""]",1,2,0,f24f1756-81ba-473c-9127-8e7845c0a802,108BT,,0,0,1600016221079,0,0
plugin_ios_activity_recognition,"[""automotive""]",1,2,0,f24f1756-81ba-473c-9127-8e7845c0a802,108BT,,0,0,1600016231258,0,0
plugin_ios_activity_recognition,"[""automotive""]",1,2,0,f24f1756-81ba-473c-9127-8e7845c0a802,108BT,,0,0,1600016236346,0,0
plugin_ios_activity_recognition,"[""automotive""]",1,2,0,f24f1756-81ba-473c-9127-8e7845c0a802,108BT,,0,0,1600016297437,0,0
plugin_ios_activity_recognition,"[""automotive""]",1,2,0,f24f1756-81ba-473c-9127-8e7845c0a802,108BT,,0,0,1600016302526,0,0
plugin_ios_activity_recognition,"[""automotive""]",1,2,0,f24f1756-81ba-473c-9127-8e7845c0a802,108BT,,0,0,1600016325430,0,0
plugin_ios_activity_recognition,"[""automotive""]",1,2,0,f24f1756-81ba-473c-9127-8e7845c0a802,108BT,,0,0,1600016343241,0,0
plugin_ios_activity_recognition,"[""automotive""]",1,2,0,f24f1756-81ba-473c-9127-8e7845c0a802,108BT,,0,0,1600016351362,0,0
plugin_ios_activity_recognition,"[""automotive""]",1,2,0,f24f1756-81ba-473c-9127-8e7845c0a802,108BT,,0,0,1600016361054,0,0
plugin_ios_activity_recognition,"[""automotive""]",1,2,0,f24f1756-81ba-473c-9127-8e7845c0a802,108BT,,0,0,1600016394134,0,0
plugin_ios_activity_recognition,"[""automotive""]",1,2,0,f24f1756-81ba-473c-9127-8e7845c0a802,108BT,,0,0,1600016429759,0,0
plugin_ios_activity_recognition,"[""automotive""]",1,2,0,f24f1756-81ba-473c-9127-8e7845c0a802,108BT,,0,0,1600016442480,0,0
plugin_ios_activity_recognition,"[""automotive""]",1,2,0,f24f1756-81ba-473c-9127-8e7845c0a802,108BT,,0,0,1600016488287,0,0
plugin_ios_activity_recognition,"[""automotive""]",1,2,0,f24f1756-81ba-473c-9127-8e7845c0a802,108BT,,0,0,1600016493378,0,0
plugin_ios_activity_recognition,"[""automotive""]",1,2,0,f24f1756-81ba-473c-9127-8e7845c0a802,108BT,,0,0,1600016511190,0,0
plugin_ios_activity_recognition,"[""automotive""]",1,2,0,f24f1756-81ba-473c-9127-8e7845c0a802,108BT,,0,0,1600016531360,0,0
plugin_ios_activity_recognition,"[""automotive""]",1,2,0,f24f1756-81ba-473c-9127-8e7845c0a802,108BT,,0,0,1600016684230,0,0
plugin_ios_activity_recognition,"[""automotive""]",1,2,0,f24f1756-81ba-473c-9127-8e7845c0a802,108BT,,0,0,1600016694406,0,0
plugin_ios_activity_recognition,"[""automotive""]",1,2,0,f24f1756-81ba-473c-9127-8e7845c0a802,108BT,,0,0,1600016711381,0,0
plugin_ios_activity_recognition,"[""automotive""]",1,2,0,f24f1756-81ba-473c-9127-8e7845c0a802,108BT,,0,0,1600016783469,0,0
plugin_ios_activity_recognition,"[""automotive""]",1,2,0,f24f1756-81ba-473c-9127-8e7845c0a802,108BT,,0,0,1600016814004,0,0
plugin_ios_activity_recognition,"[""automotive""]",1,2,0,f24f1756-81ba-473c-9127-8e7845c0a802,108BT,,0,0,1600016862349,0,0
plugin_ios_activity_recognition,"[""automotive""]",1,2,0,f24f1756-81ba-473c-9127-8e7845c0a802,108BT,,0,0,1600016877616,0,0
plugin_ios_activity_recognition,"[""automotive""]",1,2,0,f24f1756-81ba-473c-9127-8e7845c0a802,108BT,,0,0,1600016891357,0,0
plugin_ios_activity_recognition,"[""automotive""]",1,2,0,f24f1756-81ba-473c-9127-8e7845c0a802,108BT,,0,0,1600016981942,0,0
plugin_ios_activity_recognition,"[""automotive""]",1,2,0,f24f1756-81ba-473c-9127-8e7845c0a802,108BT,,0,0,1600017004843,0,0
plugin_ios_activity_recognition,"[""automotive""]",1,2,0,f24f1756-81ba-473c-9127-8e7845c0a802,108BT,,0,0,1600017050647,0,0
plugin_ios_activity_recognition,"[""automotive""]",1,2,0,f24f1756-81ba-473c-9127-8e7845c0a802,108BT,,0,0,1600017063370,0,0
plugin_ios_activity_recognition,"[""automotive""]",1,2,0,f24f1756-81ba-473c-9127-8e7845c0a802,108BT,,0,0,1600017071357,0,0
plugin_ios_activity_recognition,"[""automotive""]",1,2,0,f24f1756-81ba-473c-9127-8e7845c0a802,108BT,,0,0,1600017073550,0,0
plugin_ios_activity_recognition,"[""automotive""]",1,2,0,f24f1756-81ba-473c-9127-8e7845c0a802,108BT,,0,0,1600017076095,0,0
plugin_ios_activity_recognition,"[""stationary"",""automotive""]",1,2,0,f24f1756-81ba-473c-9127-8e7845c0a802,108BT,,0,1,1600017126984,0,0
plugin_ios_activity_recognition,"[""automotive""]",1,2,0,f24f1756-81ba-473c-9127-8e7845c0a802,108BT,,0,0,1600017148569,0,0
plugin_ios_activity_recognition,"[""stationary"",""automotive""]",1,2,0,f24f1756-81ba-473c-9127-8e7845c0a802,108BT,,0,1,1600017153976,0,0
plugin_ios_activity_recognition,"[""automotive""]",1,2,0,f24f1756-81ba-473c-9127-8e7845c0a802,108BT,,0,0,1600017167971,0,0
plugin_ios_activity_recognition,,0,2,0,f24f1756-81ba-473c-9127-8e7845c0a802,108BT,,0,0,1600017221139,0,0
plugin_ios_activity_recognition,"[""walking""]",0,1,0,f24f1756-81ba-473c-9127-8e7845c0a802,108BT,,0,0,1600017223684,0,1
plugin_ios_activity_recognition,"[""walking""]",0,2,0,f24f1756-81ba-473c-9127-8e7845c0a802,108BT,,0,0,1600017226229,0,1
plugin_ios_activity_recognition,"[""walking""]",0,2,0,f24f1756-81ba-473c-9127-8e7845c0a802,108BT,,0,0,1600017251359,0,1
plugin_ios_activity_recognition,,0,2,0,f24f1756-81ba-473c-9127-8e7845c0a802,108BT,,0,0,1600017350896,0,0
plugin_ios_activity_recognition,,0,2,0,f24f1756-81ba-473c-9127-8e7845c0a802,108BT,,0,0,1600017431455,0,0
plugin_ios_activity_recognition,"[""stationary""]",0,2,0,f24f1756-81ba-473c-9127-8e7845c0a802,108BT,,0,1,1600017442747,0,0
plugin_ios_activity_recognition,,0,2,0,f24f1756-81ba-473c-9127-8e7845c0a802,108BT,,0,0,1600017444020,0,0
plugin_ios_activity_recognition,"[""stationary""]",0,2,0,f24f1756-81ba-473c-9127-8e7845c0a802,108BT,,0,1,1600017451307,0,0
plugin_ios_activity_recognition,,0,2,0,f24f1756-81ba-473c-9127-8e7845c0a802,108BT,,0,0,1600017453532,0,0
plugin_ios_activity_recognition,,0,2,0,f24f1756-81ba-473c-9127-8e7845c0a802,108BT,,0,0,1600017611361,0,0
plugin_ios_activity_recognition,,0,2,0,f24f1756-81ba-473c-9127-8e7845c0a802,108BT,,0,0,1600017791358,0,0
plugin_ios_activity_recognition,"[""walking""]",0,1,0,f24f1756-81ba-473c-9127-8e7845c0a802,108BT,,0,0,1600017928063,0,1
plugin_ios_activity_recognition,"[""walking""]",0,2,0,f24f1756-81ba-473c-9127-8e7845c0a802,108BT,,0,0,1600017930604,0,1
plugin_ios_activity_recognition,"[""stationary""]",0,2,0,f24f1756-81ba-473c-9127-8e7845c0a802,108BT,,0,1,1600017950943,0,0
plugin_ios_activity_recognition,"[""walking""]",0,2,0,f24f1756-81ba-473c-9127-8e7845c0a802,108BT,,0,0,1600017951217,0,1
plugin_ios_activity_recognition,"[""walking""]",0,2,0,f24f1756-81ba-473c-9127-8e7845c0a802,108BT,,0,0,1600017971415,0,1
plugin_ios_activity_recognition,,0,2,0,f24f1756-81ba-473c-9127-8e7845c0a802,108BT,,0,0,1600017981452,0,0
plugin_ios_activity_recognition,"[""stationary""]",0,2,0,f24f1756-81ba-473c-9127-8e7845c0a802,108BT,,0,1,1600018063095,0,0
plugin_ios_activity_recognition,,0,2,0,f24f1756-81ba-473c-9127-8e7845c0a802,108BT,,0,0,1600018064988,0,0
plugin_ios_activity_recognition,,0,2,0,f24f1756-81ba-473c-9127-8e7845c0a802,108BT,,0,0,1600018151441,0,0
plugin_ios_activity_recognition,"[""stationary""]",0,2,0,f24f1756-81ba-473c-9127-8e7845c0a802,108BT,,0,1,1600018178434,0,0
plugin_ios_activity_recognition,,0,2,0,f24f1756-81ba-473c-9127-8e7845c0a802,108BT,,0,0,1600018213044,0,0
plugin_ios_activity_recognition,"[""walking""]",0,1,0,f24f1756-81ba-473c-9127-8e7845c0a802,108BT,,0,0,1600018217863,0,1
plugin_ios_activity_recognition,"[""walking""]",0,2,0,f24f1756-81ba-473c-9127-8e7845c0a802,108BT,,0,0,1600018220407,0,1
plugin_ios_activity_recognition,,0,2,0,f24f1756-81ba-473c-9127-8e7845c0a802,108BT,,0,0,1600018282043,0,0
plugin_ios_activity_recognition,,0,2,0,f24f1756-81ba-473c-9127-8e7845c0a802,108BT,,0,0,1600018331358,0,0
plugin_ios_activity_recognition,"[""stationary""]",0,2,0,f24f1756-81ba-473c-9127-8e7845c0a802,108BT,,0,1,1600018402539,0,0
plugin_ios_activity_recognition,,0,2,0,f24f1756-81ba-473c-9127-8e7845c0a802,108BT,,0,0,1600018405719,0,0
plugin_ios_activity_recognition,"[""stationary""]",0,2,0,f24f1756-81ba-473c-9127-8e7845c0a802,108BT,,0,1,1600018421567,0,0
plugin_ios_activity_recognition,,0,2,0,f24f1756-81ba-473c-9127-8e7845c0a802,108BT,,0,0,1600018425388,0,0
plugin_ios_activity_recognition,"[""stationary""]",0,2,0,f24f1756-81ba-473c-9127-8e7845c0a802,108BT,,0,1,1600018429841,0,0
plugin_ios_activity_recognition,,0,2,0,f24f1756-81ba-473c-9127-8e7845c0a802,108BT,,0,0,1600018430477,0,0
plugin_ios_activity_recognition,"[""stationary""]",0,2,0,f24f1756-81ba-473c-9127-8e7845c0a802,108BT,,0,1,1600018475600,0,0
plugin_ios_activity_recognition,,0,2,0,f24f1756-81ba-473c-9127-8e7845c0a802,108BT,,0,0,1600018477827,0,0
plugin_ios_activity_recognition,,0,2,0,f24f1756-81ba-473c-9127-8e7845c0a802,108BT,,0,0,1600018511356,0,0
plugin_ios_activity_recognition,"[""walking""]",0,1,0,f24f1756-81ba-473c-9127-8e7845c0a802,108BT,,0,0,1600018535722,0,1
plugin_ios_activity_recognition,"[""walking""]",0,2,0,f24f1756-81ba-473c-9127-8e7845c0a802,108BT,,0,0,1600018540813,0,1
plugin_ios_activity_recognition,"[""stationary""]",0,2,0,f24f1756-81ba-473c-9127-8e7845c0a802,108BT,,0,1,1600018553505,0,0
plugin_ios_activity_recognition,,0,2,0,f24f1756-81ba-473c-9127-8e7845c0a802,108BT,,0,0,1600018609565,0,0
plugin_ios_activity_recognition,"[""stationary""]",0,2,0,f24f1756-81ba-473c-9127-8e7845c0a802,108BT,,0,1,1600018613016,0,0
plugin_ios_activity_recognition,,0,2,0,f24f1756-81ba-473c-9127-8e7845c0a802,108BT,,0,0,1600018634053,0,0
plugin_ios_activity_recognition,"[""stationary""]",0,2,0,f24f1756-81ba-473c-9127-8e7845c0a802,108BT,,0,1,1600018638500,0,0
plugin_ios_activity_recognition,"[""stationary""]",0,2,0,f24f1756-81ba-473c-9127-8e7845c0a802,108BT,,0,1,1600018691374,0,0
plugin_ios_activity_recognition,,0,2,0,f24f1756-81ba-473c-9127-8e7845c0a802,108BT,,0,0,1600018750730,0,0
plugin_ios_activity_recognition,"[""stationary""]",0,2,0,f24f1756-81ba-473c-9127-8e7845c0a802,108BT,,0,1,1600018759595,0,0
plugin_ios_activity_recognition,,0,2,0,f24f1756-81ba-473c-9127-8e7845c0a802,108BT,,0,0,1600018763714,0,0
plugin_ios_activity_recognition,"[""stationary""]",0,2,0,f24f1756-81ba-473c-9127-8e7845c0a802,108BT,,0,1,1600018767558,0,0
plugin_ios_activity_recognition,,0,2,0,f24f1756-81ba-473c-9127-8e7845c0a802,108BT,,0,0,1600018787515,0,0
plugin_ios_activity_recognition,"[""stationary""]",0,2,0,f24f1756-81ba-473c-9127-8e7845c0a802,108BT,,0,1,1600018791645,0,0
plugin_ios_activity_recognition,"[""stationary""]",0,2,0,f24f1756-81ba-473c-9127-8e7845c0a802,108BT,,0,1,1600018871355,0,0
plugin_ios_activity_recognition,,0,2,0,f24f1756-81ba-473c-9127-8e7845c0a802,108BT,,0,0,1600019016650,0,0
plugin_ios_activity_recognition,"[""stationary""]",0,2,0,f24f1756-81ba-473c-9127-8e7845c0a802,108BT,,0,1,1600019022046,0,0
plugin_ios_activity_recognition,,0,2,0,f24f1756-81ba-473c-9127-8e7845c0a802,108BT,,0,0,1600019031273,0,0
plugin_ios_activity_recognition,"[""stationary""]",0,2,0,f24f1756-81ba-473c-9127-8e7845c0a802,108BT,,0,1,1600019036337,0,0
plugin_ios_activity_recognition,"[""stationary""]",0,2,0,f24f1756-81ba-473c-9127-8e7845c0a802,108BT,,0,1,1600019051354,0,0
plugin_ios_activity_recognition,"[""stationary""]",0,2,0,f24f1756-81ba-473c-9127-8e7845c0a802,108BT,,0,1,1600019231350,0,0
plugin_ios_activity_recognition,"[""stationary""]",0,2,0,f24f1756-81ba-473c-9127-8e7845c0a802,108BT,supplement,0,1,1600019411350,0,0
plugin_ios_activity_recognition,"[""stationary""]",0,2,0,f24f1756-81ba-473c-9127-8e7845c0a802,108BT,,0,1,1600019411372,0,0
plugin_ios_activity_recognition,,0,2,0,f24f1756-81ba-473c-9127-8e7845c0a802,108BT,,0,0,1600019497548,0,0
plugin_ios_activity_recognition,"[""stationary""]",0,2,0,f24f1756-81ba-473c-9127-8e7845c0a802,108BT,,0,1,1600019501677,0,0
plugin_ios_activity_recognition,"[""stationary""]",0,2,0,f24f1756-81ba-473c-9127-8e7845c0a802,108BT,supplement,0,1,1600019591350,0,0
plugin_ios_activity_recognition,"[""stationary""]",0,2,0,f24f1756-81ba-473c-9127-8e7845c0a802,108BT,,0,1,1600019591352,0,0
plugin_ios_activity_recognition,,0,2,0,f24f1756-81ba-473c-9127-8e7845c0a802,108BT,,0,0,1600019613395,0,0
plugin_ios_activity_recognition,"[""stationary""]",0,2,0,f24f1756-81ba-473c-9127-8e7845c0a802,108BT,,0,1,1600019617519,0,0
plugin_ios_activity_recognition,"[""stationary""]",0,2,0,f24f1756-81ba-473c-9127-8e7845c0a802,108BT,,0,1,1600019771351,0,0
plugin_ios_activity_recognition,,0,2,0,f24f1756-81ba-473c-9127-8e7845c0a802,108BT,,0,0,1600019840472,0,0
plugin_ios_activity_recognition,"[""stationary""]",0,2,0,f24f1756-81ba-473c-9127-8e7845c0a802,108BT,,0,1,1600019845874,0,0
plugin_ios_activity_recognition,"[""stationary""]",0,2,0,f24f1756-81ba-473c-9127-8e7845c0a802,108BT,,0,1,1600019951353,0,0
plugin_ios_activity_recognition,"[""stationary""]",0,2,0,f24f1756-81ba-473c-9127-8e7845c0a802,108BT,supplement,0,1,1600020131353,0,0
plugin_ios_activity_recognition,"[""stationary""]",0,2,0,f24f1756-81ba-473c-9127-8e7845c0a802,108BT,,0,1,1600020131373,0,0
plugin_ios_activity_recognition,"[""stationary""]",0,2,0,f24f1756-81ba-473c-9127-8e7845c0a802,108BT,supplement,0,1,1600020311353,0,0
plugin_ios_activity_recognition,"[""stationary""]",0,2,0,f24f1756-81ba-473c-9127-8e7845c0a802,108BT,,0,1,1600020311354,0,0
plugin_ios_activity_recognition,"[""stationary""]",0,2,0,f24f1756-81ba-473c-9127-8e7845c0a802,108BT,,0,1,1600020491353,0,0
plugin_ios_activity_recognition,,0,2,0,f24f1756-81ba-473c-9127-8e7845c0a802,108BT,,0,0,1600020603206,0,0
plugin_ios_activity_recognition,"[""stationary""]",0,2,0,f24f1756-81ba-473c-9127-8e7845c0a802,108BT,,0,1,1600020607013,0,0
plugin_ios_activity_recognition,"[""stationary""]",0,2,0,f24f1756-81ba-473c-9127-8e7845c0a802,108BT,,0,1,1600020671354,0,0
plugin_ios_activity_recognition,"[""stationary""]",0,2,0,f24f1756-81ba-473c-9127-8e7845c0a802,108BT,supplement,0,1,1600020851354,0,0
plugin_ios_activity_recognition,"[""stationary""]",0,2,0,f24f1756-81ba-473c-9127-8e7845c0a802,108BT,,0,1,1600020851371,0,0
plugin_ios_activity_recognition,"[""stationary""]",0,2,0,f24f1756-81ba-473c-9127-8e7845c0a802,108BT,,0,1,1600021031353,0,0
plugin_ios_activity_recognition,"[""stationary""]",0,2,0,f24f1756-81ba-473c-9127-8e7845c0a802,108BT,supplement,0,1,1600021031354,0,0
plugin_ios_activity_recognition,"[""stationary""]",0,2,0,f24f1756-81ba-473c-9127-8e7845c0a802,108BT,,0,1,1600021211353,0,0
plugin_ios_activity_recognition,"[""stationary""]",0,2,0,f24f1756-81ba-473c-9127-8e7845c0a802,108BT,,0,1,1600021391352,0,0
plugin_ios_activity_recognition,,0,2,0,f24f1756-81ba-473c-9127-8e7845c0a802,108BT,,0,0,1600021393440,0,0
plugin_ios_activity_recognition,"[""stationary""]",0,2,0,f24f1756-81ba-473c-9127-8e7845c0a802,108BT,,0,1,1600021405176,0,0
plugin_ios_activity_recognition,,0,2,0,f24f1756-81ba-473c-9127-8e7845c0a802,108BT,,0,0,1600021416329,0,0
plugin_ios_activity_recognition,"[""stationary""]",0,2,0,f24f1756-81ba-473c-9127-8e7845c0a802,108BT,,0,1,1600021429682,0,0
plugin_ios_activity_recognition,,0,2,0,f24f1756-81ba-473c-9127-8e7845c0a802,108BT,,0,0,1600021447199,0,0
plugin_ios_activity_recognition,"[""stationary""]",0,2,0,f24f1756-81ba-473c-9127-8e7845c0a802,108BT,,0,1,1600021452595,0,0
plugin_ios_activity_recognition,,0,2,0,f24f1756-81ba-473c-9127-8e7845c0a802,108BT,,0,0,1600021549272,0,0
plugin_ios_activity_recognition,"[""stationary""]",0,2,0,f24f1756-81ba-473c-9127-8e7845c0a802,108BT,,0,1,1600021557828,0,0
plugin_ios_activity_recognition,,0,2,0,f24f1756-81ba-473c-9127-8e7845c0a802,108BT,,0,0,1600021567684,0,0
plugin_ios_activity_recognition,,0,2,0,f24f1756-81ba-473c-9127-8e7845c0a802,108BT,,0,0,1600021571368,0,0
plugin_ios_activity_recognition,"[""stationary""]",0,2,0,f24f1756-81ba-473c-9127-8e7845c0a802,108BT,,0,1,1600021572147,0,0
plugin_ios_activity_recognition,,0,2,0,f24f1756-81ba-473c-9127-8e7845c0a802,108BT,,0,0,1600021587115,0,0
plugin_ios_activity_recognition,"[""stationary""]",0,2,0,f24f1756-81ba-473c-9127-8e7845c0a802,108BT,,0,1,1600021594782,0,0
plugin_ios_activity_recognition,,0,2,0,f24f1756-81ba-473c-9127-8e7845c0a802,108BT,,0,0,1600021607878,0,0
plugin_ios_activity_recognition,"[""stationary""]",0,2,0,f24f1756-81ba-473c-9127-8e7845c0a802,108BT,,0,1,1600021613259,0,0
plugin_ios_activity_recognition,"[""stationary""]",0,2,0,f24f1756-81ba-473c-9127-8e7845c0a802,108BT,,0,1,1600021751352,0,0
plugin_ios_activity_recognition,,0,2,0,f24f1756-81ba-473c-9127-8e7845c0a802,108BT,,0,0,1600021919746,0,0
plugin_ios_activity_recognition,"[""stationary""]",0,2,0,f24f1756-81ba-473c-9127-8e7845c0a802,108BT,,0,1,1600021924496,0,0
plugin_ios_activity_recognition,"[""stationary""]",0,2,0,f24f1756-81ba-473c-9127-8e7845c0a802,108BT,,0,1,1600021931351,0,0
plugin_ios_activity_recognition,"[""stationary""]",0,2,0,f24f1756-81ba-473c-9127-8e7845c0a802,108BT,,0,1,1600022111351,0,0
plugin_ios_activity_recognition,"[""stationary""]",0,2,0,f24f1756-81ba-473c-9127-8e7845c0a802,108BT,supplement,0,1,1600022291351,0,0
plugin_ios_activity_recognition,"[""stationary""]",0,2,0,f24f1756-81ba-473c-9127-8e7845c0a802,108BT,,0,1,1600022291374,0,0
plugin_ios_activity_recognition,"[""stationary""]",0,2,0,f24f1756-81ba-473c-9127-8e7845c0a802,108BT,supplement,0,1,1600022471351,0,0
plugin_ios_activity_recognition,"[""stationary""]",0,2,0,f24f1756-81ba-473c-9127-8e7845c0a802,108BT,supplement,0,1,1600022471374,0,0
plugin_ios_activity_recognition,"[""stationary""]",0,2,0,f24f1756-81ba-473c-9127-8e7845c0a802,108BT,,0,1,1600022471433,0,0
plugin_ios_activity_recognition,"[""stationary""]",0,2,0,f24f1756-81ba-473c-9127-8e7845c0a802,108BT,,0,1,1600022651359,0,0
plugin_ios_activity_recognition,"[""stationary""]",0,2,0,f24f1756-81ba-473c-9127-8e7845c0a802,108BT,supplement,0,1,1600022651374,0,0
plugin_ios_activity_recognition,,0,2,0,f24f1756-81ba-473c-9127-8e7845c0a802,108BT,,0,0,1600022768175,0,0
plugin_ios_activity_recognition,"[""walking""]",0,1,0,f24f1756-81ba-473c-9127-8e7845c0a802,108BT,,0,0,1600022772992,0,1
plugin_ios_activity_recognition,"[""walking""]",0,2,0,f24f1756-81ba-473c-9127-8e7845c0a802,108BT,,0,0,1600022775536,0,1
plugin_ios_activity_recognition,"[""stationary""]",0,2,0,f24f1756-81ba-473c-9127-8e7845c0a802,108BT,,0,1,1600022817751,0,0
plugin_ios_activity_recognition,"[""stationary""]",0,2,0,f24f1756-81ba-473c-9127-8e7845c0a802,108BT,,0,1,1600022831363,0,0
plugin_ios_activity_recognition,,0,2,0,f24f1756-81ba-473c-9127-8e7845c0a802,108BT,,0,0,1600022864680,0,0
plugin_ios_activity_recognition,"[""stationary""]",0,2,0,f24f1756-81ba-473c-9127-8e7845c0a802,108BT,,0,1,1600022870038,0,0
plugin_ios_activity_recognition,"[""stationary""]",0,2,0,f24f1756-81ba-473c-9127-8e7845c0a802,108BT,,0,1,1600023011375,0,0
plugin_ios_activity_recognition,"[""stationary""]",0,2,0,f24f1756-81ba-473c-9127-8e7845c0a802,108BT,,0,1,1600023191360,0,0
plugin_ios_activity_recognition,"[""stationary""]",0,2,0,f24f1756-81ba-473c-9127-8e7845c0a802,108BT,supplement,0,1,1600023371360,0,0
plugin_ios_activity_recognition,"[""stationary""]",0,2,0,f24f1756-81ba-473c-9127-8e7845c0a802,108BT,,0,1,1600023551360,0,0
plugin_ios_activity_recognition,"[""stationary""]",0,2,0,f24f1756-81ba-473c-9127-8e7845c0a802,108BT,supplement,0,1,1600023731360,0,0
plugin_ios_activity_recognition,"[""stationary""]",0,2,0,f24f1756-81ba-473c-9127-8e7845c0a802,108BT,,0,1,1600023731374,0,0
plugin_ios_activity_recognition,"[""stationary""]",0,2,0,f24f1756-81ba-473c-9127-8e7845c0a802,108BT,,0,1,1600023911360,0,0
plugin_ios_activity_recognition,"[""stationary""]",0,2,0,f24f1756-81ba-473c-9127-8e7845c0a802,108BT,,0,1,1600024091359,0,0
plugin_ios_activity_recognition,,0,2,0,f24f1756-81ba-473c-9127-8e7845c0a802,108BT,,0,0,1600024103284,0,0
plugin_ios_activity_recognition,"[""walking""]",0,1,0,f24f1756-81ba-473c-9127-8e7845c0a802,108BT,,0,0,1600024106827,0,1
plugin_ios_activity_recognition,"[""stationary""]",0,2,0,f24f1756-81ba-473c-9127-8e7845c0a802,108BT,,0,1,1600024115992,0,0
plugin_ios_activity_recognition,"[""stationary""]",0,2,0,f24f1756-81ba-473c-9127-8e7845c0a802,108BT,,0,1,1600024271365,0,0
plugin_ios_activity_recognition,"[""stationary""]",0,2,0,f24f1756-81ba-473c-9127-8e7845c0a802,108BT,supplement,0,1,1600024451365,0,0
plugin_ios_activity_recognition,"[""stationary""]",0,2,0,f24f1756-81ba-473c-9127-8e7845c0a802,108BT,,0,1,1600024451444,0,0
plugin_ios_activity_recognition,,0,2,0,f24f1756-81ba-473c-9127-8e7845c0a802,108BT,,0,0,1600024621392,0,0
plugin_ios_activity_recognition,"[""stationary""]",0,2,0,f24f1756-81ba-473c-9127-8e7845c0a802,108BT,,0,1,1600024625563,0,0
plugin_ios_activity_recognition,"[""stationary""]",0,2,0,f24f1756-81ba-473c-9127-8e7845c0a802,108BT,,0,1,1600024631365,0,0
plugin_ios_activity_recognition,,0,2,0,f24f1756-81ba-473c-9127-8e7845c0a802,108BT,,0,0,1600024659999,0,0
plugin_ios_activity_recognition,"[""walking""]",0,1,0,f24f1756-81ba-473c-9127-8e7845c0a802,108BT,,0,0,1600024663863,0,1
plugin_ios_activity_recognition,"[""walking""]",0,2,0,f24f1756-81ba-473c-9127-8e7845c0a802,108BT,,0,0,1600024669855,0,1
plugin_ios_activity_recognition,"[""running""]",0,2,0,f24f1756-81ba-473c-9127-8e7845c0a802,108BT,,1,0,1600024679130,0,0
plugin_ios_activity_recognition,"[""walking""]",0,1,0,f24f1756-81ba-473c-9127-8e7845c0a802,108BT,,0,0,1600024681674,0,1
plugin_ios_activity_recognition,"[""walking""]",0,2,0,f24f1756-81ba-473c-9127-8e7845c0a802,108BT,,0,0,1600024689311,0,1
plugin_ios_activity_recognition,,0,2,0,f24f1756-81ba-473c-9127-8e7845c0a802,108BT,,0,0,1600024755459,0,0
plugin_ios_activity_recognition,,0,2,0,f24f1756-81ba-473c-9127-8e7845c0a802,108BT,,0,0,1600024811367,0,0
plugin_ios_activity_recognition,"[""stationary""]",0,2,0,f24f1756-81ba-473c-9127-8e7845c0a802,108BT,,0,1,1600024971318,0,0
plugin_ios_activity_recognition,,0,2,0,f24f1756-81ba-473c-9127-8e7845c0a802,108BT,,0,0,1600024975757,0,0
plugin_ios_activity_recognition,"[""stationary""]",0,2,0,f24f1756-81ba-473c-9127-8e7845c0a802,108BT,,0,1,1600024979886,0,0
plugin_ios_activity_recognition,"[""stationary""]",0,2,0,f24f1756-81ba-473c-9127-8e7845c0a802,108BT,,0,1,1600024991368,0,0
plugin_ios_activity_recognition,,0,2,0,f24f1756-81ba-473c-9127-8e7845c0a802,108BT,,0,0,1600025149019,0,0
plugin_ios_activity_recognition,"[""stationary""]",0,2,0,f24f1756-81ba-473c-9127-8e7845c0a802,108BT,,0,1,1600025154734,0,0
plugin_ios_activity_recognition,,0,2,0,f24f1756-81ba-473c-9127-8e7845c0a802,108BT,,0,0,1600025169688,0,0
plugin_ios_activity_recognition,,0,2,0,f24f1756-81ba-473c-9127-8e7845c0a802,108BT,,0,0,1600025171379,0,0
plugin_ios_activity_recognition,"[""stationary""]",0,2,0,f24f1756-81ba-473c-9127-8e7845c0a802,108BT,,0,1,1600025191624,0,0
plugin_ios_activity_recognition,,0,2,0,f24f1756-81ba-473c-9127-8e7845c0a802,108BT,,0,0,1600025233113,0,0
plugin_ios_activity_recognition,"[""walking""]",0,1,0,f24f1756-81ba-473c-9127-8e7845c0a802,108BT,,0,0,1600025247153,0,1
plugin_ios_activity_recognition,"[""stationary""]",0,2,0,f24f1756-81ba-473c-9127-8e7845c0a802,108BT,,0,1,1600025255691,0,0
plugin_ios_activity_recognition,"[""stationary""]",0,2,0,f24f1756-81ba-473c-9127-8e7845c0a802,108BT,,0,1,1600025351367,0,0
plugin_ios_activity_recognition,,0,2,0,f24f1756-81ba-473c-9127-8e7845c0a802,108BT,,0,0,1600025461749,0,0
plugin_ios_activity_recognition,"[""stationary""]",0,2,0,f24f1756-81ba-473c-9127-8e7845c0a802,108BT,,0,1,1600025465560,0,0
plugin_ios_activity_recognition,"[""stationary""]",0,2,0,f24f1756-81ba-473c-9127-8e7845c0a802,108BT,,0,1,1600025531367,0,0
plugin_ios_activity_recognition,,0,2,0,f24f1756-81ba-473c-9127-8e7845c0a802,108BT,,0,0,1600025633451,0,0
plugin_ios_activity_recognition,"[""stationary""]",0,2,0,f24f1756-81ba-473c-9127-8e7845c0a802,108BT,,0,1,1600025636939,0,0
plugin_ios_activity_recognition,"[""stationary""]",0,2,0,f24f1756-81ba-473c-9127-8e7845c0a802,108BT,,0,1,1600025711363,0,0
plugin_ios_activity_recognition,"[""stationary""]",0,2,0,f24f1756-81ba-473c-9127-8e7845c0a802,108BT,supplement,0,1,1600025891363,0,0
plugin_ios_activity_recognition,"[""stationary""]",0,2,0,f24f1756-81ba-473c-9127-8e7845c0a802,108BT,,0,1,1600025891411,0,0
plugin_ios_activity_recognition,,0,2,0,f24f1756-81ba-473c-9127-8e7845c0a802,108BT,,0,0,1600025994436,0,0
plugin_ios_activity_recognition,"[""walking""]",0,1,0,f24f1756-81ba-473c-9127-8e7845c0a802,108BT,,0,0,1600025998935,0,1
plugin_ios_activity_recognition,"[""walking""]",0,2,0,f24f1756-81ba-473c-9127-8e7845c0a802,108BT,,0,0,1600026001479,0,1
plugin_ios_activity_recognition,"[""stationary""]",0,2,0,f24f1756-81ba-473c-9127-8e7845c0a802,108BT,,0,1,1600026033539,0,0
plugin_ios_activity_recognition,"[""stationary""]",0,2,0,f24f1756-81ba-473c-9127-8e7845c0a802,108BT,supplement,0,1,1600026071363,0,0
plugin_ios_activity_recognition,"[""stationary""]",0,2,0,f24f1756-81ba-473c-9127-8e7845c0a802,108BT,,0,1,1600026071369,0,0
plugin_ios_activity_recognition,,0,2,0,f24f1756-81ba-473c-9127-8e7845c0a802,108BT,,0,0,1600026114584,0,0
plugin_ios_activity_recognition,"[""stationary""]",0,2,0,f24f1756-81ba-473c-9127-8e7845c0a802,108BT,,0,1,1600026118751,0,0
plugin_ios_activity_recognition,"[""stationary""]",0,2,0,f24f1756-81ba-473c-9127-8e7845c0a802,108BT,,0,1,1600026251368,0,0
plugin_ios_activity_recognition,,0,2,0,f24f1756-81ba-473c-9127-8e7845c0a802,108BT,,0,0,1600026257345,0,0
plugin_ios_activity_recognition,"[""stationary""]",0,2,0,f24f1756-81ba-473c-9127-8e7845c0a802,108BT,,0,1,1600026261506,0,0
plugin_ios_activity_recognition,,0,2,0,f24f1756-81ba-473c-9127-8e7845c0a802,108BT,,0,0,1600026328327,0,0
plugin_ios_activity_recognition,"[""stationary""]",0,2,0,f24f1756-81ba-473c-9127-8e7845c0a802,108BT,,0,1,1600026332446,0,0
plugin_ios_activity_recognition,,0,2,0,f24f1756-81ba-473c-9127-8e7845c0a802,108BT,,0,0,1600026358552,0,0
plugin_ios_activity_recognition,"[""stationary""]",0,2,0,f24f1756-81ba-473c-9127-8e7845c0a802,108BT,,0,1,1600026362999,0,0
plugin_ios_activity_recognition,"[""stationary""]",0,2,0,f24f1756-81ba-473c-9127-8e7845c0a802,108BT,,0,1,1600026431365,0,0
plugin_ios_activity_recognition,,0,2,0,f24f1756-81ba-473c-9127-8e7845c0a802,108BT,,0,0,1600026455056,0,0
plugin_ios_activity_recognition,"[""stationary""]",0,2,0,f24f1756-81ba-473c-9127-8e7845c0a802,108BT,,0,1,1600026459142,0,0
plugin_ios_activity_recognition,,0,2,0,f24f1756-81ba-473c-9127-8e7845c0a802,108BT,,0,0,1600026515529,0,0
plugin_ios_activity_recognition,"[""stationary""]",0,2,0,f24f1756-81ba-473c-9127-8e7845c0a802,108BT,,0,1,1600026519976,0,0
plugin_ios_activity_recognition,,0,2,0,f24f1756-81ba-473c-9127-8e7845c0a802,108BT,,0,0,1600026521560,0,0
plugin_ios_activity_recognition,"[""stationary""]",0,2,0,f24f1756-81ba-473c-9127-8e7845c0a802,108BT,,0,1,1600026526644,0,0
plugin_ios_activity_recognition,,0,2,0,f24f1756-81ba-473c-9127-8e7845c0a802,108BT,,0,0,1600026529819,0,0
plugin_ios_activity_recognition,"[""stationary""]",0,2,0,f24f1756-81ba-473c-9127-8e7845c0a802,108BT,,0,1,1600026536524,0,0
plugin_ios_activity_recognition,"[""stationary""]",0,2,0,f24f1756-81ba-473c-9127-8e7845c0a802,108BT,,0,1,1600026611379,0,0
plugin_ios_activity_recognition,"[""stationary""]",0,2,0,f24f1756-81ba-473c-9127-8e7845c0a802,108BT,,0,1,1600026791370,0,0
plugin_ios_activity_recognition,,0,2,0,f24f1756-81ba-473c-9127-8e7845c0a802,108BT,,0,0,1600026970378,0,0
plugin_ios_activity_recognition,,0,2,0,f24f1756-81ba-473c-9127-8e7845c0a802,108BT,,0,0,1600026971370,0,0
plugin_ios_activity_recognition,"[""stationary""]",0,2,0,f24f1756-81ba-473c-9127-8e7845c0a802,108BT,,0,1,1600026977995,0,0
plugin_ios_activity_recognition,"[""stationary""]",0,2,0,f24f1756-81ba-473c-9127-8e7845c0a802,108BT,,0,1,1600027151370,0,0
plugin_ios_activity_recognition,,0,2,0,f24f1756-81ba-473c-9127-8e7845c0a802,108BT,,0,0,1600027325768,0,0
plugin_ios_activity_recognition,"[""stationary""]",0,2,0,f24f1756-81ba-473c-9127-8e7845c0a802,108BT,,0,1,1600027329897,0,0
plugin_ios_activity_recognition,"[""stationary""]",0,2,0,f24f1756-81ba-473c-9127-8e7845c0a802,108BT,,0,1,1600027331381,0,0
plugin_ios_activity_recognition,,0,2,0,f24f1756-81ba-473c-9127-8e7845c0a802,108BT,,0,0,1600027359456,0,0
plugin_ios_activity_recognition,"[""stationary""]",0,2,0,f24f1756-81ba-473c-9127-8e7845c0a802,108BT,,0,1,1600027366129,0,0
plugin_ios_activity_recognition,,0,2,0,f24f1756-81ba-473c-9127-8e7845c0a802,108BT,,0,0,1600027386540,0,0
plugin_ios_activity_recognition,"[""walking""]",0,1,0,f24f1756-81ba-473c-9127-8e7845c0a802,108BT,,0,0,1600027390721,0,1
plugin_ios_activity_recognition,"[""walking""]",0,2,0,f24f1756-81ba-473c-9127-8e7845c0a802,108BT,,0,0,1600027395808,0,1
plugin_ios_activity_recognition,"[""stationary""]",0,2,0,f24f1756-81ba-473c-9127-8e7845c0a802,108BT,,0,1,1600027403432,0,0
plugin_ios_activity_recognition,"[""stationary""]",0,2,0,f24f1756-81ba-473c-9127-8e7845c0a802,108BT,,0,1,1600027511373,0,0
plugin_ios_activity_recognition,"[""stationary""]",0,2,0,f24f1756-81ba-473c-9127-8e7845c0a802,108BT,,0,1,1600027691371,0,0
plugin_ios_activity_recognition,,0,2,0,f24f1756-81ba-473c-9127-8e7845c0a802,108BT,,0,0,1600027849786,0,0
plugin_ios_activity_recognition,"[""stationary""]",0,2,0,f24f1756-81ba-473c-9127-8e7845c0a802,108BT,,0,1,1600027853920,0,0
plugin_ios_activity_recognition,,0,2,0,f24f1756-81ba-473c-9127-8e7845c0a802,108BT,,0,0,1600027858368,0,0
plugin_ios_activity_recognition,"[""stationary""]",0,2,0,f24f1756-81ba-473c-9127-8e7845c0a802,108BT,,0,1,1600027864745,0,0
plugin_ios_activity_recognition,,0,2,0,f24f1756-81ba-473c-9127-8e7845c0a802,108BT,,0,0,1600027869140,0,0
plugin_ios_activity_recognition,,0,2,0,f24f1756-81ba-473c-9127-8e7845c0a802,108BT,,0,0,1600027871372,0,0
plugin_ios_activity_recognition,"[""stationary""]",0,2,0,f24f1756-81ba-473c-9127-8e7845c0a802,108BT,,0,1,1600027902520,0,0
plugin_ios_activity_recognition,,0,2,0,f24f1756-81ba-473c-9127-8e7845c0a802,108BT,,0,0,1600027904101,0,0
plugin_ios_activity_recognition,"[""walking""]",0,1,0,f24f1756-81ba-473c-9127-8e7845c0a802,108BT,,0,0,1600027910510,0,1
plugin_ios_activity_recognition,"[""walking""]",0,2,0,f24f1756-81ba-473c-9127-8e7845c0a802,108BT,,0,0,1600027915594,0,1
plugin_ios_activity_recognition,"[""walking""]",0,2,0,f24f1756-81ba-473c-9127-8e7845c0a802,108BT,,0,0,1600028051381,0,1
plugin_ios_activity_recognition,"[""stationary""]",0,2,0,f24f1756-81ba-473c-9127-8e7845c0a802,108BT,,0,1,1600028121950,0,0
plugin_ios_activity_recognition,"[""walking""]",0,2,0,f24f1756-81ba-473c-9127-8e7845c0a802,108BT,,0,0,1600028143854,0,1
plugin_ios_activity_recognition,,0,2,0,f24f1756-81ba-473c-9127-8e7845c0a802,108BT,,0,0,1600028175065,0,0
plugin_ios_activity_recognition,"[""stationary""]",0,2,0,f24f1756-81ba-473c-9127-8e7845c0a802,108BT,,0,1,1600028182011,0,0
plugin_ios_activity_recognition,,0,2,0,f24f1756-81ba-473c-9127-8e7845c0a802,108BT,,0,0,1600028195711,0,0
plugin_ios_activity_recognition,"[""walking""]",0,1,0,f24f1756-81ba-473c-9127-8e7845c0a802,108BT,,0,0,1600028200534,0,1
plugin_ios_activity_recognition,"[""walking""]",0,2,0,f24f1756-81ba-473c-9127-8e7845c0a802,108BT,,0,0,1600028215802,0,1
plugin_ios_activity_recognition,"[""walking""]",0,2,0,f24f1756-81ba-473c-9127-8e7845c0a802,108BT,,0,0,1600028231374,0,1
plugin_ios_activity_recognition,,0,2,0,f24f1756-81ba-473c-9127-8e7845c0a802,108BT,,0,0,1600028287037,0,0
plugin_ios_activity_recognition,"[""walking""]",0,1,0,f24f1756-81ba-473c-9127-8e7845c0a802,108BT,,0,0,1600028294669,0,1
plugin_ios_activity_recognition,"[""walking""]",0,2,0,f24f1756-81ba-473c-9127-8e7845c0a802,108BT,,0,0,1600028297211,0,1
plugin_ios_activity_recognition,"[""walking""]",0,2,0,f24f1756-81ba-473c-9127-8e7845c0a802,108BT,,0,0,1600028411364,0,1
plugin_ios_activity_recognition,,0,2,0,f24f1756-81ba-473c-9127-8e7845c0a802,108BT,,0,0,1600028434597,0,0
plugin_ios_activity_recognition,"[""walking""]",0,1,0,f24f1756-81ba-473c-9127-8e7845c0a802,108BT,,0,0,1600028437141,0,1
plugin_ios_activity_recognition,"[""walking""]",0,2,0,f24f1756-81ba-473c-9127-8e7845c0a802,108BT,,0,0,1600028452406,0,1
plugin_ios_activity_recognition,"[""walking""]",0,2,0,f24f1756-81ba-473c-9127-8e7845c0a802,108BT,,0,0,1600028591360,0,1
plugin_ios_activity_recognition,"[""walking""]",0,2,0,f24f1756-81ba-473c-9127-8e7845c0a802,108BT,supplement,0,0,1600028771360,0,1
plugin_ios_activity_recognition,"[""walking""]",0,2,0,f24f1756-81ba-473c-9127-8e7845c0a802,108BT,,0,0,1600028771368,0,1
plugin_ios_activity_recognition,,0,2,0,f24f1756-81ba-473c-9127-8e7845c0a802,108BT,,0,0,1600028806062,0,0
plugin_ios_activity_recognition,"[""stationary""]",0,2,0,f24f1756-81ba-473c-9127-8e7845c0a802,108BT,,0,1,1600028828281,0,0
plugin_ios_activity_recognition,,0,2,0,f24f1756-81ba-473c-9127-8e7845c0a802,108BT,,0,0,1600028857212,0,0
plugin_ios_activity_recognition,"[""automotive""]",1,2,0,f24f1756-81ba-473c-9127-8e7845c0a802,108BT,,0,0,1600028892557,0,0
plugin_ios_activity_recognition,"[""automotive""]",1,2,0,f24f1756-81ba-473c-9127-8e7845c0a802,108BT,,0,0,1600028951357,0,0
plugin_ios_activity_recognition,"[""walking""]",0,2,0,f24f1756-81ba-473c-9127-8e7845c0a802,108BT,supplement,0,0,1600028951360,0,1
plugin_ios_activity_recognition,"[""automotive""]",1,2,0,f24f1756-81ba-473c-9127-8e7845c0a802,108BT,,0,0,1600028953628,0,0
plugin_ios_activity_recognition,"[""automotive""]",1,2,0,f24f1756-81ba-473c-9127-8e7845c0a802,108BT,,0,0,1600028973985,0,0
plugin_ios_activity_recognition,"[""automotive""]",1,2,0,f24f1756-81ba-473c-9127-8e7845c0a802,108BT,,0,0,1600029068138,0,0
plugin_ios_activity_recognition,"[""automotive""]",1,2,0,f24f1756-81ba-473c-9127-8e7845c0a802,108BT,,0,0,1600029101218,0,0
plugin_ios_activity_recognition,"[""automotive""]",1,2,0,f24f1756-81ba-473c-9127-8e7845c0a802,108BT,,0,0,1600029131357,0,0
plugin_ios_activity_recognition,"[""automotive""]",1,2,0,f24f1756-81ba-473c-9127-8e7845c0a802,108BT,,0,0,1600029147032,0,0
plugin_ios_activity_recognition,"[""automotive""]",1,2,0,f24f1756-81ba-473c-9127-8e7845c0a802,108BT,,0,0,1600029167389,0,0
plugin_ios_activity_recognition,"[""automotive""]",1,2,0,f24f1756-81ba-473c-9127-8e7845c0a802,108BT,,0,0,1600029233563,0,0
plugin_ios_activity_recognition,"[""automotive""]",1,2,0,f24f1756-81ba-473c-9127-8e7845c0a802,108BT,,0,0,1600029263091,0,0
plugin_ios_activity_recognition,"[""automotive""]",1,2,0,f24f1756-81ba-473c-9127-8e7845c0a802,108BT,,0,0,1600029311357,0,0
plugin_ios_activity_recognition,"[""automotive""]",1,2,0,f24f1756-81ba-473c-9127-8e7845c0a802,108BT,,0,0,1600029314998,0,0
plugin_ios_activity_recognition,"[""automotive""]",1,2,0,f24f1756-81ba-473c-9127-8e7845c0a802,108BT,,0,0,1600029358257,0,0
plugin_ios_activity_recognition,"[""automotive""]",1,2,0,f24f1756-81ba-473c-9127-8e7845c0a802,108BT,,0,0,1600029391336,0,0
plugin_ios_activity_recognition,"[""automotive""]",1,2,0,f24f1756-81ba-473c-9127-8e7845c0a802,108BT,,0,0,1600029421875,0,0
plugin_ios_activity_recognition,"[""automotive""]",1,2,0,f24f1756-81ba-473c-9127-8e7845c0a802,108BT,,0,0,1600029470232,0,0
plugin_ios_activity_recognition,"[""automotive""]",1,2,0,f24f1756-81ba-473c-9127-8e7845c0a802,108BT,,0,0,1600029485510,0,0
plugin_ios_activity_recognition,"[""automotive""]",1,2,0,f24f1756-81ba-473c-9127-8e7845c0a802,108BT,,0,0,1600029491362,0,0
plugin_ios_activity_recognition,"[""automotive""]",1,2,0,f24f1756-81ba-473c-9127-8e7845c0a802,108BT,,0,0,1600029549140,0,0
plugin_ios_activity_recognition,"[""automotive""]",1,2,0,f24f1756-81ba-473c-9127-8e7845c0a802,108BT,,0,0,1600029574585,0,0
plugin_ios_activity_recognition,"[""automotive""]",1,2,0,f24f1756-81ba-473c-9127-8e7845c0a802,108BT,,0,0,1600029625477,0,0
plugin_ios_activity_recognition,"[""automotive""]",1,2,0,f24f1756-81ba-473c-9127-8e7845c0a802,108BT,,0,0,1600029663635,0,0
plugin_ios_activity_recognition,"[""automotive""]",1,2,0,f24f1756-81ba-473c-9127-8e7845c0a802,108BT,,0,0,1600029671357,0,0
plugin_ios_activity_recognition,"[""automotive""]",1,2,0,f24f1756-81ba-473c-9127-8e7845c0a802,108BT,,0,0,1600029706908,0,0
plugin_ios_activity_recognition,"[""automotive""]",1,2,0,f24f1756-81ba-473c-9127-8e7845c0a802,108BT,,0,0,1600029742537,0,0
plugin_ios_activity_recognition,"[""automotive""]",1,2,0,f24f1756-81ba-473c-9127-8e7845c0a802,108BT,,0,0,1600029793448,0,0
plugin_ios_activity_recognition,"[""automotive""]",1,2,0,f24f1756-81ba-473c-9127-8e7845c0a802,108BT,,0,0,1600029806166,0,0
plugin_ios_activity_recognition,"[""automotive""]",1,2,0,f24f1756-81ba-473c-9127-8e7845c0a802,108BT,,0,0,1600029851353,0,0
plugin_ios_activity_recognition,"[""automotive""]",1,2,0,f24f1756-81ba-473c-9127-8e7845c0a802,108BT,,0,0,1600029874882,0,0
plugin_ios_activity_recognition,"[""automotive""]",1,2,0,f24f1756-81ba-473c-9127-8e7845c0a802,108BT,,0,0,1600029905418,0,0
plugin_ios_activity_recognition,"[""stationary"",""automotive""]",1,2,0,f24f1756-81ba-473c-9127-8e7845c0a802,108BT,,0,1,1600029960409,0,0
plugin_ios_activity_recognition,"[""automotive""]",1,2,0,f24f1756-81ba-473c-9127-8e7845c0a802,108BT,,0,0,1600029965816,0,0
plugin_ios_activity_recognition,"[""automotive""]",1,2,0,f24f1756-81ba-473c-9127-8e7845c0a802,108BT,,0,0,1600030014850,0,0
plugin_ios_activity_recognition,"[""automotive""]",1,2,0,f24f1756-81ba-473c-9127-8e7845c0a802,108BT,,0,0,1600030031356,0,0
plugin_ios_activity_recognition,,0,2,0,f24f1756-81ba-473c-9127-8e7845c0a802,108BT,,0,0,1600030037753,0,0
plugin_ios_activity_recognition,"[""walking""]",0,2,0,f24f1756-81ba-473c-9127-8e7845c0a802,108BT,,0,0,1600030040298,0,1
plugin_ios_activity_recognition,,0,2,0,f24f1756-81ba-473c-9127-8e7845c0a802,108BT,,0,0,1600030144640,0,0
plugin_ios_activity_recognition,,0,2,0,f24f1756-81ba-473c-9127-8e7845c0a802,108BT,,0,0,1600030211442,0,0
plugin_ios_activity_recognition,"[""stationary""]",0,2,0,f24f1756-81ba-473c-9127-8e7845c0a802,108BT,,0,1,1600030242597,0,0
plugin_ios_activity_recognition,,0,2,0,f24f1756-81ba-473c-9127-8e7845c0a802,108BT,,0,0,1600030295917,0,0
plugin_ios_activity_recognition,"[""walking""]",0,1,0,f24f1756-81ba-473c-9127-8e7845c0a802,108BT,,0,0,1600030299780,0,1
plugin_ios_activity_recognition,"[""walking""]",0,2,0,f24f1756-81ba-473c-9127-8e7845c0a802,108BT,,0,0,1600030312502,0,1
plugin_ios_activity_recognition,,0,2,0,f24f1756-81ba-473c-9127-8e7845c0a802,108BT,,0,0,1600030365931,0,0
plugin_ios_activity_recognition,,0,2,0,f24f1756-81ba-473c-9127-8e7845c0a802,108BT,,0,0,1600030391358,0,0
plugin_ios_activity_recognition,"[""walking""]",0,1,0,f24f1756-81ba-473c-9127-8e7845c0a802,108BT,,0,0,1600030416819,0,1
plugin_ios_activity_recognition,"[""walking""]",0,2,0,f24f1756-81ba-473c-9127-8e7845c0a802,108BT,,0,0,1600030419364,0,1
plugin_ios_activity_recognition,,0,2,0,f24f1756-81ba-473c-9127-8e7845c0a802,108BT,,0,0,1600030473710,0,0
plugin_ios_activity_recognition,"[""stationary""]",0,2,0,f24f1756-81ba-473c-9127-8e7845c0a802,108BT,,0,1,1600030477210,0,0
plugin_ios_activity_recognition,,0,2,0,f24f1756-81ba-473c-9127-8e7845c0a802,108BT,,0,0,1600030492819,0,0
plugin_ios_activity_recognition,"[""walking""]",0,1,0,f24f1756-81ba-473c-9127-8e7845c0a802,108BT,,0,0,1600030500822,0,1
plugin_ios_activity_recognition,"[""running""]",0,2,0,f24f1756-81ba-473c-9127-8e7845c0a802,108BT,,1,0,1600030505924,0,0
plugin_ios_activity_recognition,"[""walking""]",0,1,0,f24f1756-81ba-473c-9127-8e7845c0a802,108BT,,0,0,1600030511005,0,1
plugin_ios_activity_recognition,"[""walking""]",0,2,0,f24f1756-81ba-473c-9127-8e7845c0a802,108BT,,0,0,1600030513545,0,1
plugin_ios_activity_recognition,"[""walking""]",0,2,0,f24f1756-81ba-473c-9127-8e7845c0a802,108BT,,0,0,1600030571349,0,1
plugin_ios_activity_recognition,,0,2,0,f24f1756-81ba-473c-9127-8e7845c0a802,108BT,,0,0,1600030600047,0,0
plugin_ios_activity_recognition,,0,2,0,f24f1756-81ba-473c-9127-8e7845c0a802,108BT,,0,0,1600030751355,0,0
plugin_ios_activity_recognition,,0,2,0,f24f1756-81ba-473c-9127-8e7845c0a802,108BT,supplement,0,0,1600030931355,0,0
plugin_ios_activity_recognition,,0,2,0,f24f1756-81ba-473c-9127-8e7845c0a802,108BT,,0,0,1600030931433,0,0
plugin_ios_activity_recognition,"[""stationary""]",0,2,0,f24f1756-81ba-473c-9127-8e7845c0a802,108BT,,0,1,1600030940840,0,0
plugin_ios_activity_recognition,,0,2,0,f24f1756-81ba-473c-9127-8e7845c0a802,108BT,,0,0,1600030945555,0,0
plugin_ios_activity_recognition,"[""stationary""]",0,2,0,f24f1756-81ba-473c-9127-8e7845c0a802,108BT,,0,1,1600030978983,0,0
plugin_ios_activity_recognition,,0,2,0,f24f1756-81ba-473c-9127-8e7845c0a802,108BT,,0,0,1600030982747,0,0
plugin_ios_activity_recognition,"[""stationary""]",0,2,0,f24f1756-81ba-473c-9127-8e7845c0a802,108BT,,0,1,1600031046218,0,0
plugin_ios_activity_recognition,,0,2,0,f24f1756-81ba-473c-9127-8e7845c0a802,108BT,,0,0,1600031048122,0,0
plugin_ios_activity_recognition,"[""stationary""]",0,2,0,f24f1756-81ba-473c-9127-8e7845c0a802,108BT,,0,1,1600031054460,0,0
plugin_ios_activity_recognition,,0,2,0,f24f1756-81ba-473c-9127-8e7845c0a802,108BT,,0,0,1600031057318,0,0
plugin_ios_activity_recognition,"[""stationary""]",0,2,0,f24f1756-81ba-473c-9127-8e7845c0a802,108BT,,0,1,1600031100860,0,0
plugin_ios_activity_recognition,,0,2,0,f24f1756-81ba-473c-9127-8e7845c0a802,108BT,,0,0,1600031103978,0,0
plugin_ios_activity_recognition,,0,2,0,f24f1756-81ba-473c-9127-8e7845c0a802,108BT,supplement,0,0,1600031111355,0,0
plugin_ios_activity_recognition,,0,2,0,f24f1756-81ba-473c-9127-8e7845c0a802,108BT,,0,0,1600031111356,0,0
plugin_ios_activity_recognition,"[""stationary""]",0,2,0,f24f1756-81ba-473c-9127-8e7845c0a802,108BT,,0,1,1600031144996,0,0
plugin_ios_activity_recognition,,0,2,0,f24f1756-81ba-473c-9127-8e7845c0a802,108BT,,0,0,1600031148496,0,0
plugin_ios_activity_recognition,,0,2,0,f24f1756-81ba-473c-9127-8e7845c0a802,108BT,,0,0,1600031291434,0,0
plugin_ios_activity_recognition,,0,2,0,f24f1756-81ba-473c-9127-8e7845c0a802,108BT,,0,0,1600031471355,0,0
plugin_ios_activity_recognition,,0,2,0,f24f1756-81ba-473c-9127-8e7845c0a802,108BT,supplement,0,0,1600031651355,0,0
plugin_ios_activity_recognition,,0,2,0,f24f1756-81ba-473c-9127-8e7845c0a802,108BT,,0,0,1600031651442,0,0
plugin_ios_activity_recognition,,0,2,0,f24f1756-81ba-473c-9127-8e7845c0a802,108BT,,0,0,1600031831348,0,0
plugin_ios_activity_recognition,,0,2,0,f24f1756-81ba-473c-9127-8e7845c0a802,108BT,supplement,0,0,1600031831355,0,0
plugin_ios_activity_recognition,,0,2,0,f24f1756-81ba-473c-9127-8e7845c0a802,108BT,,0,0,1600032011344,0,0
plugin_ios_activity_recognition,,0,2,0,f24f1756-81ba-473c-9127-8e7845c0a802,108BT,,0,0,1600032191341,0,0
plugin_ios_activity_recognition,,0,2,0,f24f1756-81ba-473c-9127-8e7845c0a802,108BT,supplement,0,0,1600032371341,0,0
plugin_ios_activity_recognition,,0,2,0,f24f1756-81ba-473c-9127-8e7845c0a802,108BT,,0,0,1600032371342,0,0
plugin_ios_activity_recognition,"[""walking""]",0,1,0,f24f1756-81ba-473c-9127-8e7845c0a802,108BT,,0,0,1600032431913,0,1
plugin_ios_activity_recognition,"[""walking""]",0,2,0,f24f1756-81ba-473c-9127-8e7845c0a802,108BT,,0,0,1600032447182,0,1
plugin_ios_activity_recognition,"[""stationary""]",0,2,0,f24f1756-81ba-473c-9127-8e7845c0a802,108BT,,0,1,1600032485623,0,0
plugin_ios_activity_recognition,,0,2,0,f24f1756-81ba-473c-9127-8e7845c0a802,108BT,,0,0,1600032516529,0,0
plugin_ios_activity_recognition,"[""stationary""]",0,2,0,f24f1756-81ba-473c-9127-8e7845c0a802,108BT,,0,1,1600032528293,0,0
plugin_ios_activity_recognition,"[""stationary""]",0,2,0,f24f1756-81ba-473c-9127-8e7845c0a802,108BT,,0,1,1600032551337,0,0
plugin_ios_activity_recognition,,0,2,0,f24f1756-81ba-473c-9127-8e7845c0a802,108BT,supplement,0,0,1600032551341,0,0
plugin_ios_activity_recognition,,0,2,0,f24f1756-81ba-473c-9127-8e7845c0a802,108BT,,0,0,1600032565180,0,0
plugin_ios_activity_recognition,"[""stationary""]",0,2,0,f24f1756-81ba-473c-9127-8e7845c0a802,108BT,,0,1,1600032569623,0,0
plugin_ios_activity_recognition,,0,2,0,f24f1756-81ba-473c-9127-8e7845c0a802,108BT,,0,0,1600032603969,0,0
plugin_ios_activity_recognition,"[""walking""]",0,1,0,f24f1756-81ba-473c-9127-8e7845c0a802,108BT,,0,0,1600032607513,0,1
plugin_ios_activity_recognition,"[""walking""]",0,2,0,f24f1756-81ba-473c-9127-8e7845c0a802,108BT,,0,0,1600032612603,0,1
plugin_ios_activity_recognition,,0,2,0,f24f1756-81ba-473c-9127-8e7845c0a802,108BT,,0,0,1600032663499,0,0
plugin_ios_activity_recognition,,0,2,0,f24f1756-81ba-473c-9127-8e7845c0a802,108BT,,0,0,1600032731432,0,0
plugin_ios_activity_recognition,"[""stationary""]",0,2,0,f24f1756-81ba-473c-9127-8e7845c0a802,108BT,,0,1,1600032754435,0,0
plugin_ios_activity_recognition,,0,2,0,f24f1756-81ba-473c-9127-8e7845c0a802,108BT,,0,0,1600032792930,0,0
plugin_ios_activity_recognition,"[""stationary""]",0,2,0,f24f1756-81ba-473c-9127-8e7845c0a802,108BT,,0,1,1600032797064,0,0
plugin_ios_activity_recognition,,0,2,0,f24f1756-81ba-473c-9127-8e7845c0a802,108BT,,0,0,1600032849872,0,0
plugin_ios_activity_recognition,"[""stationary""]",0,2,0,f24f1756-81ba-473c-9127-8e7845c0a802,108BT,,0,1,1600032854362,0,0
plugin_ios_activity_recognition,,0,2,0,f24f1756-81ba-473c-9127-8e7845c0a802,108BT,,0,0,1600032873764,0,0
plugin_ios_activity_recognition,"[""stationary""]",0,2,0,f24f1756-81ba-473c-9127-8e7845c0a802,108BT,,0,1,1600032886794,0,0
plugin_ios_activity_recognition,,0,2,0,f24f1756-81ba-473c-9127-8e7845c0a802,108BT,,0,0,1600032900803,0,0
plugin_ios_activity_recognition,"[""stationary""]",0,2,0,f24f1756-81ba-473c-9127-8e7845c0a802,108BT,,0,1,1600032907480,0,0
plugin_ios_activity_recognition,"[""stationary""]",0,2,0,f24f1756-81ba-473c-9127-8e7845c0a802,108BT,,0,1,1600032911408,0,0
plugin_ios_activity_recognition,,0,2,0,f24f1756-81ba-473c-9127-8e7845c0a802,108BT,,0,0,1600032930112,0,0
plugin_ios_activity_recognition,"[""stationary""]",0,2,0,f24f1756-81ba-473c-9127-8e7845c0a802,108BT,,0,1,1600032936157,0,0
plugin_ios_activity_recognition,,0,2,0,f24f1756-81ba-473c-9127-8e7845c0a802,108BT,,0,0,1600033002490,0,0
plugin_ios_activity_recognition,"[""stationary""]",0,2,0,f24f1756-81ba-473c-9127-8e7845c0a802,108BT,,0,1,1600033006626,0,0
plugin_ios_activity_recognition,,0,2,0,f24f1756-81ba-473c-9127-8e7845c0a802,108BT,,0,0,1600033033709,0,0
plugin_ios_activity_recognition,"[""stationary""]",0,2,0,f24f1756-81ba-473c-9127-8e7845c0a802,108BT,,0,1,1600033038163,0,0
plugin_ios_activity_recognition,,0,2,0,f24f1756-81ba-473c-9127-8e7845c0a802,108BT,,0,0,1600033041026,0,0
plugin_ios_activity_recognition,"[""stationary""]",0,2,0,f24f1756-81ba-473c-9127-8e7845c0a802,108BT,,0,1,1600033045158,0,0
plugin_ios_activity_recognition,,0,2,0,f24f1756-81ba-473c-9127-8e7845c0a802,108BT,,0,0,1600033050879,0,0
plugin_ios_activity_recognition,"[""stationary""]",0,2,0,f24f1756-81ba-473c-9127-8e7845c0a802,108BT,,0,1,1600033064240,0,0
plugin_ios_activity_recognition,,0,2,0,f24f1756-81ba-473c-9127-8e7845c0a802,108BT,,0,0,1600033080114,0,0
plugin_ios_activity_recognition,,0,2,0,f24f1756-81ba-473c-9127-8e7845c0a802,108BT,,0,0,1600033091410,0,0
plugin_ios_activity_recognition,"[""stationary""]",0,2,0,f24f1756-81ba-473c-9127-8e7845c0a802,108BT,,0,1,1600033114781,0,0
plugin_ios_activity_recognition,,0,2,0,f24f1756-81ba-473c-9127-8e7845c0a802,108BT,,0,0,1600033115418,0,0
plugin_ios_activity_recognition,"[""stationary""]",0,2,0,f24f1756-81ba-473c-9127-8e7845c0a802,108BT,,0,1,1600033137949,0,0
plugin_ios_activity_recognition,,0,2,0,f24f1756-81ba-473c-9127-8e7845c0a802,108BT,,0,0,1600033139578,0,0
plugin_ios_activity_recognition,"[""stationary""]",0,2,0,f24f1756-81ba-473c-9127-8e7845c0a802,108BT,,0,1,1600033146836,0,0
plugin_ios_activity_recognition,,0,2,0,f24f1756-81ba-473c-9127-8e7845c0a802,108BT,,0,0,1600033148417,0,0
plugin_ios_activity_recognition,"[""stationary""]",0,2,0,f24f1756-81ba-473c-9127-8e7845c0a802,108BT,,0,1,1600033201772,0,0
plugin_ios_activity_recognition,,0,2,0,f24f1756-81ba-473c-9127-8e7845c0a802,108BT,,0,0,1600033203676,0,0
plugin_ios_activity_recognition,,0,2,0,f24f1756-81ba-473c-9127-8e7845c0a802,108BT,,0,0,1600033271342,0,0
plugin_ios_activity_recognition,"[""stationary""]",0,2,0,f24f1756-81ba-473c-9127-8e7845c0a802,108BT,,0,1,1600033377938,0,0
plugin_ios_activity_recognition,"[""stationary""]",0,2,0,f24f1756-81ba-473c-9127-8e7845c0a802,108BT,,0,1,1600033451338,0,0
plugin_ios_activity_recognition,"[""stationary""]",0,2,0,f24f1756-81ba-473c-9127-8e7845c0a802,108BT,supplement,0,1,1600033631338,0,0
plugin_ios_activity_recognition,"[""stationary""]",0,2,0,f24f1756-81ba-473c-9127-8e7845c0a802,108BT,,0,1,1600033631429,0,0
plugin_ios_activity_recognition,"[""stationary""]",0,2,0,f24f1756-81ba-473c-9127-8e7845c0a802,108BT,,0,1,1600033811333,0,0
plugin_ios_activity_recognition,"[""stationary""]",0,2,0,f24f1756-81ba-473c-9127-8e7845c0a802,108BT,supplement,0,1,1600033811338,0,0
plugin_ios_activity_recognition,"[""stationary""]",0,2,0,f24f1756-81ba-473c-9127-8e7845c0a802,108BT,,0,1,1600033991331,0,0
plugin_ios_activity_recognition,,0,2,0,f24f1756-81ba-473c-9127-8e7845c0a802,108BT,,0,0,1600034072909,0,0
plugin_ios_activity_recognition,,0,2,0,f24f1756-81ba-473c-9127-8e7845c0a802,108BT,,0,0,1600034171357,0,0
plugin_ios_activity_recognition,,0,2,0,f24f1756-81ba-473c-9127-8e7845c0a802,108BT,supplement,0,0,1600034351357,0,0
plugin_ios_activity_recognition,,0,2,0,f24f1756-81ba-473c-9127-8e7845c0a802,108BT,,0,0,1600034351423,0,0
plugin_ios_activity_recognition,"[""stationary""]",0,2,0,f24f1756-81ba-473c-9127-8e7845c0a802,108BT,,0,1,1600034437735,0,0
plugin_ios_activity_recognition,,0,2,0,f24f1756-81ba-473c-9127-8e7845c0a802,108BT,,0,0,1600034476869,0,0
plugin_ios_activity_recognition,"[""stationary""]",0,2,0,f24f1756-81ba-473c-9127-8e7845c0a802,108BT,,0,1,1600034481952,0,0
plugin_ios_activity_recognition,"[""stationary""]",0,2,0,f24f1756-81ba-473c-9127-8e7845c0a802,108BT,,0,1,1600034531344,0,0
plugin_ios_activity_recognition,,0,2,0,f24f1756-81ba-473c-9127-8e7845c0a802,108BT,supplement,0,0,1600034531357,0,0
plugin_ios_activity_recognition,,0,2,0,f24f1756-81ba-473c-9127-8e7845c0a802,108BT,,0,0,1600034570652,0,0
plugin_ios_activity_recognition,"[""stationary""]",0,2,0,f24f1756-81ba-473c-9127-8e7845c0a802,108BT,,0,1,1600034576049,0,0
plugin_ios_activity_recognition,"[""stationary""]",0,2,0,f24f1756-81ba-473c-9127-8e7845c0a802,108BT,,0,1,1600034711328,0,0
plugin_ios_activity_recognition,"[""stationary""]",0,2,0,f24f1756-81ba-473c-9127-8e7845c0a802,108BT,,0,1,1600034891328,0,0
plugin_ios_activity_recognition,,0,2,0,f24f1756-81ba-473c-9127-8e7845c0a802,108BT,,0,0,1600034951758,0,0
plugin_ios_activity_recognition,"[""stationary""]",0,2,0,f24f1756-81ba-473c-9127-8e7845c0a802,108BT,,0,1,1600034989937,0,0
plugin_ios_activity_recognition,,0,2,0,f24f1756-81ba-473c-9127-8e7845c0a802,108BT,,0,0,1600035055612,0,0
plugin_ios_activity_recognition,"[""stationary""]",0,2,0,f24f1756-81ba-473c-9127-8e7845c0a802,108BT,,0,1,1600035060055,0,0
plugin_ios_activity_recognition,"[""stationary""]",0,2,0,f24f1756-81ba-473c-9127-8e7845c0a802,108BT,supplement,0,1,1600035071328,0,0
plugin_ios_activity_recognition,"[""stationary""]",0,2,0,f24f1756-81ba-473c-9127-8e7845c0a802,108BT,,0,1,1600035071421,0,0
plugin_ios_activity_recognition,"[""stationary""]",0,2,0,f24f1756-81ba-473c-9127-8e7845c0a802,108BT,,0,1,1600035251327,0,0
plugin_ios_activity_recognition,"[""stationary""]",0,2,0,f24f1756-81ba-473c-9127-8e7845c0a802,108BT,,0,1,1600035431323,0,0
plugin_ios_activity_recognition,"[""stationary""]",0,2,0,f24f1756-81ba-473c-9127-8e7845c0a802,108BT,supplement,0,1,1600035611323,0,0
plugin_ios_activity_recognition,"[""stationary""]",0,2,0,f24f1756-81ba-473c-9127-8e7845c0a802,108BT,,0,1,1600035611324,0,0
plugin_ios_activity_recognition,"[""stationary""]",0,2,0,f24f1756-81ba-473c-9127-8e7845c0a802,108BT,supplement,0,1,1600035791323,0,0
plugin_ios_activity_recognition,"[""stationary""]",0,2,0,f24f1756-81ba-473c-9127-8e7845c0a802,108BT,supplement,0,1,1600035791324,0,0
plugin_ios_activity_recognition,"[""stationary""]",0,2,0,f24f1756-81ba-473c-9127-8e7845c0a802,108BT,,0,1,1600035791399,0,0
plugin_ios_activity_recognition,,0,2,0,f24f1756-81ba-473c-9127-8e7845c0a802,108BT,,0,0,1600035805549,0,0
plugin_ios_activity_recognition,"[""stationary""]",0,2,0,f24f1756-81ba-473c-9127-8e7845c0a802,108BT,,0,1,1600035810353,0,0
plugin_ios_activity_recognition,,0,2,0,f24f1756-81ba-473c-9127-8e7845c0a802,108BT,,0,0,1600035936910,0,0
plugin_ios_activity_recognition,"[""walking""]",0,1,0,f24f1756-81ba-473c-9127-8e7845c0a802,108BT,,0,0,1600035942995,0,1
plugin_ios_activity_recognition,"[""stationary""]",0,2,0,f24f1756-81ba-473c-9127-8e7845c0a802,108BT,,0,1,1600035958253,0,0
plugin_ios_activity_recognition,"[""stationary""]",0,2,0,f24f1756-81ba-473c-9127-8e7845c0a802,108BT,,0,1,1600035971321,0,0
plugin_ios_activity_recognition,"[""stationary""]",0,2,0,f24f1756-81ba-473c-9127-8e7845c0a802,108BT,supplement,0,1,1600035971324,0,0
plugin_ios_activity_recognition,"[""walking""]",0,2,0,f24f1756-81ba-473c-9127-8e7845c0a802,108BT,,0,0,1600036001603,0,1
plugin_ios_activity_recognition,"[""stationary""]",0,2,0,f24f1756-81ba-473c-9127-8e7845c0a802,108BT,,0,1,1600036007919,0,0
plugin_ios_activity_recognition,,0,2,0,f24f1756-81ba-473c-9127-8e7845c0a802,108BT,,0,0,1600036034751,0,0
plugin_ios_activity_recognition,"[""stationary""]",0,2,0,f24f1756-81ba-473c-9127-8e7845c0a802,108BT,,0,1,1600036083090,0,0
plugin_ios_activity_recognition,,0,2,0,f24f1756-81ba-473c-9127-8e7845c0a802,108BT,,0,0,1600036140381,0,0
plugin_ios_activity_recognition,"[""stationary""]",0,2,0,f24f1756-81ba-473c-9127-8e7845c0a802,108BT,,0,1,1600036143870,0,0
plugin_ios_activity_recognition,"[""stationary""]",0,2,0,f24f1756-81ba-473c-9127-8e7845c0a802,108BT,,0,1,1600036151323,0,0
plugin_ios_activity_recognition,"[""stationary""]",0,2,0,f24f1756-81ba-473c-9127-8e7845c0a802,108BT,,0,1,1600036331322,0,0
plugin_ios_activity_recognition,,0,2,0,f24f1756-81ba-473c-9127-8e7845c0a802,108BT,,0,0,1600036490423,0,0
plugin_ios_activity_recognition,"[""stationary""]",0,2,0,f24f1756-81ba-473c-9127-8e7845c0a802,108BT,,0,1,1600036494235,0,0
plugin_ios_activity_recognition,"[""stationary""]",0,2,0,f24f1756-81ba-473c-9127-8e7845c0a802,108BT,,0,1,1600036511383,0,0
plugin_ios_activity_recognition,,0,2,0,f24f1756-81ba-473c-9127-8e7845c0a802,108BT,,0,0,1600036574865,0,0
plugin_ios_activity_recognition,"[""stationary""]",0,2,0,f24f1756-81ba-473c-9127-8e7845c0a802,108BT,,0,1,1600036580570,0,0
plugin_ios_activity_recognition,"[""stationary""]",0,2,0,f24f1756-81ba-473c-9127-8e7845c0a802,108BT,,0,1,1600036691319,0,0
plugin_ios_activity_recognition,"[""stationary""]",0,2,0,f24f1756-81ba-473c-9127-8e7845c0a802,108BT,supplement,0,1,1600036871319,0,0
plugin_ios_activity_recognition,"[""stationary""]",0,2,0,f24f1756-81ba-473c-9127-8e7845c0a802,108BT,,0,1,1600036871323,0,0
plugin_ios_activity_recognition,"[""stationary""]",0,2,0,f24f1756-81ba-473c-9127-8e7845c0a802,108BT,,0,1,1600037051319,0,0
plugin_ios_activity_recognition,"[""stationary""]",0,2,0,f24f1756-81ba-473c-9127-8e7845c0a802,108BT,supplement,0,1,1600037231319,0,0
plugin_ios_activity_recognition,"[""stationary""]",0,2,0,f24f1756-81ba-473c-9127-8e7845c0a802,108BT,,0,1,1600037231388,0,0
plugin_ios_activity_recognition,,0,2,0,f24f1756-81ba-473c-9127-8e7845c0a802,108BT,,0,0,1600037242303,0,0
plugin_ios_activity_recognition,"[""walking""]",0,1,0,f24f1756-81ba-473c-9127-8e7845c0a802,108BT,,0,0,1600037251574,0,1
plugin_ios_activity_recognition,"[""walking""]",0,2,0,f24f1756-81ba-473c-9127-8e7845c0a802,108BT,,0,0,1600037254118,0,1
plugin_ios_activity_recognition,,0,2,0,f24f1756-81ba-473c-9127-8e7845c0a802,108BT,,0,0,1600037305591,0,0
plugin_ios_activity_recognition,"[""stationary""]",0,2,0,f24f1756-81ba-473c-9127-8e7845c0a802,108BT,supplement,0,1,1600037411319,0,0
plugin_ios_activity_recognition,,0,2,0,f24f1756-81ba-473c-9127-8e7845c0a802,108BT,,0,0,1600037411354,0,0
plugin_ios_activity_recognition,"[""stationary""]",0,2,0,f24f1756-81ba-473c-9127-8e7845c0a802,108BT,,0,1,1600037458875,0,0
plugin_ios_activity_recognition,,0,2,0,f24f1756-81ba-473c-9127-8e7845c0a802,108BT,,0,0,1600037459511,0,0
plugin_ios_activity_recognition,,0,2,0,f24f1756-81ba-473c-9127-8e7845c0a802,108BT,,0,0,1600037591317,0,0
plugin_ios_activity_recognition,,0,2,0,f24f1756-81ba-473c-9127-8e7845c0a802,108BT,,0,0,1600037771316,0,0
plugin_ios_activity_recognition,,0,2,0,f24f1756-81ba-473c-9127-8e7845c0a802,108BT,supplement,0,0,1600037951316,0,0
plugin_ios_activity_recognition,,0,2,0,f24f1756-81ba-473c-9127-8e7845c0a802,108BT,,0,0,1600037951402,0,0
plugin_ios_activity_recognition,,0,2,0,f24f1756-81ba-473c-9127-8e7845c0a802,108BT,supplement,0,0,1600038131316,0,0
plugin_ios_activity_recognition,,0,2,0,f24f1756-81ba-473c-9127-8e7845c0a802,108BT,,0,0,1600038131390,0,0
plugin_ios_activity_recognition,"[""stationary""]",0,2,0,f24f1756-81ba-473c-9127-8e7845c0a802,108BT,,0,1,1600038169990,0,0
plugin_ios_activity_recognition,,0,2,0,f24f1756-81ba-473c-9127-8e7845c0a802,108BT,,0,0,1600038171533,0,0
plugin_ios_activity_recognition,,0,2,0,f24f1756-81ba-473c-9127-8e7845c0a802,108BT,,0,0,1600038311320,0,0
plugin_ios_activity_recognition,,0,2,0,f24f1756-81ba-473c-9127-8e7845c0a802,108BT,,0,0,1600038491316,0,0
plugin_ios_activity_recognition,,0,2,0,f24f1756-81ba-473c-9127-8e7845c0a802,108BT,,0,0,1600038671316,0,0
plugin_ios_activity_recognition,"[""stationary""]",0,2,0,f24f1756-81ba-473c-9127-8e7845c0a802,108BT,,0,1,1600038673013,0,0
plugin_ios_activity_recognition,,0,2,0,f24f1756-81ba-473c-9127-8e7845c0a802,108BT,,0,0,1600038675549,0,0
plugin_ios_activity_recognition,"[""stationary""]",0,2,0,f24f1756-81ba-473c-9127-8e7845c0a802,108BT,,0,1,1600038701003,0,0
plugin_ios_activity_recognition,,0,2,0,f24f1756-81ba-473c-9127-8e7845c0a802,108BT,,0,0,1600038712456,0,0
plugin_ios_activity_recognition,"[""walking""]",0,2,0,f24f1756-81ba-473c-9127-8e7845c0a802,108BT,,0,0,1600038765311,0,1
plugin_ios_activity_recognition,"[""stationary""]",0,2,0,f24f1756-81ba-473c-9127-8e7845c0a802,108BT,,0,1,1600038780218,0,0
plugin_ios_activity_recognition,"[""walking""]",0,2,0,f24f1756-81ba-473c-9127-8e7845c0a802,108BT,,0,0,1600038786583,0,1
plugin_ios_activity_recognition,"[""stationary""]",0,2,0,f24f1756-81ba-473c-9127-8e7845c0a802,108BT,,0,1,1600038793567,0,0
plugin_ios_activity_recognition,"[""walking""]",0,2,0,f24f1756-81ba-473c-9127-8e7845c0a802,108BT,,0,0,1600038804702,0,1
plugin_ios_activity_recognition,,0,2,0,f24f1756-81ba-473c-9127-8e7845c0a802,108BT,,0,0,1600038806019,0,0
plugin_ios_activity_recognition,"[""stationary""]",0,2,0,f24f1756-81ba-473c-9127-8e7845c0a802,108BT,,0,1,1600038809470,0,0
plugin_ios_activity_recognition,,0,2,0,f24f1756-81ba-473c-9127-8e7845c0a802,108BT,,0,0,1600038813919,0,0
plugin_ios_activity_recognition,"[""stationary""]",0,2,0,f24f1756-81ba-473c-9127-8e7845c0a802,108BT,,0,1,1600038819005,0,0
plugin_ios_activity_recognition,"[""stationary""]",0,2,0,f24f1756-81ba-473c-9127-8e7845c0a802,108BT,,0,1,1600038851395,0,0
plugin_ios_activity_recognition,,0,2,0,f24f1756-81ba-473c-9127-8e7845c0a802,108BT,,0,0,1600038935220,0,0
plugin_ios_activity_recognition,"[""stationary""]",0,2,0,f24f1756-81ba-473c-9127-8e7845c0a802,108BT,,0,1,1600038939988,0,0
plugin_ios_activity_recognition,,0,2,0,f24f1756-81ba-473c-9127-8e7845c0a802,108BT,,0,0,1600039008171,0,0
plugin_ios_activity_recognition,"[""walking""]",0,1,0,f24f1756-81ba-473c-9127-8e7845c0a802,108BT,,0,0,1600039014897,0,1
plugin_ios_activity_recognition,"[""walking""]",0,2,0,f24f1756-81ba-473c-9127-8e7845c0a802,108BT,,0,0,1600039019614,0,1
plugin_ios_activity_recognition,,0,2,0,f24f1756-81ba-473c-9127-8e7845c0a802,108BT,,0,0,1600039019979,0,0
plugin_ios_activity_recognition,,0,2,0,f24f1756-81ba-473c-9127-8e7845c0a802,108BT,,0,0,1600039031312,0,0
plugin_ios_activity_recognition,"[""stationary""]",0,2,0,f24f1756-81ba-473c-9127-8e7845c0a802,108BT,,0,1,1600039036475,0,0
plugin_ios_activity_recognition,,0,2,0,f24f1756-81ba-473c-9127-8e7845c0a802,108BT,,0,0,1600039172011,0,0
plugin_ios_activity_recognition,"[""stationary""]",0,2,0,f24f1756-81ba-473c-9127-8e7845c0a802,108BT,,0,1,1600039177777,0,0
plugin_ios_activity_recognition,"[""stationary""]",0,2,0,f24f1756-81ba-473c-9127-8e7845c0a802,108BT,,0,1,1600039211302,0,0
plugin_ios_activity_recognition,,0,2,0,f24f1756-81ba-473c-9127-8e7845c0a802,108BT,,0,0,1600039382124,0,0
plugin_ios_activity_recognition,"[""walking""]",0,1,0,f24f1756-81ba-473c-9127-8e7845c0a802,108BT,,0,0,1600039386943,0,1
plugin_ios_activity_recognition,"[""walking""]",0,1,0,f24f1756-81ba-473c-9127-8e7845c0a802,108BT,,0,0,1600039391397,0,1
plugin_ios_activity_recognition,"[""walking""]",0,2,0,f24f1756-81ba-473c-9127-8e7845c0a802,108BT,,0,0,1600039394579,0,1
plugin_ios_activity_recognition,,0,2,0,f24f1756-81ba-473c-9127-8e7845c0a802,108BT,,0,0,1600039476027,0,0
plugin_ios_activity_recognition,"[""walking""]",0,2,0,f24f1756-81ba-473c-9127-8e7845c0a802,108BT,,0,0,1600039519294,0,1
plugin_ios_activity_recognition,"[""stationary""]",0,2,0,f24f1756-81ba-473c-9127-8e7845c0a802,108BT,,0,1,1600039533564,0,0
plugin_ios_activity_recognition,"[""stationary""]",0,2,0,f24f1756-81ba-473c-9127-8e7845c0a802,108BT,,0,1,1600039571304,0,0
plugin_ios_activity_recognition,,0,2,0,f24f1756-81ba-473c-9127-8e7845c0a802,108BT,,0,0,1600039593528,0,0
plugin_ios_activity_recognition,"[""walking""]",0,1,0,f24f1756-81ba-473c-9127-8e7845c0a802,108BT,,0,0,1600039598345,0,1
plugin_ios_activity_recognition,"[""stationary""]",0,2,0,f24f1756-81ba-473c-9127-8e7845c0a802,108BT,,0,1,1600039607201,0,0
plugin_ios_activity_recognition,,0,2,0,f24f1756-81ba-473c-9127-8e7845c0a802,108BT,,0,0,1600039671504,0,0
plugin_ios_activity_recognition,"[""stationary""]",0,2,0,f24f1756-81ba-473c-9127-8e7845c0a802,108BT,,0,1,1600039700205,0,0
plugin_ios_activity_recognition,"[""stationary""]",0,2,0,f24f1756-81ba-473c-9127-8e7845c0a802,108BT,,0,1,1600039751302,0,0
plugin_ios_activity_recognition,"[""stationary""]",0,2,0,f24f1756-81ba-473c-9127-8e7845c0a802,108BT,,0,1,1600039931297,0,0
plugin_ios_activity_recognition,,0,2,0,f24f1756-81ba-473c-9127-8e7845c0a802,108BT,,0,0,1600040093111,0,0
plugin_ios_activity_recognition,"[""stationary""]",0,2,0,f24f1756-81ba-473c-9127-8e7845c0a802,108BT,,0,1,1600040099105,0,0
plugin_ios_activity_recognition,"[""stationary""]",0,2,0,f24f1756-81ba-473c-9127-8e7845c0a802,108BT,,0,1,1600040111424,0,0
plugin_ios_activity_recognition,"[""stationary""]",0,2,0,f24f1756-81ba-473c-9127-8e7845c0a802,108BT,,0,1,1600040291402,0,0
plugin_ios_activity_recognition,"[""stationary""]",0,2,0,f24f1756-81ba-473c-9127-8e7845c0a802,108BT,,0,1,1600040471293,0,0
plugin_ios_activity_recognition,"[""stationary""]",0,2,0,f24f1756-81ba-473c-9127-8e7845c0a802,108BT,supplement,0,1,1600040651293,0,0
plugin_ios_activity_recognition,"[""stationary""]",0,2,0,f24f1756-81ba-473c-9127-8e7845c0a802,108BT,,0,1,1600040651296,0,0
plugin_ios_activity_recognition,,0,2,0,f24f1756-81ba-473c-9127-8e7845c0a802,108BT,,0,0,1600040739188,0,0
plugin_ios_activity_recognition,"[""stationary""]",0,2,0,f24f1756-81ba-473c-9127-8e7845c0a802,108BT,,0,1,1600040826031,0,0
plugin_ios_activity_recognition,"[""stationary""]",0,2,0,f24f1756-81ba-473c-9127-8e7845c0a802,108BT,supplement,0,1,1600040831293,0,0
plugin_ios_activity_recognition,"[""stationary""]",0,2,0,f24f1756-81ba-473c-9127-8e7845c0a802,108BT,,0,1,1600040831393,0,0
plugin_ios_activity_recognition,,0,2,0,f24f1756-81ba-473c-9127-8e7845c0a802,108BT,,0,0,1600040835305,0,0
plugin_ios_activity_recognition,"[""stationary""]",0,2,0,f24f1756-81ba-473c-9127-8e7845c0a802,108BT,,0,1,1600040838757,0,0
plugin_ios_activity_recognition,,0,2,0,f24f1756-81ba-473c-9127-8e7845c0a802,108BT,,0,0,1600040842257,0,0
plugin_ios_activity_recognition,"[""stationary""]",0,2,0,f24f1756-81ba-473c-9127-8e7845c0a802,108BT,,0,1,1600040850577,0,0
plugin_ios_activity_recognition,,0,2,0,f24f1756-81ba-473c-9127-8e7845c0a802,108BT,,0,0,1600040881709,0,0
plugin_ios_activity_recognition,"[""stationary""]",0,2,0,f24f1756-81ba-473c-9127-8e7845c0a802,108BT,,0,1,1600040888072,0,0
plugin_ios_activity_recognition,,0,2,0,f24f1756-81ba-473c-9127-8e7845c0a802,108BT,,0,0,1600040909708,0,0
plugin_ios_activity_recognition,"[""stationary""]",0,2,0,f24f1756-81ba-473c-9127-8e7845c0a802,108BT,,0,1,1600040913208,0,0
plugin_ios_activity_recognition,,0,2,0,f24f1756-81ba-473c-9127-8e7845c0a802,108BT,,0,0,1600040918616,0,0
plugin_ios_activity_recognition,"[""stationary""]",0,2,0,f24f1756-81ba-473c-9127-8e7845c0a802,108BT,,0,1,1600040928480,0,0
plugin_ios_activity_recognition,,0,2,0,f24f1756-81ba-473c-9127-8e7845c0a802,108BT,,0,0,1600040954570,0,0
plugin_ios_activity_recognition,"[""stationary""]",0,2,0,f24f1756-81ba-473c-9127-8e7845c0a802,108BT,,0,1,1600040959024,0,0
plugin_ios_activity_recognition,,0,2,0,f24f1756-81ba-473c-9127-8e7845c0a802,108BT,,0,0,1600040983205,0,0
plugin_ios_activity_recognition,"[""stationary""]",0,2,0,f24f1756-81ba-473c-9127-8e7845c0a802,108BT,,0,1,1600040995662,0,0
plugin_ios_activity_recognition,,0,2,0,f24f1756-81ba-473c-9127-8e7845c0a802,108BT,,0,0,1600041007069,0,0
plugin_ios_activity_recognition,,0,2,0,f24f1756-81ba-473c-9127-8e7845c0a802,108BT,,0,0,1600041011338,0,0
plugin_ios_activity_recognition,"[""stationary""]",0,2,0,f24f1756-81ba-473c-9127-8e7845c0a802,108BT,,0,1,1600041017888,0,0
plugin_ios_activity_recognition,,0,2,0,f24f1756-81ba-473c-9127-8e7845c0a802,108BT,,0,0,1600041039529,0,0
plugin_ios_activity_recognition,"[""stationary""]",0,2,0,f24f1756-81ba-473c-9127-8e7845c0a802,108BT,,0,1,1600041064394,0,0
plugin_ios_activity_recognition,,0,2,0,f24f1756-81ba-473c-9127-8e7845c0a802,108BT,,0,0,1600041082212,0,0
plugin_ios_activity_recognition,"[""stationary""]",0,2,0,f24f1756-81ba-473c-9127-8e7845c0a802,108BT,,0,1,1600041086937,0,0
plugin_ios_activity_recognition,,0,2,0,f24f1756-81ba-473c-9127-8e7845c0a802,108BT,,0,0,1600041092028,0,0
plugin_ios_activity_recognition,"[""stationary""]",0,2,0,f24f1756-81ba-473c-9127-8e7845c0a802,108BT,,0,1,1600041104119,0,0
plugin_ios_activity_recognition,,0,2,0,f24f1756-81ba-473c-9127-8e7845c0a802,108BT,,0,0,1600041108256,0,0
plugin_ios_activity_recognition,"[""stationary""]",0,2,0,f24f1756-81ba-473c-9127-8e7845c0a802,108BT,,0,1,1600041124483,0,0
plugin_ios_activity_recognition,,0,2,0,f24f1756-81ba-473c-9127-8e7845c0a802,108BT,,0,0,1600041134029,0,0
plugin_ios_activity_recognition,,0,2,0,f24f1756-81ba-473c-9127-8e7845c0a802,108BT,,0,0,1600041191293,0,0
plugin_ios_activity_recognition,"[""stationary""]",0,2,0,f24f1756-81ba-473c-9127-8e7845c0a802,108BT,,0,1,1600041191314,0,0
plugin_ios_activity_recognition,,0,2,0,f24f1756-81ba-473c-9127-8e7845c0a802,108BT,,0,0,1600041193859,0,0
plugin_ios_activity_recognition,"[""stationary""]",0,2,0,f24f1756-81ba-473c-9127-8e7845c0a802,108BT,,0,1,1600041253047,0,0
plugin_ios_activity_recognition,,0,2,0,f24f1756-81ba-473c-9127-8e7845c0a802,108BT,,0,0,1600041258773,0,0
plugin_ios_activity_recognition,"[""stationary""]",0,2,0,f24f1756-81ba-473c-9127-8e7845c0a802,108BT,,0,1,1600041319857,0,0
plugin_ios_activity_recognition,,0,2,0,f24f1756-81ba-473c-9127-8e7845c0a802,108BT,,0,0,1600041322402,0,0
plugin_ios_activity_recognition,"[""stationary""]",0,2,0,f24f1756-81ba-473c-9127-8e7845c0a802,108BT,,0,1,1600041354210,0,0
plugin_ios_activity_recognition,,0,2,0,f24f1756-81ba-473c-9127-8e7845c0a802,108BT,,0,0,1600041357704,0,0
plugin_ios_activity_recognition,,0,2,0,f24f1756-81ba-473c-9127-8e7845c0a802,108BT,,0,0,1600041371295,0,0
plugin_ios_activity_recognition,"[""stationary""]",0,2,0,f24f1756-81ba-473c-9127-8e7845c0a802,108BT,,0,1,1600041486588,0,0
plugin_ios_activity_recognition,,0,2,0,f24f1756-81ba-473c-9127-8e7845c0a802,108BT,,0,0,1600041496135,0,0
plugin_ios_activity_recognition,,0,2,0,f24f1756-81ba-473c-9127-8e7845c0a802,108BT,,0,0,1600041551390,0,0
