name,activities,automotive,confidence,cycling,device_id,device_label,label,running,stationary,timestamp,unknown,walking
plugin_ios_activity_recognition,"[""stationary""]",0,2,0,aff93315-4e74-41b2-84a7-f597e1c55207,64BY,,0,1,1602633618906,0,0
plugin_ios_activity_recognition,,0,2,0,aff93315-4e74-41b2-84a7-f597e1c55207,64BY,,0,0,1602633660485,0,0
plugin_ios_activity_recognition,"[""stationary""]",0,2,0,aff93315-4e74-41b2-84a7-f597e1c55207,64BY,,0,1,1602633664012,0,0
plugin_ios_activity_recognition,,0,2,0,aff93315-4e74-41b2-84a7-f597e1c55207,64BY,,0,0,1602633775428,0,0
plugin_ios_activity_recognition,"[""stationary""]",0,2,0,aff93315-4e74-41b2-84a7-f597e1c55207,64BY,,0,1,1602633779924,0,0
plugin_ios_activity_recognition,"[""stationary""]",0,2,0,aff93315-4e74-41b2-84a7-f597e1c55207,64BY,,0,1,1602633799007,0,0
plugin_ios_activity_recognition,,0,2,0,aff93315-4e74-41b2-84a7-f597e1c55207,64BY,,0,0,1602633857326,0,0
plugin_ios_activity_recognition,"[""stationary""]",0,2,0,aff93315-4e74-41b2-84a7-f597e1c55207,64BY,,0,1,1602633864715,0,0
plugin_ios_activity_recognition,,0,2,0,aff93315-4e74-41b2-84a7-f597e1c55207,64BY,,0,0,1602633931296,0,0
plugin_ios_activity_recognition,"[""stationary""]",0,2,0,aff93315-4e74-41b2-84a7-f597e1c55207,64BY,,0,1,1602633937400,0,0
plugin_ios_activity_recognition,"[""stationary""]",0,2,0,aff93315-4e74-41b2-84a7-f597e1c55207,64BY,,0,1,1602633978913,0,0
plugin_ios_activity_recognition,,0,2,0,aff93315-4e74-41b2-84a7-f597e1c55207,64BY,,0,0,1602634016756,0,0
plugin_ios_activity_recognition,"[""walking""]",0,1,0,aff93315-4e74-41b2-84a7-f597e1c55207,64BY,,0,0,1602634026727,0,1
plugin_ios_activity_recognition,"[""walking""]",0,2,0,aff93315-4e74-41b2-84a7-f597e1c55207,64BY,,0,0,1602634037011,0,1
plugin_ios_activity_recognition,"[""stationary""]",0,2,0,aff93315-4e74-41b2-84a7-f597e1c55207,64BY,,0,1,1602634071403,0,0
plugin_ios_activity_recognition,"[""walking""]",0,2,0,aff93315-4e74-41b2-84a7-f597e1c55207,64BY,,0,0,1602634072041,0,1
plugin_ios_activity_recognition,"[""stationary""]",0,2,0,aff93315-4e74-41b2-84a7-f597e1c55207,64BY,,0,1,1602634086493,0,0
plugin_ios_activity_recognition,"[""walking""]",0,2,0,aff93315-4e74-41b2-84a7-f597e1c55207,64BY,,0,0,1602634087453,0,1
plugin_ios_activity_recognition,,0,2,0,aff93315-4e74-41b2-84a7-f597e1c55207,64BY,,0,0,1602634088421,0,0
plugin_ios_activity_recognition,"[""walking""]",0,1,0,aff93315-4e74-41b2-84a7-f597e1c55207,64BY,,0,0,1602634093567,0,1
plugin_ios_activity_recognition,"[""walking""]",0,2,0,aff93315-4e74-41b2-84a7-f597e1c55207,64BY,,0,0,1602634097415,0,1
plugin_ios_activity_recognition,,0,2,0,aff93315-4e74-41b2-84a7-f597e1c55207,64BY,,0,0,1602634114139,0,0
plugin_ios_activity_recognition,,0,2,0,aff93315-4e74-41b2-84a7-f597e1c55207,64BY,,0,0,1602634158997,0,0
plugin_ios_activity_recognition,"[""stationary""]",0,2,0,aff93315-4e74-41b2-84a7-f597e1c55207,64BY,,0,1,1602634165254,0,0
plugin_ios_activity_recognition,,0,2,0,aff93315-4e74-41b2-84a7-f597e1c55207,64BY,,0,0,1602634167183,0,0
plugin_ios_activity_recognition,"[""stationary""]",0,2,0,aff93315-4e74-41b2-84a7-f597e1c55207,64BY,,0,1,1602634171352,0,0
plugin_ios_activity_recognition,,0,2,0,aff93315-4e74-41b2-84a7-f597e1c55207,64BY,,0,0,1602634172959,0,0
plugin_ios_activity_recognition,"[""stationary""]",0,2,0,aff93315-4e74-41b2-84a7-f597e1c55207,64BY,,0,1,1602634255885,0,0
plugin_ios_activity_recognition,,0,2,0,aff93315-4e74-41b2-84a7-f597e1c55207,64BY,,0,0,1602634288631,0,0
plugin_ios_activity_recognition,"[""stationary""]",0,2,0,aff93315-4e74-41b2-84a7-f597e1c55207,64BY,,0,1,1602634296667,0,0
plugin_ios_activity_recognition,,0,2,0,aff93315-4e74-41b2-84a7-f597e1c55207,64BY,,0,0,1602634299873,0,0
plugin_ios_activity_recognition,"[""stationary""]",0,2,0,aff93315-4e74-41b2-84a7-f597e1c55207,64BY,,0,1,1602634308227,0,0
plugin_ios_activity_recognition,,0,2,0,aff93315-4e74-41b2-84a7-f597e1c55207,64BY,,0,0,1602634308865,0,0
plugin_ios_activity_recognition,"[""walking""]",0,1,0,aff93315-4e74-41b2-84a7-f597e1c55207,64BY,,0,0,1602634335223,0,1
plugin_ios_activity_recognition,,0,2,0,aff93315-4e74-41b2-84a7-f597e1c55207,64BY,,0,0,1602634337792,0,0
plugin_ios_activity_recognition,,0,2,0,aff93315-4e74-41b2-84a7-f597e1c55207,64BY,,0,0,1602634339236,0,0
plugin_ios_activity_recognition,"[""stationary""]",0,2,0,aff93315-4e74-41b2-84a7-f597e1c55207,64BY,,0,1,1602634391132,0,0
plugin_ios_activity_recognition,,0,2,0,aff93315-4e74-41b2-84a7-f597e1c55207,64BY,,0,0,1602634405896,0,0
plugin_ios_activity_recognition,"[""stationary""]",0,2,0,aff93315-4e74-41b2-84a7-f597e1c55207,64BY,,0,1,1602634426788,0,0
plugin_ios_activity_recognition,,0,2,0,aff93315-4e74-41b2-84a7-f597e1c55207,64BY,,0,0,1602634457555,0,0
plugin_ios_activity_recognition,,0,2,0,aff93315-4e74-41b2-84a7-f597e1c55207,64BY,,0,0,1602634518914,0,0
plugin_ios_activity_recognition,,0,2,0,aff93315-4e74-41b2-84a7-f597e1c55207,64BY,supplement,0,0,1602634698914,0,0
plugin_ios_activity_recognition,,0,2,0,aff93315-4e74-41b2-84a7-f597e1c55207,64BY,,0,0,1602634699003,0,0
plugin_ios_activity_recognition,"[""stationary""]",0,2,0,aff93315-4e74-41b2-84a7-f597e1c55207,64BY,,0,1,1602634757458,0,0
plugin_ios_activity_recognition,,0,2,0,aff93315-4e74-41b2-84a7-f597e1c55207,64BY,,0,0,1602634772549,0,0
plugin_ios_activity_recognition,"[""stationary""]",0,2,0,aff93315-4e74-41b2-84a7-f597e1c55207,64BY,,0,1,1602634793770,0,0
plugin_ios_activity_recognition,,0,2,0,aff93315-4e74-41b2-84a7-f597e1c55207,64BY,,0,0,1602634806951,0,0
plugin_ios_activity_recognition,"[""stationary""]",0,2,0,aff93315-4e74-41b2-84a7-f597e1c55207,64BY,,0,1,1602634812734,0,0
plugin_ios_activity_recognition,,0,2,0,aff93315-4e74-41b2-84a7-f597e1c55207,64BY,,0,0,1602634818520,0,0
plugin_ios_activity_recognition,"[""stationary""]",0,2,0,aff93315-4e74-41b2-84a7-f597e1c55207,64BY,,0,1,1602634850637,0,0
plugin_ios_activity_recognition,,0,2,0,aff93315-4e74-41b2-84a7-f597e1c55207,64BY,,0,0,1602634860594,0,0
plugin_ios_activity_recognition,,0,2,0,aff93315-4e74-41b2-84a7-f597e1c55207,64BY,supplement,0,0,1602634878914,0,0
plugin_ios_activity_recognition,,0,2,0,aff93315-4e74-41b2-84a7-f597e1c55207,64BY,,0,0,1602634878954,0,0
plugin_ios_activity_recognition,,0,2,0,aff93315-4e74-41b2-84a7-f597e1c55207,64BY,supplement,0,0,1602635058954,0,0
plugin_ios_activity_recognition,,0,2,0,aff93315-4e74-41b2-84a7-f597e1c55207,64BY,,0,0,1602635058991,0,0
plugin_ios_activity_recognition,"[""walking""]",0,1,0,aff93315-4e74-41b2-84a7-f597e1c55207,64BY,,0,0,1602635096274,0,1
plugin_ios_activity_recognition,"[""walking""]",0,2,0,aff93315-4e74-41b2-84a7-f597e1c55207,64BY,,0,0,1602635101419,0,1
plugin_ios_activity_recognition,"[""stationary""]",0,2,0,aff93315-4e74-41b2-84a7-f597e1c55207,64BY,,0,1,1602635146107,0,0
plugin_ios_activity_recognition,,0,2,0,aff93315-4e74-41b2-84a7-f597e1c55207,64BY,,0,0,1602635156041,0,0
plugin_ios_activity_recognition,,0,2,0,aff93315-4e74-41b2-84a7-f597e1c55207,64BY,supplement,0,0,1602635238954,0,0
plugin_ios_activity_recognition,"[""stationary""]",0,2,0,aff93315-4e74-41b2-84a7-f597e1c55207,64BY,,0,1,1602635329342,0,0
plugin_ios_activity_recognition,,0,2,0,aff93315-4e74-41b2-84a7-f597e1c55207,64BY,,0,0,1602635330628,0,0
plugin_ios_activity_recognition,"[""stationary""]",0,2,0,aff93315-4e74-41b2-84a7-f597e1c55207,64BY,,0,1,1602635362128,0,0
plugin_ios_activity_recognition,,0,2,0,aff93315-4e74-41b2-84a7-f597e1c55207,64BY,,0,0,1602635367916,0,0
plugin_ios_activity_recognition,"[""stationary""]",0,2,0,aff93315-4e74-41b2-84a7-f597e1c55207,64BY,,0,1,1602635412905,0,0
plugin_ios_activity_recognition,,0,2,0,aff93315-4e74-41b2-84a7-f597e1c55207,64BY,,0,0,1602635414507,0,0
plugin_ios_activity_recognition,,0,2,0,aff93315-4e74-41b2-84a7-f597e1c55207,64BY,,0,0,1602635418898,0,0
plugin_ios_activity_recognition,"[""stationary""]",0,2,0,aff93315-4e74-41b2-84a7-f597e1c55207,64BY,,0,1,1602635428649,0,0
plugin_ios_activity_recognition,,0,2,0,aff93315-4e74-41b2-84a7-f597e1c55207,64BY,,0,0,1602635437004,0,0
plugin_ios_activity_recognition,"[""walking""]",0,1,0,aff93315-4e74-41b2-84a7-f597e1c55207,64BY,,0,0,1602635464019,0,1
plugin_ios_activity_recognition,"[""walking""]",0,2,0,aff93315-4e74-41b2-84a7-f597e1c55207,64BY,,0,0,1602635474305,0,1
plugin_ios_activity_recognition,"[""stationary""]",0,2,0,aff93315-4e74-41b2-84a7-f597e1c55207,64BY,,0,1,1602635485229,0,0
plugin_ios_activity_recognition,"[""walking""]",0,2,0,aff93315-4e74-41b2-84a7-f597e1c55207,64BY,,0,0,1602635492307,0,1
plugin_ios_activity_recognition,"[""stationary""]",0,2,0,aff93315-4e74-41b2-84a7-f597e1c55207,64BY,,0,1,1602635495823,0,0
plugin_ios_activity_recognition,,0,2,0,aff93315-4e74-41b2-84a7-f597e1c55207,64BY,,0,0,1602635537067,0,0
plugin_ios_activity_recognition,"[""walking""]",0,1,0,aff93315-4e74-41b2-84a7-f597e1c55207,64BY,,0,0,1602635548644,0,1
plugin_ios_activity_recognition,"[""walking""]",0,2,0,aff93315-4e74-41b2-84a7-f597e1c55207,64BY,,0,0,1602635551530,0,1
plugin_ios_activity_recognition,,0,2,0,aff93315-4e74-41b2-84a7-f597e1c55207,64BY,,0,0,1602635556360,0,0
plugin_ios_activity_recognition,,0,2,0,aff93315-4e74-41b2-84a7-f597e1c55207,64BY,,0,0,1602635598966,0,0
plugin_ios_activity_recognition,,0,2,0,aff93315-4e74-41b2-84a7-f597e1c55207,64BY,,0,0,1602635778903,0,0
plugin_ios_activity_recognition,"[""stationary""]",0,2,0,aff93315-4e74-41b2-84a7-f597e1c55207,64BY,,0,1,1602635838662,0,0
plugin_ios_activity_recognition,,0,2,0,aff93315-4e74-41b2-84a7-f597e1c55207,64BY,,0,0,1602635840913,0,0
plugin_ios_activity_recognition,,0,2,0,aff93315-4e74-41b2-84a7-f597e1c55207,64BY,,0,0,1602635958995,0,0
plugin_ios_activity_recognition,,0,2,0,aff93315-4e74-41b2-84a7-f597e1c55207,64BY,,0,0,1602636138897,0,0
plugin_ios_activity_recognition,,0,2,0,aff93315-4e74-41b2-84a7-f597e1c55207,64BY,supplement,0,0,1602636318897,0,0
plugin_ios_activity_recognition,,0,2,0,aff93315-4e74-41b2-84a7-f597e1c55207,64BY,,0,0,1602636318991,0,0
plugin_ios_activity_recognition,"[""stationary""]",0,2,0,aff93315-4e74-41b2-84a7-f597e1c55207,64BY,,0,1,1602636330658,0,0
plugin_ios_activity_recognition,,0,2,0,aff93315-4e74-41b2-84a7-f597e1c55207,64BY,,0,0,1602636331298,0,0
plugin_ios_activity_recognition,"[""walking""]",0,1,0,aff93315-4e74-41b2-84a7-f597e1c55207,64BY,,0,0,1602636371820,0,1
plugin_ios_activity_recognition,"[""walking""]",0,2,0,aff93315-4e74-41b2-84a7-f597e1c55207,64BY,,0,0,1602636374392,0,1
plugin_ios_activity_recognition,,0,2,0,aff93315-4e74-41b2-84a7-f597e1c55207,64BY,,0,0,1602636418113,0,0
plugin_ios_activity_recognition,"[""walking""]",0,1,0,aff93315-4e74-41b2-84a7-f597e1c55207,64BY,,0,0,1602636448981,0,1
plugin_ios_activity_recognition,"[""walking""]",0,2,0,aff93315-4e74-41b2-84a7-f597e1c55207,64BY,,0,0,1602636457980,0,1
plugin_ios_activity_recognition,,0,2,0,aff93315-4e74-41b2-84a7-f597e1c55207,64BY,supplement,0,0,1602636498897,0,0
plugin_ios_activity_recognition,"[""walking""]",0,2,0,aff93315-4e74-41b2-84a7-f597e1c55207,64BY,,0,0,1602636498989,0,1
plugin_ios_activity_recognition,"[""stationary""]",0,2,0,aff93315-4e74-41b2-84a7-f597e1c55207,64BY,,0,1,1602636502675,0,0
plugin_ios_activity_recognition,"[""walking""]",0,2,0,aff93315-4e74-41b2-84a7-f597e1c55207,64BY,,0,0,1602636506855,0,1
plugin_ios_activity_recognition,,0,2,0,aff93315-4e74-41b2-84a7-f597e1c55207,64BY,,0,0,1602636513292,0,0
plugin_ios_activity_recognition,"[""stationary""]",0,2,0,aff93315-4e74-41b2-84a7-f597e1c55207,64BY,,0,1,1602636517456,0,0
plugin_ios_activity_recognition,,0,2,0,aff93315-4e74-41b2-84a7-f597e1c55207,64BY,,0,0,1602636523234,0,0
plugin_ios_activity_recognition,"[""stationary""]",0,2,0,aff93315-4e74-41b2-84a7-f597e1c55207,64BY,,0,1,1602636608754,0,0
plugin_ios_activity_recognition,,0,2,0,aff93315-4e74-41b2-84a7-f597e1c55207,64BY,,0,0,1602636613581,0,0
plugin_ios_activity_recognition,"[""stationary""]",0,2,0,aff93315-4e74-41b2-84a7-f597e1c55207,64BY,,0,1,1602636639944,0,0
plugin_ios_activity_recognition,,0,2,0,aff93315-4e74-41b2-84a7-f597e1c55207,64BY,,0,0,1602636646686,0,0
plugin_ios_activity_recognition,"[""stationary""]",0,2,0,aff93315-4e74-41b2-84a7-f597e1c55207,64BY,,0,1,1602636651504,0,0
plugin_ios_activity_recognition,,0,2,0,aff93315-4e74-41b2-84a7-f597e1c55207,64BY,,0,0,1602636654071,0,0
plugin_ios_activity_recognition,"[""stationary""]",0,2,0,aff93315-4e74-41b2-84a7-f597e1c55207,64BY,,0,1,1602636678177,0,0
plugin_ios_activity_recognition,"[""stationary""]",0,2,0,aff93315-4e74-41b2-84a7-f597e1c55207,64BY,,0,1,1602636678900,0,0
plugin_ios_activity_recognition,,0,2,0,aff93315-4e74-41b2-84a7-f597e1c55207,64BY,,0,0,1602636679463,0,0
plugin_ios_activity_recognition,"[""stationary""]",0,2,0,aff93315-4e74-41b2-84a7-f597e1c55207,64BY,,0,1,1602636798762,0,0
plugin_ios_activity_recognition,,0,2,0,aff93315-4e74-41b2-84a7-f597e1c55207,64BY,,0,0,1602636832093,0,0
plugin_ios_activity_recognition,"[""walking""]",0,1,0,aff93315-4e74-41b2-84a7-f597e1c55207,64BY,,0,0,1602636834666,0,1
plugin_ios_activity_recognition,"[""walking""]",0,2,0,aff93315-4e74-41b2-84a7-f597e1c55207,64BY,,0,0,1602636839812,0,1
plugin_ios_activity_recognition,"[""walking""]",0,2,0,aff93315-4e74-41b2-84a7-f597e1c55207,64BY,,0,0,1602636858896,0,1
plugin_ios_activity_recognition,,0,2,0,aff93315-4e74-41b2-84a7-f597e1c55207,64BY,,0,0,1602636891258,0,0
plugin_ios_activity_recognition,"[""stationary""]",0,2,0,aff93315-4e74-41b2-84a7-f597e1c55207,64BY,,0,1,1602636900255,0,0
plugin_ios_activity_recognition,,0,2,0,aff93315-4e74-41b2-84a7-f597e1c55207,64BY,,0,0,1602636900898,0,0
plugin_ios_activity_recognition,"[""stationary""]",0,2,0,aff93315-4e74-41b2-84a7-f597e1c55207,64BY,,0,1,1602636967130,0,0
plugin_ios_activity_recognition,,0,2,0,aff93315-4e74-41b2-84a7-f597e1c55207,64BY,,0,0,1602636968415,0,0
plugin_ios_activity_recognition,"[""stationary""]",0,2,0,aff93315-4e74-41b2-84a7-f597e1c55207,64BY,,0,1,1602636972586,0,0
plugin_ios_activity_recognition,,0,2,0,aff93315-4e74-41b2-84a7-f597e1c55207,64BY,,0,0,1602636973555,0,0
plugin_ios_activity_recognition,"[""stationary""]",0,2,0,aff93315-4e74-41b2-84a7-f597e1c55207,64BY,,0,1,1602636978374,0,0
plugin_ios_activity_recognition,,0,2,0,aff93315-4e74-41b2-84a7-f597e1c55207,64BY,,0,0,1602636988978,0,0
plugin_ios_activity_recognition,"[""stationary""]",0,2,0,aff93315-4e74-41b2-84a7-f597e1c55207,64BY,,0,1,1602636993149,0,0
plugin_ios_activity_recognition,"[""stationary""]",0,2,0,aff93315-4e74-41b2-84a7-f597e1c55207,64BY,,0,1,1602637038996,0,0
plugin_ios_activity_recognition,,0,2,0,aff93315-4e74-41b2-84a7-f597e1c55207,64BY,,0,0,1602637055221,0,0
plugin_ios_activity_recognition,"[""stationary""]",0,2,0,aff93315-4e74-41b2-84a7-f597e1c55207,64BY,,0,1,1602637059396,0,0
plugin_ios_activity_recognition,,0,2,0,aff93315-4e74-41b2-84a7-f597e1c55207,64BY,,0,0,1602637062285,0,0
plugin_ios_activity_recognition,"[""stationary""]",0,2,0,aff93315-4e74-41b2-84a7-f597e1c55207,64BY,,0,1,1602637166762,0,0
plugin_ios_activity_recognition,,0,2,0,aff93315-4e74-41b2-84a7-f597e1c55207,64BY,,0,0,1602637171897,0,0
plugin_ios_activity_recognition,"[""stationary""]",0,2,0,aff93315-4e74-41b2-84a7-f597e1c55207,64BY,,0,1,1602637194393,0,0
plugin_ios_activity_recognition,"[""stationary""]",0,2,0,aff93315-4e74-41b2-84a7-f597e1c55207,64BY,,0,1,1602637218987,0,0
plugin_ios_activity_recognition,,0,2,0,aff93315-4e74-41b2-84a7-f597e1c55207,64BY,,0,0,1602637228289,0,0
plugin_ios_activity_recognition,"[""stationary""]",0,2,0,aff93315-4e74-41b2-84a7-f597e1c55207,64BY,,0,1,1602637292594,0,0
plugin_ios_activity_recognition,,0,2,0,aff93315-4e74-41b2-84a7-f597e1c55207,64BY,,0,0,1602637296453,0,0
plugin_ios_activity_recognition,"[""stationary""]",0,2,0,aff93315-4e74-41b2-84a7-f597e1c55207,64BY,,0,1,1602637300633,0,0
plugin_ios_activity_recognition,,0,2,0,aff93315-4e74-41b2-84a7-f597e1c55207,64BY,,0,0,1602637304819,0,0
plugin_ios_activity_recognition,"[""stationary""]",0,2,0,aff93315-4e74-41b2-84a7-f597e1c55207,64BY,,0,1,1602637313498,0,0
plugin_ios_activity_recognition,,0,2,0,aff93315-4e74-41b2-84a7-f597e1c55207,64BY,,0,0,1602637318321,0,0
plugin_ios_activity_recognition,"[""stationary""]",0,2,0,aff93315-4e74-41b2-84a7-f597e1c55207,64BY,,0,1,1602637322501,0,0
plugin_ios_activity_recognition,,0,2,0,aff93315-4e74-41b2-84a7-f597e1c55207,64BY,,0,0,1602637336970,0,0
plugin_ios_activity_recognition,,0,2,0,aff93315-4e74-41b2-84a7-f597e1c55207,64BY,,0,0,1602637399009,0,0
plugin_ios_activity_recognition,"[""stationary""]",0,2,0,aff93315-4e74-41b2-84a7-f597e1c55207,64BY,,0,1,1602637463658,0,0
plugin_ios_activity_recognition,,0,2,0,aff93315-4e74-41b2-84a7-f597e1c55207,64BY,,0,0,1602637465588,0,0
plugin_ios_activity_recognition,,0,2,0,aff93315-4e74-41b2-84a7-f597e1c55207,64BY,,0,0,1602637578896,0,0
plugin_ios_activity_recognition,"[""stationary""]",0,2,0,aff93315-4e74-41b2-84a7-f597e1c55207,64BY,,0,1,1602637635358,0,0
plugin_ios_activity_recognition,,0,2,0,aff93315-4e74-41b2-84a7-f597e1c55207,64BY,,0,0,1602637647255,0,0
plugin_ios_activity_recognition,"[""walking""]",0,1,0,aff93315-4e74-41b2-84a7-f597e1c55207,64BY,,0,0,1602637726686,0,1
plugin_ios_activity_recognition,"[""walking""]",0,2,0,aff93315-4e74-41b2-84a7-f597e1c55207,64BY,,0,0,1602637729573,0,1
plugin_ios_activity_recognition,,0,2,0,aff93315-4e74-41b2-84a7-f597e1c55207,64BY,,0,0,1602637747264,0,0
plugin_ios_activity_recognition,,0,2,0,aff93315-4e74-41b2-84a7-f597e1c55207,64BY,,0,0,1602637758988,0,0
plugin_ios_activity_recognition,"[""stationary""]",0,2,0,aff93315-4e74-41b2-84a7-f597e1c55207,64BY,,0,1,1602637788096,0,0
plugin_ios_activity_recognition,,0,2,0,aff93315-4e74-41b2-84a7-f597e1c55207,64BY,,0,0,1602637798710,0,0
plugin_ios_activity_recognition,"[""stationary""]",0,2,0,aff93315-4e74-41b2-84a7-f597e1c55207,64BY,,0,1,1602637818928,0,0
plugin_ios_activity_recognition,,0,2,0,aff93315-4e74-41b2-84a7-f597e1c55207,64BY,,0,0,1602637820853,0,0
plugin_ios_activity_recognition,"[""stationary""]",0,2,0,aff93315-4e74-41b2-84a7-f597e1c55207,64BY,,0,1,1602637825354,0,0
plugin_ios_activity_recognition,,0,2,0,aff93315-4e74-41b2-84a7-f597e1c55207,64BY,,0,0,1602637832418,0,0
plugin_ios_activity_recognition,"[""stationary""]",0,2,0,aff93315-4e74-41b2-84a7-f597e1c55207,64BY,,0,1,1602637836588,0,0
plugin_ios_activity_recognition,,0,2,0,aff93315-4e74-41b2-84a7-f597e1c55207,64BY,,0,0,1602637841732,0,0
plugin_ios_activity_recognition,"[""walking""]",0,1,0,aff93315-4e74-41b2-84a7-f597e1c55207,64BY,,0,0,1602637904114,0,1
plugin_ios_activity_recognition,"[""walking""]",0,2,0,aff93315-4e74-41b2-84a7-f597e1c55207,64BY,,0,0,1602637929837,0,1
plugin_ios_activity_recognition,"[""walking""]",0,2,0,aff93315-4e74-41b2-84a7-f597e1c55207,64BY,,0,0,1602637938923,0,1
plugin_ios_activity_recognition,"[""stationary""]",0,2,0,aff93315-4e74-41b2-84a7-f597e1c55207,64BY,,0,1,1602637951373,0,0
plugin_ios_activity_recognition,"[""walking""]",0,2,0,aff93315-4e74-41b2-84a7-f597e1c55207,64BY,,0,0,1602637954266,0,1
plugin_ios_activity_recognition,"[""stationary""]",0,2,0,aff93315-4e74-41b2-84a7-f597e1c55207,64BY,,0,1,1602637967124,0,0
plugin_ios_activity_recognition,"[""walking""]",0,2,0,aff93315-4e74-41b2-84a7-f597e1c55207,64BY,,0,0,1602637972589,0,1
plugin_ios_activity_recognition,,0,2,0,aff93315-4e74-41b2-84a7-f597e1c55207,64BY,,0,0,1602637986426,0,0
plugin_ios_activity_recognition,"[""running""]",0,2,0,aff93315-4e74-41b2-84a7-f597e1c55207,64BY,,1,0,1602638007005,0,0
plugin_ios_activity_recognition,"[""walking""]",0,1,0,aff93315-4e74-41b2-84a7-f597e1c55207,64BY,,0,0,1602638009577,0,1
plugin_ios_activity_recognition,"[""walking""]",0,2,0,aff93315-4e74-41b2-84a7-f597e1c55207,64BY,,0,0,1602638012464,0,1
plugin_ios_activity_recognition,"[""stationary""]",0,2,0,aff93315-4e74-41b2-84a7-f597e1c55207,64BY,,0,1,1602638038178,0,0
plugin_ios_activity_recognition,"[""walking""]",0,2,0,aff93315-4e74-41b2-84a7-f597e1c55207,64BY,,0,0,1602638042352,0,1
plugin_ios_activity_recognition,"[""stationary""]",0,2,0,aff93315-4e74-41b2-84a7-f597e1c55207,64BY,,0,1,1602638054871,0,0
plugin_ios_activity_recognition,"[""walking""]",0,2,0,aff93315-4e74-41b2-84a7-f597e1c55207,64BY,,0,0,1602638056153,0,1
plugin_ios_activity_recognition,,0,2,0,aff93315-4e74-41b2-84a7-f597e1c55207,64BY,,0,0,1602638063554,0,0
plugin_ios_activity_recognition,,0,2,0,aff93315-4e74-41b2-84a7-f597e1c55207,64BY,,0,0,1602638118897,0,0
plugin_ios_activity_recognition,"[""stationary""]",0,2,0,aff93315-4e74-41b2-84a7-f597e1c55207,64BY,,0,1,1602638137480,0,0
plugin_ios_activity_recognition,,0,2,0,aff93315-4e74-41b2-84a7-f597e1c55207,64BY,,0,0,1602638138445,0,0
plugin_ios_activity_recognition,"[""stationary""]",0,2,0,aff93315-4e74-41b2-84a7-f597e1c55207,64BY,,0,1,1602638144554,0,0
plugin_ios_activity_recognition,,0,2,0,aff93315-4e74-41b2-84a7-f597e1c55207,64BY,,0,0,1602638149372,0,0
plugin_ios_activity_recognition,"[""stationary""]",0,2,0,aff93315-4e74-41b2-84a7-f597e1c55207,64BY,,0,1,1602638241003,0,0
plugin_ios_activity_recognition,,0,2,0,aff93315-4e74-41b2-84a7-f597e1c55207,64BY,,0,0,1602638242607,0,0
plugin_ios_activity_recognition,,0,2,0,aff93315-4e74-41b2-84a7-f597e1c55207,64BY,,0,0,1602638298991,0,0
plugin_ios_activity_recognition,"[""stationary""]",0,2,0,aff93315-4e74-41b2-84a7-f597e1c55207,64BY,,0,1,1602638347108,0,0
plugin_ios_activity_recognition,,0,2,0,aff93315-4e74-41b2-84a7-f597e1c55207,64BY,,0,0,1602638364129,0,0
plugin_ios_activity_recognition,"[""stationary""]",0,2,0,aff93315-4e74-41b2-84a7-f597e1c55207,64BY,,0,1,1602638368309,0,0
plugin_ios_activity_recognition,,0,2,0,aff93315-4e74-41b2-84a7-f597e1c55207,64BY,,0,0,1602638374076,0,0
plugin_ios_activity_recognition,"[""stationary""]",0,2,0,aff93315-4e74-41b2-84a7-f597e1c55207,64BY,,0,1,1602638379537,0,0
plugin_ios_activity_recognition,,0,2,0,aff93315-4e74-41b2-84a7-f597e1c55207,64BY,,0,0,1602638380497,0,0
plugin_ios_activity_recognition,"[""stationary""]",0,2,0,aff93315-4e74-41b2-84a7-f597e1c55207,64BY,,0,1,1602638386596,0,0
plugin_ios_activity_recognition,,0,2,0,aff93315-4e74-41b2-84a7-f597e1c55207,64BY,,0,0,1602638386917,0,0
plugin_ios_activity_recognition,"[""walking""]",0,1,0,aff93315-4e74-41b2-84a7-f597e1c55207,64BY,,0,0,1602638390137,0,1
plugin_ios_activity_recognition,"[""walking""]",0,2,0,aff93315-4e74-41b2-84a7-f597e1c55207,64BY,,0,0,1602638393026,0,1
plugin_ios_activity_recognition,,0,2,0,aff93315-4e74-41b2-84a7-f597e1c55207,64BY,,0,0,1602638437386,0,0
plugin_ios_activity_recognition,"[""walking""]",0,1,0,aff93315-4e74-41b2-84a7-f597e1c55207,64BY,,0,0,1602638449289,0,1
plugin_ios_activity_recognition,,0,2,0,aff93315-4e74-41b2-84a7-f597e1c55207,64BY,,0,0,1602638454433,0,0
plugin_ios_activity_recognition,"[""stationary""]",0,2,0,aff93315-4e74-41b2-84a7-f597e1c55207,64BY,,0,1,1602638463751,0,0
plugin_ios_activity_recognition,,0,2,0,aff93315-4e74-41b2-84a7-f597e1c55207,64BY,,0,0,1602638466956,0,0
plugin_ios_activity_recognition,"[""stationary""]",0,2,0,aff93315-4e74-41b2-84a7-f597e1c55207,64BY,,0,1,1602638470493,0,0
plugin_ios_activity_recognition,"[""stationary""]",0,2,0,aff93315-4e74-41b2-84a7-f597e1c55207,64BY,,0,1,1602638478926,0,0
plugin_ios_activity_recognition,,0,2,0,aff93315-4e74-41b2-84a7-f597e1c55207,64BY,,0,0,1602638481415,0,0
plugin_ios_activity_recognition,"[""walking""]",0,1,0,aff93315-4e74-41b2-84a7-f597e1c55207,64BY,,0,0,1602638485278,0,1
plugin_ios_activity_recognition,"[""walking""]",0,2,0,aff93315-4e74-41b2-84a7-f597e1c55207,64BY,,0,0,1602638516781,0,1
plugin_ios_activity_recognition,"[""stationary""]",0,2,0,aff93315-4e74-41b2-84a7-f597e1c55207,64BY,,0,1,1602638527693,0,0
plugin_ios_activity_recognition,"[""walking""]",0,2,0,aff93315-4e74-41b2-84a7-f597e1c55207,64BY,,0,0,1602638528335,0,1
plugin_ios_activity_recognition,"[""stationary""]",0,2,0,aff93315-4e74-41b2-84a7-f597e1c55207,64BY,,0,1,1602638534121,0,0
plugin_ios_activity_recognition,"[""walking""]",0,2,0,aff93315-4e74-41b2-84a7-f597e1c55207,64BY,,0,0,1602638540222,0,1
plugin_ios_activity_recognition,,0,2,0,aff93315-4e74-41b2-84a7-f597e1c55207,64BY,,0,0,1602638567560,0,0
plugin_ios_activity_recognition,,0,2,0,aff93315-4e74-41b2-84a7-f597e1c55207,64BY,,0,0,1602638658979,0,0
plugin_ios_activity_recognition,,0,2,0,aff93315-4e74-41b2-84a7-f597e1c55207,64BY,,0,0,1602638838898,0,0
plugin_ios_activity_recognition,"[""stationary""]",0,2,0,aff93315-4e74-41b2-84a7-f597e1c55207,64BY,,0,1,1602638888432,0,0
plugin_ios_activity_recognition,,0,2,0,aff93315-4e74-41b2-84a7-f597e1c55207,64BY,,0,0,1602638895506,0,0
plugin_ios_activity_recognition,,0,2,0,aff93315-4e74-41b2-84a7-f597e1c55207,64BY,,0,0,1602639018861,0,0
plugin_ios_activity_recognition,"[""stationary""]",0,2,0,aff93315-4e74-41b2-84a7-f597e1c55207,64BY,,0,1,1602639100957,0,0
plugin_ios_activity_recognition,,0,2,0,aff93315-4e74-41b2-84a7-f597e1c55207,64BY,,0,0,1602639116342,0,0
plugin_ios_activity_recognition,"[""stationary""]",0,2,0,aff93315-4e74-41b2-84a7-f597e1c55207,64BY,,0,1,1602639131453,0,0
plugin_ios_activity_recognition,,0,2,0,aff93315-4e74-41b2-84a7-f597e1c55207,64BY,,0,0,1602639132418,0,0
plugin_ios_activity_recognition,"[""stationary""]",0,2,0,aff93315-4e74-41b2-84a7-f597e1c55207,64BY,,0,1,1602639137235,0,0
plugin_ios_activity_recognition,,0,2,0,aff93315-4e74-41b2-84a7-f597e1c55207,64BY,,0,0,1602639143664,0,0
plugin_ios_activity_recognition,"[""stationary""]",0,2,0,aff93315-4e74-41b2-84a7-f597e1c55207,64BY,,0,1,1602639159721,0,0
plugin_ios_activity_recognition,,0,2,0,aff93315-4e74-41b2-84a7-f597e1c55207,64BY,,0,0,1602639161002,0,0
plugin_ios_activity_recognition,"[""stationary""]",0,2,0,aff93315-4e74-41b2-84a7-f597e1c55207,64BY,,0,1,1602639167412,0,0
plugin_ios_activity_recognition,,0,2,0,aff93315-4e74-41b2-84a7-f597e1c55207,64BY,,0,0,1602639174479,0,0
plugin_ios_activity_recognition,"[""stationary""]",0,2,0,aff93315-4e74-41b2-84a7-f597e1c55207,64BY,,0,1,1602639197299,0,0
plugin_ios_activity_recognition,,0,2,0,aff93315-4e74-41b2-84a7-f597e1c55207,64BY,,0,0,1602639198906,0,0
plugin_ios_activity_recognition,,0,2,0,aff93315-4e74-41b2-84a7-f597e1c55207,64BY,,0,0,1602639198933,0,0
plugin_ios_activity_recognition,"[""stationary""]",0,2,0,aff93315-4e74-41b2-84a7-f597e1c55207,64BY,,0,1,1602639279600,0,0
plugin_ios_activity_recognition,,0,2,0,aff93315-4e74-41b2-84a7-f597e1c55207,64BY,,0,0,1602639285357,0,0
plugin_ios_activity_recognition,"[""stationary""]",0,2,0,aff93315-4e74-41b2-84a7-f597e1c55207,64BY,,0,1,1602639293390,0,0
plugin_ios_activity_recognition,,0,2,0,aff93315-4e74-41b2-84a7-f597e1c55207,64BY,,0,0,1602639298852,0,0
plugin_ios_activity_recognition,"[""walking""]",0,1,0,aff93315-4e74-41b2-84a7-f597e1c55207,64BY,,0,0,1602639303663,0,1
plugin_ios_activity_recognition,"[""walking""]",0,2,0,aff93315-4e74-41b2-84a7-f597e1c55207,64BY,,0,0,1602639310740,0,1
plugin_ios_activity_recognition,,0,2,0,aff93315-4e74-41b2-84a7-f597e1c55207,64BY,,0,0,1602639362187,0,0
plugin_ios_activity_recognition,,0,2,0,aff93315-4e74-41b2-84a7-f597e1c55207,64BY,,0,0,1602639378859,0,0
plugin_ios_activity_recognition,"[""walking""]",0,1,0,aff93315-4e74-41b2-84a7-f597e1c55207,64BY,,0,0,1602639387907,0,1
plugin_ios_activity_recognition,"[""stationary""]",0,2,0,aff93315-4e74-41b2-84a7-f597e1c55207,64BY,,0,1,1602639396578,0,0
plugin_ios_activity_recognition,"[""walking""]",0,2,0,aff93315-4e74-41b2-84a7-f597e1c55207,64BY,,0,0,1602639406210,0,1
plugin_ios_activity_recognition,"[""stationary""]",0,2,0,aff93315-4e74-41b2-84a7-f597e1c55207,64BY,,0,1,1602639419061,0,0
plugin_ios_activity_recognition,"[""stationary""]",0,2,0,aff93315-4e74-41b2-84a7-f597e1c55207,64BY,,0,1,1602639558919,0,0
plugin_ios_activity_recognition,,0,2,0,aff93315-4e74-41b2-84a7-f597e1c55207,64BY,,0,0,1602639600646,0,0
plugin_ios_activity_recognition,"[""walking""]",0,1,0,aff93315-4e74-41b2-84a7-f597e1c55207,64BY,,0,0,1602639603216,0,1
plugin_ios_activity_recognition,"[""walking""]",0,2,0,aff93315-4e74-41b2-84a7-f597e1c55207,64BY,,0,0,1602639610932,0,1
plugin_ios_activity_recognition,,0,2,0,aff93315-4e74-41b2-84a7-f597e1c55207,64BY,,0,0,1602639693239,0,0
plugin_ios_activity_recognition,,0,2,0,aff93315-4e74-41b2-84a7-f597e1c55207,64BY,,0,0,1602639738863,0,0
plugin_ios_activity_recognition,"[""walking""]",0,1,0,aff93315-4e74-41b2-84a7-f597e1c55207,64BY,,0,0,1602639749828,0,1
plugin_ios_activity_recognition,"[""stationary""]",0,2,0,aff93315-4e74-41b2-84a7-f597e1c55207,64BY,,0,1,1602639753345,0,0
plugin_ios_activity_recognition,"[""stationary""]",0,2,0,aff93315-4e74-41b2-84a7-f597e1c55207,64BY,,0,1,1602639918941,0,0
plugin_ios_activity_recognition,,0,2,0,aff93315-4e74-41b2-84a7-f597e1c55207,64BY,,0,0,1602639949071,0,0
plugin_ios_activity_recognition,"[""stationary""]",0,2,0,aff93315-4e74-41b2-84a7-f597e1c55207,64BY,,0,1,1602639954540,0,0
plugin_ios_activity_recognition,,0,2,0,aff93315-4e74-41b2-84a7-f597e1c55207,64BY,,0,0,1602640028588,0,0
plugin_ios_activity_recognition,"[""walking""]",0,1,0,aff93315-4e74-41b2-84a7-f597e1c55207,64BY,,0,0,1602640036630,0,1
plugin_ios_activity_recognition,"[""walking""]",0,2,0,aff93315-4e74-41b2-84a7-f597e1c55207,64BY,,0,0,1602640039202,0,1
plugin_ios_activity_recognition,"[""stationary""]",0,2,0,aff93315-4e74-41b2-84a7-f597e1c55207,64BY,,0,1,1602640088365,0,0
plugin_ios_activity_recognition,"[""stationary""]",0,2,0,aff93315-4e74-41b2-84a7-f597e1c55207,64BY,,0,1,1602640098908,0,0
plugin_ios_activity_recognition,"[""walking""]",0,2,0,aff93315-4e74-41b2-84a7-f597e1c55207,64BY,,0,0,1602640112698,0,1
plugin_ios_activity_recognition,,0,2,0,aff93315-4e74-41b2-84a7-f597e1c55207,64BY,,0,0,1602640116240,0,0
plugin_ios_activity_recognition,"[""stationary""]",0,2,0,aff93315-4e74-41b2-84a7-f597e1c55207,64BY,,0,1,1602640156406,0,0
plugin_ios_activity_recognition,,0,2,0,aff93315-4e74-41b2-84a7-f597e1c55207,64BY,,0,0,1602640158335,0,0
plugin_ios_activity_recognition,"[""stationary""]",0,2,0,aff93315-4e74-41b2-84a7-f597e1c55207,64BY,,0,1,1602640162518,0,0
plugin_ios_activity_recognition,"[""stationary""]",0,2,0,aff93315-4e74-41b2-84a7-f597e1c55207,64BY,,0,1,1602640278877,0,0
plugin_ios_activity_recognition,"[""stationary""]",0,2,0,aff93315-4e74-41b2-84a7-f597e1c55207,64BY,,0,1,1602640458877,0,0
plugin_ios_activity_recognition,"[""stationary""]",0,2,0,aff93315-4e74-41b2-84a7-f597e1c55207,64BY,supplement,0,1,1602640638877,0,0
plugin_ios_activity_recognition,"[""stationary""]",0,2,0,aff93315-4e74-41b2-84a7-f597e1c55207,64BY,,0,1,1602640638890,0,0
plugin_ios_activity_recognition,"[""stationary""]",0,2,0,aff93315-4e74-41b2-84a7-f597e1c55207,64BY,supplement,0,1,1602640818877,0,0
plugin_ios_activity_recognition,"[""stationary""]",0,2,0,aff93315-4e74-41b2-84a7-f597e1c55207,64BY,supplement,0,1,1602640818890,0,0
plugin_ios_activity_recognition,"[""stationary""]",0,2,0,aff93315-4e74-41b2-84a7-f597e1c55207,64BY,,0,1,1602640818969,0,0
plugin_ios_activity_recognition,,0,2,0,aff93315-4e74-41b2-84a7-f597e1c55207,64BY,,0,0,1602640964348,0,0
plugin_ios_activity_recognition,"[""stationary""]",0,2,0,aff93315-4e74-41b2-84a7-f597e1c55207,64BY,,0,1,1602640972369,0,0
plugin_ios_activity_recognition,,0,2,0,aff93315-4e74-41b2-84a7-f597e1c55207,64BY,,0,0,1602640975579,0,0
plugin_ios_activity_recognition,"[""stationary""]",0,2,0,aff93315-4e74-41b2-84a7-f597e1c55207,64BY,,0,1,1602640980073,0,0
plugin_ios_activity_recognition,"[""stationary""]",0,2,0,aff93315-4e74-41b2-84a7-f597e1c55207,64BY,supplement,0,1,1602640998890,0,0
plugin_ios_activity_recognition,"[""stationary""]",0,2,0,aff93315-4e74-41b2-84a7-f597e1c55207,64BY,,0,1,1602640998957,0,0
plugin_ios_activity_recognition,,0,2,0,aff93315-4e74-41b2-84a7-f597e1c55207,64BY,,0,0,1602641007946,0,0
plugin_ios_activity_recognition,"[""walking""]",0,1,0,aff93315-4e74-41b2-84a7-f597e1c55207,64BY,,0,0,1602641011806,0,1
plugin_ios_activity_recognition,"[""walking""]",0,2,0,aff93315-4e74-41b2-84a7-f597e1c55207,64BY,,0,0,1602641027239,0,1
plugin_ios_activity_recognition,,0,2,0,aff93315-4e74-41b2-84a7-f597e1c55207,64BY,,0,0,1602641078675,0,0
plugin_ios_activity_recognition,"[""walking""]",0,1,0,aff93315-4e74-41b2-84a7-f597e1c55207,64BY,,0,0,1602641171257,0,1
plugin_ios_activity_recognition,"[""walking""]",0,2,0,aff93315-4e74-41b2-84a7-f597e1c55207,64BY,,0,0,1602641173829,0,1
plugin_ios_activity_recognition,"[""walking""]",0,2,0,aff93315-4e74-41b2-84a7-f597e1c55207,64BY,,0,0,1602641178908,0,1
plugin_ios_activity_recognition,"[""stationary""]",0,2,0,aff93315-4e74-41b2-84a7-f597e1c55207,64BY,,0,1,1602641205630,0,0
plugin_ios_activity_recognition,"[""walking""]",0,2,0,aff93315-4e74-41b2-84a7-f597e1c55207,64BY,,0,0,1602641206273,0,1
plugin_ios_activity_recognition,"[""stationary""]",0,2,0,aff93315-4e74-41b2-84a7-f597e1c55207,64BY,,0,1,1602641213667,0,0
plugin_ios_activity_recognition,"[""walking""]",0,2,0,aff93315-4e74-41b2-84a7-f597e1c55207,64BY,,0,0,1602641221383,0,1
plugin_ios_activity_recognition,"[""stationary""]",0,2,0,aff93315-4e74-41b2-84a7-f597e1c55207,64BY,,0,1,1602641226527,0,0
plugin_ios_activity_recognition,"[""stationary""]",0,2,0,aff93315-4e74-41b2-84a7-f597e1c55207,64BY,,0,1,1602641359018,0,0
plugin_ios_activity_recognition,,0,2,0,aff93315-4e74-41b2-84a7-f597e1c55207,64BY,,0,0,1602641403664,0,0
plugin_ios_activity_recognition,"[""walking""]",0,1,0,aff93315-4e74-41b2-84a7-f597e1c55207,64BY,,0,0,1602641412026,0,1
plugin_ios_activity_recognition,"[""walking""]",0,2,0,aff93315-4e74-41b2-84a7-f597e1c55207,64BY,,0,0,1602641435170,0,1
plugin_ios_activity_recognition,"[""stationary""]",0,2,0,aff93315-4e74-41b2-84a7-f597e1c55207,64BY,,0,1,1602641447695,0,0
plugin_ios_activity_recognition,"[""walking""]",0,2,0,aff93315-4e74-41b2-84a7-f597e1c55207,64BY,,0,0,1602641451864,0,1
plugin_ios_activity_recognition,,0,2,0,aff93315-4e74-41b2-84a7-f597e1c55207,64BY,,0,0,1602641460869,0,0
plugin_ios_activity_recognition,"[""stationary""]",0,2,0,aff93315-4e74-41b2-84a7-f597e1c55207,64BY,,0,1,1602641467933,0,0
plugin_ios_activity_recognition,,0,2,0,aff93315-4e74-41b2-84a7-f597e1c55207,64BY,,0,0,1602641473720,0,0
plugin_ios_activity_recognition,"[""stationary""]",0,2,0,aff93315-4e74-41b2-84a7-f597e1c55207,64BY,,0,1,1602641478537,0,0
plugin_ios_activity_recognition,"[""stationary""]",0,2,0,aff93315-4e74-41b2-84a7-f597e1c55207,64BY,,0,1,1602641538921,0,0
plugin_ios_activity_recognition,,0,2,0,aff93315-4e74-41b2-84a7-f597e1c55207,64BY,,0,0,1602641541940,0,0
plugin_ios_activity_recognition,"[""stationary""]",0,2,0,aff93315-4e74-41b2-84a7-f597e1c55207,64BY,,0,1,1602641546104,0,0
plugin_ios_activity_recognition,,0,2,0,aff93315-4e74-41b2-84a7-f597e1c55207,64BY,,0,0,1602641551886,0,0
plugin_ios_activity_recognition,"[""walking""]",0,1,0,aff93315-4e74-41b2-84a7-f597e1c55207,64BY,,0,0,1602641558322,0,1
plugin_ios_activity_recognition,"[""walking""]",0,2,0,aff93315-4e74-41b2-84a7-f597e1c55207,64BY,,0,0,1602641563782,0,1
plugin_ios_activity_recognition,"[""stationary""]",0,2,0,aff93315-4e74-41b2-84a7-f597e1c55207,64BY,,0,1,1602641583715,0,0
plugin_ios_activity_recognition,"[""walking""]",0,2,0,aff93315-4e74-41b2-84a7-f597e1c55207,64BY,,0,0,1602641595931,0,1
plugin_ios_activity_recognition,,0,2,0,aff93315-4e74-41b2-84a7-f597e1c55207,64BY,,0,0,1602641620047,0,0
plugin_ios_activity_recognition,"[""stationary""]",0,2,0,aff93315-4e74-41b2-84a7-f597e1c55207,64BY,,0,1,1602641628076,0,0
plugin_ios_activity_recognition,,0,2,0,aff93315-4e74-41b2-84a7-f597e1c55207,64BY,,0,0,1602641641858,0,0
plugin_ios_activity_recognition,"[""walking""]",0,1,0,aff93315-4e74-41b2-84a7-f597e1c55207,64BY,,0,0,1602641653439,0,1
plugin_ios_activity_recognition,"[""walking""]",0,1,0,aff93315-4e74-41b2-84a7-f597e1c55207,64BY,,0,0,1602641718922,0,1
plugin_ios_activity_recognition,"[""walking""]",0,2,0,aff93315-4e74-41b2-84a7-f597e1c55207,64BY,,0,0,1602641728026,0,1
plugin_ios_activity_recognition,,0,2,0,aff93315-4e74-41b2-84a7-f597e1c55207,64BY,,0,0,1602641780111,0,0
plugin_ios_activity_recognition,"[""stationary""]",0,2,0,aff93315-4e74-41b2-84a7-f597e1c55207,64BY,,0,1,1602641824164,0,0
plugin_ios_activity_recognition,,0,2,0,aff93315-4e74-41b2-84a7-f597e1c55207,64BY,,0,0,1602641828022,0,0
plugin_ios_activity_recognition,,0,2,0,aff93315-4e74-41b2-84a7-f597e1c55207,64BY,,0,0,1602641898920,0,0
plugin_ios_activity_recognition,"[""stationary""]",0,2,0,aff93315-4e74-41b2-84a7-f597e1c55207,64BY,,0,1,1602641929952,0,0
plugin_ios_activity_recognition,,0,2,0,aff93315-4e74-41b2-84a7-f597e1c55207,64BY,,0,0,1602641933167,0,0
plugin_ios_activity_recognition,"[""stationary""]",0,2,0,aff93315-4e74-41b2-84a7-f597e1c55207,64BY,,0,1,1602641942171,0,0
plugin_ios_activity_recognition,,0,2,0,aff93315-4e74-41b2-84a7-f597e1c55207,64BY,,0,0,1602641950531,0,0
plugin_ios_activity_recognition,"[""stationary""]",0,2,0,aff93315-4e74-41b2-84a7-f597e1c55207,64BY,,0,1,1602641959538,0,0
plugin_ios_activity_recognition,,0,2,0,aff93315-4e74-41b2-84a7-f597e1c55207,64BY,,0,0,1602641960499,0,0
plugin_ios_activity_recognition,,0,2,0,aff93315-4e74-41b2-84a7-f597e1c55207,64BY,,0,0,1602642079007,0,0
plugin_ios_activity_recognition,"[""walking""]",0,1,0,aff93315-4e74-41b2-84a7-f597e1c55207,64BY,,0,0,1602642095849,0,1
plugin_ios_activity_recognition,"[""walking""]",0,2,0,aff93315-4e74-41b2-84a7-f597e1c55207,64BY,,0,0,1602642100994,0,1
plugin_ios_activity_recognition,"[""stationary""]",0,2,0,aff93315-4e74-41b2-84a7-f597e1c55207,64BY,,0,1,1602642109670,0,0
plugin_ios_activity_recognition,"[""walking""]",0,2,0,aff93315-4e74-41b2-84a7-f597e1c55207,64BY,,0,0,1602642110634,0,1
plugin_ios_activity_recognition,,0,2,0,aff93315-4e74-41b2-84a7-f597e1c55207,64BY,,0,0,1602642152444,0,0
plugin_ios_activity_recognition,,0,2,0,aff93315-4e74-41b2-84a7-f597e1c55207,64BY,,0,0,1602642259015,0,0
plugin_ios_activity_recognition,"[""stationary""]",0,2,0,aff93315-4e74-41b2-84a7-f597e1c55207,64BY,,0,1,1602642284894,0,0
plugin_ios_activity_recognition,,0,2,0,aff93315-4e74-41b2-84a7-f597e1c55207,64BY,,0,0,1602642296138,0,0
plugin_ios_activity_recognition,"[""walking""]",0,1,0,aff93315-4e74-41b2-84a7-f597e1c55207,64BY,,0,0,1602642306757,0,1
plugin_ios_activity_recognition,"[""walking""]",0,2,0,aff93315-4e74-41b2-84a7-f597e1c55207,64BY,,0,0,1602642311901,0,1
plugin_ios_activity_recognition,"[""stationary""]",0,2,0,aff93315-4e74-41b2-84a7-f597e1c55207,64BY,,0,1,1602642324114,0,0
plugin_ios_activity_recognition,"[""walking""]",0,2,0,aff93315-4e74-41b2-84a7-f597e1c55207,64BY,,0,0,1602642326687,0,1
plugin_ios_activity_recognition,,0,2,0,aff93315-4e74-41b2-84a7-f597e1c55207,64BY,,0,0,1602642363667,0,0
plugin_ios_activity_recognition,"[""stationary""]",0,2,0,aff93315-4e74-41b2-84a7-f597e1c55207,64BY,,0,1,1602642368489,0,0
plugin_ios_activity_recognition,,0,2,0,aff93315-4e74-41b2-84a7-f597e1c55207,64BY,,0,0,1602642370736,0,0
plugin_ios_activity_recognition,"[""stationary""]",0,2,0,aff93315-4e74-41b2-84a7-f597e1c55207,64BY,,0,1,1602642434061,0,0
plugin_ios_activity_recognition,,0,2,0,aff93315-4e74-41b2-84a7-f597e1c55207,64BY,,0,0,1602642437924,0,0
plugin_ios_activity_recognition,,0,2,0,aff93315-4e74-41b2-84a7-f597e1c55207,64BY,,0,0,1602642438941,0,0
plugin_ios_activity_recognition,"[""walking""]",0,1,0,aff93315-4e74-41b2-84a7-f597e1c55207,64BY,,0,0,1602642499669,0,1
plugin_ios_activity_recognition,"[""walking""]",0,2,0,aff93315-4e74-41b2-84a7-f597e1c55207,64BY,,0,0,1602642504815,0,1
plugin_ios_activity_recognition,,0,2,0,aff93315-4e74-41b2-84a7-f597e1c55207,64BY,,0,0,1602642563972,0,0
plugin_ios_activity_recognition,"[""stationary""]",0,2,0,aff93315-4e74-41b2-84a7-f597e1c55207,64BY,,0,1,1602642612194,0,0
plugin_ios_activity_recognition,,0,2,0,aff93315-4e74-41b2-84a7-f597e1c55207,64BY,,0,0,1602642612516,0,0
plugin_ios_activity_recognition,,0,2,0,aff93315-4e74-41b2-84a7-f597e1c55207,64BY,,0,0,1602642618920,0,0
plugin_ios_activity_recognition,"[""stationary""]",0,2,0,aff93315-4e74-41b2-84a7-f597e1c55207,64BY,,0,1,1602642707382,0,0
plugin_ios_activity_recognition,,0,2,0,aff93315-4e74-41b2-84a7-f597e1c55207,64BY,,0,0,1602642711241,0,0
plugin_ios_activity_recognition,,0,2,0,aff93315-4e74-41b2-84a7-f597e1c55207,64BY,,0,0,1602642798944,0,0
plugin_ios_activity_recognition,"[""stationary""]",0,2,0,aff93315-4e74-41b2-84a7-f597e1c55207,64BY,,0,1,1602642882974,0,0
plugin_ios_activity_recognition,,0,2,0,aff93315-4e74-41b2-84a7-f597e1c55207,64BY,,0,0,1602642884899,0,0
plugin_ios_activity_recognition,"[""stationary""]",0,2,0,aff93315-4e74-41b2-84a7-f597e1c55207,64BY,,0,1,1602642892295,0,0
plugin_ios_activity_recognition,,0,2,0,aff93315-4e74-41b2-84a7-f597e1c55207,64BY,,0,0,1602642893582,0,0
plugin_ios_activity_recognition,"[""stationary""]",0,2,0,aff93315-4e74-41b2-84a7-f597e1c55207,64BY,,0,1,1602642961437,0,0
plugin_ios_activity_recognition,,0,2,0,aff93315-4e74-41b2-84a7-f597e1c55207,64BY,,0,0,1602642962080,0,0
plugin_ios_activity_recognition,"[""stationary""]",0,2,0,aff93315-4e74-41b2-84a7-f597e1c55207,64BY,,0,1,1602642976873,0,0
plugin_ios_activity_recognition,"[""stationary""]",0,2,0,aff93315-4e74-41b2-84a7-f597e1c55207,64BY,,0,1,1602642978920,0,0
plugin_ios_activity_recognition,,0,2,0,aff93315-4e74-41b2-84a7-f597e1c55207,64BY,,0,0,1602643002590,0,0
plugin_ios_activity_recognition,"[""stationary""]",0,2,0,aff93315-4e74-41b2-84a7-f597e1c55207,64BY,,0,1,1602643025745,0,0
plugin_ios_activity_recognition,,0,2,0,aff93315-4e74-41b2-84a7-f597e1c55207,64BY,,0,0,1602643028317,0,0
plugin_ios_activity_recognition,"[""stationary""]",0,2,0,aff93315-4e74-41b2-84a7-f597e1c55207,64BY,,0,1,1602643043422,0,0
plugin_ios_activity_recognition,,0,2,0,aff93315-4e74-41b2-84a7-f597e1c55207,64BY,,0,0,1602643045673,0,0
plugin_ios_activity_recognition,"[""stationary""]",0,2,0,aff93315-4e74-41b2-84a7-f597e1c55207,64BY,,0,1,1602643049848,0,0
plugin_ios_activity_recognition,,0,2,0,aff93315-4e74-41b2-84a7-f597e1c55207,64BY,,0,0,1602643052095,0,0
plugin_ios_activity_recognition,"[""stationary""]",0,2,0,aff93315-4e74-41b2-84a7-f597e1c55207,64BY,,0,1,1602643066566,0,0
plugin_ios_activity_recognition,,0,2,0,aff93315-4e74-41b2-84a7-f597e1c55207,64BY,,0,0,1602643071701,0,0
plugin_ios_activity_recognition,"[""stationary""]",0,2,0,aff93315-4e74-41b2-84a7-f597e1c55207,64BY,,0,1,1602643080381,0,0
plugin_ios_activity_recognition,,0,2,0,aff93315-4e74-41b2-84a7-f597e1c55207,64BY,,0,0,1602643088099,0,0
plugin_ios_activity_recognition,"[""stationary""]",0,2,0,aff93315-4e74-41b2-84a7-f597e1c55207,64BY,,0,1,1602643097425,0,0
plugin_ios_activity_recognition,,0,2,0,aff93315-4e74-41b2-84a7-f597e1c55207,64BY,,0,0,1602643144663,0,0
plugin_ios_activity_recognition,"[""stationary""]",0,2,0,aff93315-4e74-41b2-84a7-f597e1c55207,64BY,,0,1,1602643152054,0,0
plugin_ios_activity_recognition,"[""stationary""]",0,2,0,aff93315-4e74-41b2-84a7-f597e1c55207,64BY,,0,1,1602643158917,0,0
plugin_ios_activity_recognition,,0,2,0,aff93315-4e74-41b2-84a7-f597e1c55207,64BY,,0,0,1602643182458,0,0
plugin_ios_activity_recognition,"[""stationary""]",0,2,0,aff93315-4e74-41b2-84a7-f597e1c55207,64BY,,0,1,1602643198210,0,0
plugin_ios_activity_recognition,,0,2,0,aff93315-4e74-41b2-84a7-f597e1c55207,64BY,,0,0,1602643216843,0,0
plugin_ios_activity_recognition,"[""walking""]",0,1,0,aff93315-4e74-41b2-84a7-f597e1c55207,64BY,,0,0,1602643219739,0,1
plugin_ios_activity_recognition,"[""walking""]",0,2,0,aff93315-4e74-41b2-84a7-f597e1c55207,64BY,,0,0,1602643224888,0,1
plugin_ios_activity_recognition,"[""stationary""]",0,2,0,aff93315-4e74-41b2-84a7-f597e1c55207,64BY,,0,1,1602643238709,0,0
plugin_ios_activity_recognition,,0,2,0,aff93315-4e74-41b2-84a7-f597e1c55207,64BY,,0,0,1602643244487,0,0
plugin_ios_activity_recognition,"[""stationary""]",0,2,0,aff93315-4e74-41b2-84a7-f597e1c55207,64BY,,0,1,1602643253174,0,0
plugin_ios_activity_recognition,,0,2,0,aff93315-4e74-41b2-84a7-f597e1c55207,64BY,,0,0,1602643258299,0,0
plugin_ios_activity_recognition,"[""stationary""]",0,2,0,aff93315-4e74-41b2-84a7-f597e1c55207,64BY,,0,1,1602643266972,0,0
plugin_ios_activity_recognition,,0,2,0,aff93315-4e74-41b2-84a7-f597e1c55207,64BY,,0,0,1602643271151,0,0
plugin_ios_activity_recognition,"[""stationary""]",0,2,0,aff93315-4e74-41b2-84a7-f597e1c55207,64BY,,0,1,1602643323216,0,0
plugin_ios_activity_recognition,,0,2,0,aff93315-4e74-41b2-84a7-f597e1c55207,64BY,,0,0,1602643324497,0,0
plugin_ios_activity_recognition,"[""stationary""]",0,2,0,aff93315-4e74-41b2-84a7-f597e1c55207,64BY,,0,1,1602643328678,0,0
plugin_ios_activity_recognition,"[""stationary""]",0,2,0,aff93315-4e74-41b2-84a7-f597e1c55207,64BY,,0,1,1602643338934,0,0
plugin_ios_activity_recognition,,0,2,0,aff93315-4e74-41b2-84a7-f597e1c55207,64BY,,0,0,1602643377037,0,0
plugin_ios_activity_recognition,"[""stationary""]",0,2,0,aff93315-4e74-41b2-84a7-f597e1c55207,64BY,,0,1,1602643380570,0,0
plugin_ios_activity_recognition,"[""stationary""]",0,2,0,aff93315-4e74-41b2-84a7-f597e1c55207,64BY,,0,1,1602643518967,0,0
plugin_ios_activity_recognition,"[""stationary""]",0,2,0,aff93315-4e74-41b2-84a7-f597e1c55207,64BY,supplement,0,1,1602643698967,0,0
plugin_ios_activity_recognition,"[""stationary""]",0,2,0,aff93315-4e74-41b2-84a7-f597e1c55207,64BY,,0,1,1602643699034,0,0
plugin_ios_activity_recognition,"[""stationary""]",0,2,0,aff93315-4e74-41b2-84a7-f597e1c55207,64BY,,0,1,1602643878941,0,0
plugin_ios_activity_recognition,"[""stationary""]",0,2,0,aff93315-4e74-41b2-84a7-f597e1c55207,64BY,supplement,0,1,1602643878967,0,0
plugin_ios_activity_recognition,"[""stationary""]",0,2,0,aff93315-4e74-41b2-84a7-f597e1c55207,64BY,supplement,0,1,1602644058941,0,0
plugin_ios_activity_recognition,"[""stationary""]",0,2,0,aff93315-4e74-41b2-84a7-f597e1c55207,64BY,,0,1,1602644058943,0,0
plugin_ios_activity_recognition,"[""stationary""]",0,2,0,aff93315-4e74-41b2-84a7-f597e1c55207,64BY,supplement,0,1,1602644238941,0,0
plugin_ios_activity_recognition,"[""stationary""]",0,2,0,aff93315-4e74-41b2-84a7-f597e1c55207,64BY,supplement,0,1,1602644238943,0,0
plugin_ios_activity_recognition,"[""stationary""]",0,2,0,aff93315-4e74-41b2-84a7-f597e1c55207,64BY,,0,1,1602644239139,0,0
plugin_ios_activity_recognition,"[""stationary""]",0,2,0,aff93315-4e74-41b2-84a7-f597e1c55207,64BY,supplement,0,1,1602644418943,0,0
plugin_ios_activity_recognition,"[""stationary""]",0,2,0,aff93315-4e74-41b2-84a7-f597e1c55207,64BY,,0,1,1602644418945,0,0
plugin_ios_activity_recognition,"[""stationary""]",0,2,0,aff93315-4e74-41b2-84a7-f597e1c55207,64BY,supplement,0,1,1602644598945,0,0
plugin_ios_activity_recognition,"[""stationary""]",0,2,0,aff93315-4e74-41b2-84a7-f597e1c55207,64BY,,0,1,1602644599041,0,0
plugin_ios_activity_recognition,"[""stationary""]",0,2,0,aff93315-4e74-41b2-84a7-f597e1c55207,64BY,supplement,0,1,1602644778945,0,0
plugin_ios_activity_recognition,"[""stationary""]",0,2,0,aff93315-4e74-41b2-84a7-f597e1c55207,64BY,,0,1,1602644778951,0,0
plugin_ios_activity_recognition,"[""stationary""]",0,2,0,aff93315-4e74-41b2-84a7-f597e1c55207,64BY,supplement,0,1,1602644958951,0,0
plugin_ios_activity_recognition,"[""stationary""]",0,2,0,aff93315-4e74-41b2-84a7-f597e1c55207,64BY,,0,1,1602644959016,0,0
plugin_ios_activity_recognition,"[""stationary""]",0,2,0,aff93315-4e74-41b2-84a7-f597e1c55207,64BY,supplement,0,1,1602645138951,0,0
plugin_ios_activity_recognition,"[""stationary""]",0,2,0,aff93315-4e74-41b2-84a7-f597e1c55207,64BY,,0,1,1602645138969,0,0
plugin_ios_activity_recognition,"[""stationary""]",0,2,0,aff93315-4e74-41b2-84a7-f597e1c55207,64BY,,0,1,1602645318951,0,0
plugin_ios_activity_recognition,"[""stationary""]",0,2,0,aff93315-4e74-41b2-84a7-f597e1c55207,64BY,supplement,0,1,1602645498951,0,0
plugin_ios_activity_recognition,"[""stationary""]",0,2,0,aff93315-4e74-41b2-84a7-f597e1c55207,64BY,,0,1,1602645498957,0,0
plugin_ios_activity_recognition,"[""stationary""]",0,2,0,aff93315-4e74-41b2-84a7-f597e1c55207,64BY,supplement,0,1,1602645678951,0,0
plugin_ios_activity_recognition,"[""stationary""]",0,2,0,aff93315-4e74-41b2-84a7-f597e1c55207,64BY,supplement,0,1,1602645678957,0,0
plugin_ios_activity_recognition,"[""stationary""]",0,2,0,aff93315-4e74-41b2-84a7-f597e1c55207,64BY,,0,1,1602645679055,0,0
plugin_ios_activity_recognition,"[""stationary""]",0,2,0,aff93315-4e74-41b2-84a7-f597e1c55207,64BY,supplement,0,1,1602645858957,0,0
plugin_ios_activity_recognition,"[""stationary""]",0,2,0,aff93315-4e74-41b2-84a7-f597e1c55207,64BY,,0,1,1602645859005,0,0
plugin_ios_activity_recognition,"[""stationary""]",0,2,0,aff93315-4e74-41b2-84a7-f597e1c55207,64BY,,0,1,1602646038982,0,0
plugin_ios_activity_recognition,"[""stationary""]",0,2,0,aff93315-4e74-41b2-84a7-f597e1c55207,64BY,,0,1,1602646218956,0,0
plugin_ios_activity_recognition,"[""stationary""]",0,2,0,aff93315-4e74-41b2-84a7-f597e1c55207,64BY,supplement,0,1,1602646398956,0,0
plugin_ios_activity_recognition,"[""stationary""]",0,2,0,aff93315-4e74-41b2-84a7-f597e1c55207,64BY,,0,1,1602646399006,0,0
plugin_ios_activity_recognition,"[""stationary""]",0,2,0,aff93315-4e74-41b2-84a7-f597e1c55207,64BY,supplement,0,1,1602646578956,0,0
plugin_ios_activity_recognition,"[""stationary""]",0,2,0,aff93315-4e74-41b2-84a7-f597e1c55207,64BY,,0,1,1602646578964,0,0
plugin_ios_activity_recognition,"[""stationary""]",0,2,0,aff93315-4e74-41b2-84a7-f597e1c55207,64BY,supplement,0,1,1602646758964,0,0
plugin_ios_activity_recognition,"[""stationary""]",0,2,0,aff93315-4e74-41b2-84a7-f597e1c55207,64BY,,0,1,1602646758965,0,0
plugin_ios_activity_recognition,"[""stationary""]",0,2,0,aff93315-4e74-41b2-84a7-f597e1c55207,64BY,supplement,0,1,1602646938964,0,0
plugin_ios_activity_recognition,"[""stationary""]",0,2,0,aff93315-4e74-41b2-84a7-f597e1c55207,64BY,supplement,0,1,1602646938965,0,0
plugin_ios_activity_recognition,"[""stationary""]",0,2,0,aff93315-4e74-41b2-84a7-f597e1c55207,64BY,,0,1,1602646938972,0,0
plugin_ios_activity_recognition,"[""stationary""]",0,2,0,aff93315-4e74-41b2-84a7-f597e1c55207,64BY,supplement,0,1,1602647118965,0,0
plugin_ios_activity_recognition,"[""stationary""]",0,2,0,aff93315-4e74-41b2-84a7-f597e1c55207,64BY,supplement,0,1,1602647118972,0,0
plugin_ios_activity_recognition,"[""stationary""]",0,2,0,aff93315-4e74-41b2-84a7-f597e1c55207,64BY,,0,1,1602647119042,0,0
plugin_ios_activity_recognition,"[""stationary""]",0,2,0,aff93315-4e74-41b2-84a7-f597e1c55207,64BY,supplement,0,1,1602647298972,0,0
plugin_ios_activity_recognition,"[""stationary""]",0,2,0,aff93315-4e74-41b2-84a7-f597e1c55207,64BY,supplement,0,1,1602647299042,0,0
plugin_ios_activity_recognition,"[""stationary""]",0,2,0,aff93315-4e74-41b2-84a7-f597e1c55207,64BY,,0,1,1602647299065,0,0
plugin_ios_activity_recognition,"[""stationary""]",0,2,0,aff93315-4e74-41b2-84a7-f597e1c55207,64BY,,0,1,1602647478971,0,0
plugin_ios_activity_recognition,"[""stationary""]",0,2,0,aff93315-4e74-41b2-84a7-f597e1c55207,64BY,supplement,0,1,1602647479042,0,0
plugin_ios_activity_recognition,"[""stationary""]",0,2,0,aff93315-4e74-41b2-84a7-f597e1c55207,64BY,,0,1,1602647658935,0,0
plugin_ios_activity_recognition,"[""stationary""]",0,2,0,aff93315-4e74-41b2-84a7-f597e1c55207,64BY,supplement,0,1,1602647838935,0,0
plugin_ios_activity_recognition,"[""stationary""]",0,2,0,aff93315-4e74-41b2-84a7-f597e1c55207,64BY,,0,1,1602647838990,0,0
plugin_ios_activity_recognition,"[""stationary""]",0,2,0,aff93315-4e74-41b2-84a7-f597e1c55207,64BY,,0,1,1602648018933,0,0
plugin_ios_activity_recognition,"[""stationary""]",0,2,0,aff93315-4e74-41b2-84a7-f597e1c55207,64BY,supplement,0,1,1602648018935,0,0
plugin_ios_activity_recognition,"[""stationary""]",0,2,0,aff93315-4e74-41b2-84a7-f597e1c55207,64BY,supplement,0,1,1602648198933,0,0
plugin_ios_activity_recognition,"[""stationary""]",0,2,0,aff93315-4e74-41b2-84a7-f597e1c55207,64BY,,0,1,1602648199027,0,0
plugin_ios_activity_recognition,"[""stationary""]",0,2,0,aff93315-4e74-41b2-84a7-f597e1c55207,64BY,,0,1,1602648378932,0,0
plugin_ios_activity_recognition,"[""stationary""]",0,2,0,aff93315-4e74-41b2-84a7-f597e1c55207,64BY,supplement,0,1,1602648378933,0,0
plugin_ios_activity_recognition,"[""stationary""]",0,2,0,aff93315-4e74-41b2-84a7-f597e1c55207,64BY,,0,1,1602648558927,0,0
plugin_ios_activity_recognition,"[""stationary""]",0,2,0,aff93315-4e74-41b2-84a7-f597e1c55207,64BY,supplement,0,1,1602648738927,0,0
plugin_ios_activity_recognition,"[""stationary""]",0,2,0,aff93315-4e74-41b2-84a7-f597e1c55207,64BY,,0,1,1602648738978,0,0
plugin_ios_activity_recognition,,0,2,0,aff93315-4e74-41b2-84a7-f597e1c55207,64BY,,0,0,1602648907828,0,0
plugin_ios_activity_recognition,"[""stationary""]",0,2,0,aff93315-4e74-41b2-84a7-f597e1c55207,64BY,,0,1,1602648913287,0,0
plugin_ios_activity_recognition,"[""stationary""]",0,2,0,aff93315-4e74-41b2-84a7-f597e1c55207,64BY,,0,1,1602648918906,0,0
plugin_ios_activity_recognition,"[""stationary""]",0,2,0,aff93315-4e74-41b2-84a7-f597e1c55207,64BY,supplement,0,1,1602648918927,0,0
plugin_ios_activity_recognition,"[""stationary""]",0,2,0,aff93315-4e74-41b2-84a7-f597e1c55207,64BY,,0,1,1602649098897,0,0
plugin_ios_activity_recognition,"[""stationary""]",0,2,0,aff93315-4e74-41b2-84a7-f597e1c55207,64BY,supplement,0,1,1602649278897,0,0
plugin_ios_activity_recognition,"[""stationary""]",0,2,0,aff93315-4e74-41b2-84a7-f597e1c55207,64BY,,0,1,1602649278900,0,0
plugin_ios_activity_recognition,"[""stationary""]",0,2,0,aff93315-4e74-41b2-84a7-f597e1c55207,64BY,supplement,0,1,1602649458897,0,0
plugin_ios_activity_recognition,"[""stationary""]",0,2,0,aff93315-4e74-41b2-84a7-f597e1c55207,64BY,supplement,0,1,1602649458900,0,0
plugin_ios_activity_recognition,"[""stationary""]",0,2,0,aff93315-4e74-41b2-84a7-f597e1c55207,64BY,,0,1,1602649459024,0,0
plugin_ios_activity_recognition,"[""stationary""]",0,2,0,aff93315-4e74-41b2-84a7-f597e1c55207,64BY,supplement,0,1,1602649638900,0,0
plugin_ios_activity_recognition,"[""stationary""]",0,2,0,aff93315-4e74-41b2-84a7-f597e1c55207,64BY,,0,1,1602649638937,0,0
plugin_ios_activity_recognition,"[""stationary""]",0,2,0,aff93315-4e74-41b2-84a7-f597e1c55207,64BY,supplement,0,1,1602649818937,0,0
plugin_ios_activity_recognition,"[""stationary""]",0,2,0,aff93315-4e74-41b2-84a7-f597e1c55207,64BY,,0,1,1602649819022,0,0
plugin_ios_activity_recognition,"[""stationary""]",0,2,0,aff93315-4e74-41b2-84a7-f597e1c55207,64BY,supplement,0,1,1602649998937,0,0
plugin_ios_activity_recognition,"[""stationary""]",0,2,0,aff93315-4e74-41b2-84a7-f597e1c55207,64BY,,0,1,1602649998995,0,0
plugin_ios_activity_recognition,"[""stationary""]",0,2,0,aff93315-4e74-41b2-84a7-f597e1c55207,64BY,,0,1,1602650178925,0,0
plugin_ios_activity_recognition,"[""stationary""]",0,2,0,aff93315-4e74-41b2-84a7-f597e1c55207,64BY,supplement,0,1,1602650358925,0,0
plugin_ios_activity_recognition,"[""stationary""]",0,2,0,aff93315-4e74-41b2-84a7-f597e1c55207,64BY,supplement,0,1,1602650538925,0,0
plugin_ios_activity_recognition,"[""stationary""]",0,2,0,aff93315-4e74-41b2-84a7-f597e1c55207,64BY,,0,1,1602650539018,0,0
plugin_ios_activity_recognition,"[""stationary""]",0,2,0,aff93315-4e74-41b2-84a7-f597e1c55207,64BY,supplement,0,1,1602650718925,0,0
plugin_ios_activity_recognition,"[""stationary""]",0,2,0,aff93315-4e74-41b2-84a7-f597e1c55207,64BY,,0,1,1602650718981,0,0
plugin_ios_activity_recognition,"[""stationary""]",0,2,0,aff93315-4e74-41b2-84a7-f597e1c55207,64BY,,0,1,1602650898958,0,0
plugin_ios_activity_recognition,"[""stationary""]",0,2,0,aff93315-4e74-41b2-84a7-f597e1c55207,64BY,,0,1,1602651078923,0,0
plugin_ios_activity_recognition,,0,2,0,aff93315-4e74-41b2-84a7-f597e1c55207,64BY,,0,0,1602651241569,0,0
plugin_ios_activity_recognition,"[""stationary""]",0,2,0,aff93315-4e74-41b2-84a7-f597e1c55207,64BY,,0,1,1602651245748,0,0
plugin_ios_activity_recognition,"[""stationary""]",0,2,0,aff93315-4e74-41b2-84a7-f597e1c55207,64BY,,0,1,1602651258958,0,0
plugin_ios_activity_recognition,,0,2,0,aff93315-4e74-41b2-84a7-f597e1c55207,64BY,,0,0,1602651266574,0,0
plugin_ios_activity_recognition,"[""stationary""]",0,2,0,aff93315-4e74-41b2-84a7-f597e1c55207,64BY,,0,1,1602651270747,0,0
plugin_ios_activity_recognition,"[""stationary""]",0,2,0,aff93315-4e74-41b2-84a7-f597e1c55207,64BY,,0,1,1602651438959,0,0
plugin_ios_activity_recognition,"[""stationary""]",0,2,0,aff93315-4e74-41b2-84a7-f597e1c55207,64BY,,0,1,1602651618922,0,0
plugin_ios_activity_recognition,,0,2,0,aff93315-4e74-41b2-84a7-f597e1c55207,64BY,,0,0,1602651677154,0,0
plugin_ios_activity_recognition,"[""stationary""]",0,2,0,aff93315-4e74-41b2-84a7-f597e1c55207,64BY,,0,1,1602651682608,0,0
plugin_ios_activity_recognition,"[""stationary""]",0,2,0,aff93315-4e74-41b2-84a7-f597e1c55207,64BY,,0,1,1602651799006,0,0
plugin_ios_activity_recognition,,0,2,0,aff93315-4e74-41b2-84a7-f597e1c55207,64BY,,0,0,1602651894418,0,0
plugin_ios_activity_recognition,"[""stationary""]",0,2,0,aff93315-4e74-41b2-84a7-f597e1c55207,64BY,,0,1,1602651899556,0,0
plugin_ios_activity_recognition,"[""stationary""]",0,2,0,aff93315-4e74-41b2-84a7-f597e1c55207,64BY,,0,1,1602651978955,0,0
plugin_ios_activity_recognition,"[""stationary""]",0,2,0,aff93315-4e74-41b2-84a7-f597e1c55207,64BY,supplement,0,1,1602652158955,0,0
plugin_ios_activity_recognition,"[""stationary""]",0,2,0,aff93315-4e74-41b2-84a7-f597e1c55207,64BY,,0,1,1602652158985,0,0
plugin_ios_activity_recognition,"[""stationary""]",0,2,0,aff93315-4e74-41b2-84a7-f597e1c55207,64BY,supplement,0,1,1602652338955,0,0
plugin_ios_activity_recognition,"[""stationary""]",0,2,0,aff93315-4e74-41b2-84a7-f597e1c55207,64BY,,0,1,1602652338959,0,0
plugin_ios_activity_recognition,"[""stationary""]",0,2,0,aff93315-4e74-41b2-84a7-f597e1c55207,64BY,,0,1,1602652518905,0,0
plugin_ios_activity_recognition,"[""stationary""]",0,2,0,aff93315-4e74-41b2-84a7-f597e1c55207,64BY,supplement,0,1,1602652698905,0,0
plugin_ios_activity_recognition,"[""stationary""]",0,2,0,aff93315-4e74-41b2-84a7-f597e1c55207,64BY,,0,1,1602652698951,0,0
plugin_ios_activity_recognition,,0,2,0,aff93315-4e74-41b2-84a7-f597e1c55207,64BY,,0,0,1602652816025,0,0
plugin_ios_activity_recognition,"[""stationary""]",0,2,0,aff93315-4e74-41b2-84a7-f597e1c55207,64BY,,0,1,1602652825946,0,0
plugin_ios_activity_recognition,,0,2,0,aff93315-4e74-41b2-84a7-f597e1c55207,64BY,,0,0,1602652830125,0,0
plugin_ios_activity_recognition,"[""stationary""]",0,2,0,aff93315-4e74-41b2-84a7-f597e1c55207,64BY,,0,1,1602652834946,0,0
plugin_ios_activity_recognition,,0,2,0,aff93315-4e74-41b2-84a7-f597e1c55207,64BY,,0,0,1602652836232,0,0
plugin_ios_activity_recognition,"[""stationary""]",0,2,0,aff93315-4e74-41b2-84a7-f597e1c55207,64BY,,0,1,1602652852620,0,0
plugin_ios_activity_recognition,"[""stationary""]",0,2,0,aff93315-4e74-41b2-84a7-f597e1c55207,64BY,,0,1,1602652878902,0,0
plugin_ios_activity_recognition,"[""stationary""]",0,2,0,aff93315-4e74-41b2-84a7-f597e1c55207,64BY,supplement,0,1,1602652878905,0,0
plugin_ios_activity_recognition,"[""stationary""]",0,2,0,aff93315-4e74-41b2-84a7-f597e1c55207,64BY,supplement,0,1,1602653058902,0,0
plugin_ios_activity_recognition,"[""stationary""]",0,2,0,aff93315-4e74-41b2-84a7-f597e1c55207,64BY,,0,1,1602653058934,0,0
plugin_ios_activity_recognition,"[""stationary""]",0,2,0,aff93315-4e74-41b2-84a7-f597e1c55207,64BY,supplement,0,1,1602653238902,0,0
plugin_ios_activity_recognition,"[""stationary""]",0,2,0,aff93315-4e74-41b2-84a7-f597e1c55207,64BY,supplement,0,1,1602653238934,0,0
plugin_ios_activity_recognition,"[""stationary""]",0,2,0,aff93315-4e74-41b2-84a7-f597e1c55207,64BY,,0,1,1602653238947,0,0
plugin_ios_activity_recognition,"[""stationary""]",0,2,0,aff93315-4e74-41b2-84a7-f597e1c55207,64BY,supplement,0,1,1602653418934,0,0
plugin_ios_activity_recognition,"[""stationary""]",0,2,0,aff93315-4e74-41b2-84a7-f597e1c55207,64BY,supplement,0,1,1602653418947,0,0
plugin_ios_activity_recognition,"[""stationary""]",0,2,0,aff93315-4e74-41b2-84a7-f597e1c55207,64BY,,0,1,1602653419006,0,0
plugin_ios_activity_recognition,"[""stationary""]",0,2,0,aff93315-4e74-41b2-84a7-f597e1c55207,64BY,,0,1,1602653598924,0,0
plugin_ios_activity_recognition,"[""stationary""]",0,2,0,aff93315-4e74-41b2-84a7-f597e1c55207,64BY,supplement,0,1,1602653598947,0,0
plugin_ios_activity_recognition,"[""stationary""]",0,2,0,aff93315-4e74-41b2-84a7-f597e1c55207,64BY,,0,1,1602653778911,0,0
plugin_ios_activity_recognition,"[""stationary""]",0,2,0,aff93315-4e74-41b2-84a7-f597e1c55207,64BY,,0,1,1602653958911,0,0
plugin_ios_activity_recognition,"[""stationary""]",0,2,0,aff93315-4e74-41b2-84a7-f597e1c55207,64BY,supplement,0,1,1602654138911,0,0
plugin_ios_activity_recognition,"[""stationary""]",0,2,0,aff93315-4e74-41b2-84a7-f597e1c55207,64BY,,0,1,1602654139053,0,0
plugin_ios_activity_recognition,"[""stationary""]",0,2,0,aff93315-4e74-41b2-84a7-f597e1c55207,64BY,supplement,0,1,1602654318911,0,0
plugin_ios_activity_recognition,"[""stationary""]",0,2,0,aff93315-4e74-41b2-84a7-f597e1c55207,64BY,,0,1,1602654318918,0,0
plugin_ios_activity_recognition,"[""stationary""]",0,2,0,aff93315-4e74-41b2-84a7-f597e1c55207,64BY,supplement,0,1,1602654498918,0,0
plugin_ios_activity_recognition,"[""stationary""]",0,2,0,aff93315-4e74-41b2-84a7-f597e1c55207,64BY,,0,1,1602654498998,0,0
plugin_ios_activity_recognition,"[""stationary""]",0,2,0,aff93315-4e74-41b2-84a7-f597e1c55207,64BY,,0,1,1602654678904,0,0
plugin_ios_activity_recognition,"[""stationary""]",0,2,0,aff93315-4e74-41b2-84a7-f597e1c55207,64BY,supplement,0,1,1602654678918,0,0
plugin_ios_activity_recognition,"[""stationary""]",0,2,0,aff93315-4e74-41b2-84a7-f597e1c55207,64BY,supplement,0,1,1602654858904,0,0
plugin_ios_activity_recognition,"[""stationary""]",0,2,0,aff93315-4e74-41b2-84a7-f597e1c55207,64BY,,0,1,1602654859002,0,0
plugin_ios_activity_recognition,"[""stationary""]",0,2,0,aff93315-4e74-41b2-84a7-f597e1c55207,64BY,supplement,0,1,1602655038904,0,0
plugin_ios_activity_recognition,"[""stationary""]",0,2,0,aff93315-4e74-41b2-84a7-f597e1c55207,64BY,,0,1,1602655038972,0,0
plugin_ios_activity_recognition,,0,2,0,aff93315-4e74-41b2-84a7-f597e1c55207,64BY,,0,0,1602655094677,0,0
plugin_ios_activity_recognition,"[""stationary""]",0,2,0,aff93315-4e74-41b2-84a7-f597e1c55207,64BY,,0,1,1602655100136,0,0
plugin_ios_activity_recognition,,0,2,0,aff93315-4e74-41b2-84a7-f597e1c55207,64BY,,0,0,1602655103988,0,0
plugin_ios_activity_recognition,"[""stationary""]",0,2,0,aff93315-4e74-41b2-84a7-f597e1c55207,64BY,,0,1,1602655107519,0,0
plugin_ios_activity_recognition,"[""stationary""]",0,2,0,aff93315-4e74-41b2-84a7-f597e1c55207,64BY,,0,1,1602655218904,0,0
plugin_ios_activity_recognition,,0,2,0,aff93315-4e74-41b2-84a7-f597e1c55207,64BY,,0,0,1602655383149,0,0
plugin_ios_activity_recognition,"[""stationary""]",0,2,0,aff93315-4e74-41b2-84a7-f597e1c55207,64BY,,0,1,1602655390536,0,0
plugin_ios_activity_recognition,"[""stationary""]",0,2,0,aff93315-4e74-41b2-84a7-f597e1c55207,64BY,,0,1,1602655398986,0,0
plugin_ios_activity_recognition,"[""stationary""]",0,2,0,aff93315-4e74-41b2-84a7-f597e1c55207,64BY,supplement,0,1,1602655578986,0,0
plugin_ios_activity_recognition,"[""stationary""]",0,2,0,aff93315-4e74-41b2-84a7-f597e1c55207,64BY,,0,1,1602655578987,0,0
plugin_ios_activity_recognition,"[""stationary""]",0,2,0,aff93315-4e74-41b2-84a7-f597e1c55207,64BY,,0,1,1602655758984,0,0
plugin_ios_activity_recognition,"[""stationary""]",0,2,0,aff93315-4e74-41b2-84a7-f597e1c55207,64BY,supplement,0,1,1602655758986,0,0
plugin_ios_activity_recognition,,0,2,0,aff93315-4e74-41b2-84a7-f597e1c55207,64BY,,0,0,1602655890331,0,0
plugin_ios_activity_recognition,"[""stationary""]",0,2,0,aff93315-4e74-41b2-84a7-f597e1c55207,64BY,,0,1,1602655895141,0,0
plugin_ios_activity_recognition,"[""stationary""]",0,2,0,aff93315-4e74-41b2-84a7-f597e1c55207,64BY,,0,1,1602655938932,0,0
plugin_ios_activity_recognition,"[""stationary""]",0,2,0,aff93315-4e74-41b2-84a7-f597e1c55207,64BY,,0,1,1602656118888,0,0
plugin_ios_activity_recognition,"[""stationary""]",0,2,0,aff93315-4e74-41b2-84a7-f597e1c55207,64BY,supplement,0,1,1602656298888,0,0
plugin_ios_activity_recognition,"[""stationary""]",0,2,0,aff93315-4e74-41b2-84a7-f597e1c55207,64BY,,0,1,1602656298941,0,0
plugin_ios_activity_recognition,"[""stationary""]",0,2,0,aff93315-4e74-41b2-84a7-f597e1c55207,64BY,,0,1,1602656478885,0,0
plugin_ios_activity_recognition,"[""stationary""]",0,2,0,aff93315-4e74-41b2-84a7-f597e1c55207,64BY,supplement,0,1,1602656478888,0,0
plugin_ios_activity_recognition,"[""stationary""]",0,2,0,aff93315-4e74-41b2-84a7-f597e1c55207,64BY,supplement,0,1,1602656658885,0,0
plugin_ios_activity_recognition,"[""stationary""]",0,2,0,aff93315-4e74-41b2-84a7-f597e1c55207,64BY,,0,1,1602656658950,0,0
plugin_ios_activity_recognition,,0,2,0,aff93315-4e74-41b2-84a7-f597e1c55207,64BY,,0,0,1602656662039,0,0
plugin_ios_activity_recognition,"[""stationary""]",0,2,0,aff93315-4e74-41b2-84a7-f597e1c55207,64BY,,0,1,1602656668452,0,0
plugin_ios_activity_recognition,,0,2,0,aff93315-4e74-41b2-84a7-f597e1c55207,64BY,,0,0,1602656761827,0,0
plugin_ios_activity_recognition,"[""stationary""]",0,2,0,aff93315-4e74-41b2-84a7-f597e1c55207,64BY,,0,1,1602656765679,0,0
plugin_ios_activity_recognition,,0,2,0,aff93315-4e74-41b2-84a7-f597e1c55207,64BY,,0,0,1602656792229,0,0
plugin_ios_activity_recognition,"[""stationary""]",0,2,0,aff93315-4e74-41b2-84a7-f597e1c55207,64BY,,0,1,1602656796077,0,0
plugin_ios_activity_recognition,"[""stationary""]",0,2,0,aff93315-4e74-41b2-84a7-f597e1c55207,64BY,supplement,0,1,1602656838885,0,0
plugin_ios_activity_recognition,"[""stationary""]",0,2,0,aff93315-4e74-41b2-84a7-f597e1c55207,64BY,,0,1,1602656838945,0,0
plugin_ios_activity_recognition,"[""stationary""]",0,2,0,aff93315-4e74-41b2-84a7-f597e1c55207,64BY,,0,1,1602657018925,0,0
plugin_ios_activity_recognition,"[""stationary""]",0,2,0,aff93315-4e74-41b2-84a7-f597e1c55207,64BY,supplement,0,1,1602657198925,0,0
plugin_ios_activity_recognition,"[""stationary""]",0,2,0,aff93315-4e74-41b2-84a7-f597e1c55207,64BY,,0,1,1602657198955,0,0
plugin_ios_activity_recognition,,0,2,0,aff93315-4e74-41b2-84a7-f597e1c55207,64BY,,0,0,1602657310091,0,0
plugin_ios_activity_recognition,"[""stationary""]",0,2,0,aff93315-4e74-41b2-84a7-f597e1c55207,64BY,,0,1,1602657314269,0,0
plugin_ios_activity_recognition,"[""stationary""]",0,2,0,aff93315-4e74-41b2-84a7-f597e1c55207,64BY,,0,1,1602657378857,0,0
plugin_ios_activity_recognition,"[""stationary""]",0,2,0,aff93315-4e74-41b2-84a7-f597e1c55207,64BY,supplement,0,1,1602657378925,0,0
plugin_ios_activity_recognition,,0,2,0,aff93315-4e74-41b2-84a7-f597e1c55207,64BY,,0,0,1602657396147,0,0
plugin_ios_activity_recognition,"[""stationary""]",0,2,0,aff93315-4e74-41b2-84a7-f597e1c55207,64BY,,0,1,1602657402557,0,0
plugin_ios_activity_recognition,,0,2,0,aff93315-4e74-41b2-84a7-f597e1c55207,64BY,,0,0,1602657485996,0,0
plugin_ios_activity_recognition,"[""stationary""]",0,2,0,aff93315-4e74-41b2-84a7-f597e1c55207,64BY,,0,1,1602657490170,0,0
plugin_ios_activity_recognition,"[""stationary""]",0,2,0,aff93315-4e74-41b2-84a7-f597e1c55207,64BY,,0,1,1602657558855,0,0
plugin_ios_activity_recognition,"[""stationary""]",0,2,0,aff93315-4e74-41b2-84a7-f597e1c55207,64BY,supplement,0,1,1602657738855,0,0
plugin_ios_activity_recognition,"[""stationary""]",0,2,0,aff93315-4e74-41b2-84a7-f597e1c55207,64BY,,0,1,1602657738968,0,0
plugin_ios_activity_recognition,"[""stationary""]",0,2,0,aff93315-4e74-41b2-84a7-f597e1c55207,64BY,,0,1,1602657918850,0,0
plugin_ios_activity_recognition,"[""stationary""]",0,2,0,aff93315-4e74-41b2-84a7-f597e1c55207,64BY,supplement,0,1,1602657918855,0,0
plugin_ios_activity_recognition,,0,2,0,aff93315-4e74-41b2-84a7-f597e1c55207,64BY,,0,0,1602658034455,0,0
plugin_ios_activity_recognition,"[""stationary""]",0,2,0,aff93315-4e74-41b2-84a7-f597e1c55207,64BY,,0,1,1602658038629,0,0
plugin_ios_activity_recognition,"[""stationary""]",0,2,0,aff93315-4e74-41b2-84a7-f597e1c55207,64BY,,0,1,1602658098845,0,0
plugin_ios_activity_recognition,,0,2,0,aff93315-4e74-41b2-84a7-f597e1c55207,64BY,,0,0,1602658130016,0,0
plugin_ios_activity_recognition,"[""stationary""]",0,2,0,aff93315-4e74-41b2-84a7-f597e1c55207,64BY,,0,1,1602658135475,0,0
plugin_ios_activity_recognition,,0,2,0,aff93315-4e74-41b2-84a7-f597e1c55207,64BY,,0,0,1602658238684,0,0
plugin_ios_activity_recognition,"[""stationary""]",0,2,0,aff93315-4e74-41b2-84a7-f597e1c55207,64BY,,0,1,1602658250251,0,0
plugin_ios_activity_recognition,"[""stationary""]",0,2,0,aff93315-4e74-41b2-84a7-f597e1c55207,64BY,,0,1,1602658278861,0,0
plugin_ios_activity_recognition,"[""stationary""]",0,2,0,aff93315-4e74-41b2-84a7-f597e1c55207,64BY,,0,1,1602658458860,0,0
plugin_ios_activity_recognition,,0,2,0,aff93315-4e74-41b2-84a7-f597e1c55207,64BY,,0,0,1602658514982,0,0
plugin_ios_activity_recognition,"[""stationary""]",0,2,0,aff93315-4e74-41b2-84a7-f597e1c55207,64BY,,0,1,1602658525258,0,0
plugin_ios_activity_recognition,"[""stationary""]",0,2,0,aff93315-4e74-41b2-84a7-f597e1c55207,64BY,,0,1,1602658638966,0,0
plugin_ios_activity_recognition,,0,2,0,aff93315-4e74-41b2-84a7-f597e1c55207,64BY,,0,0,1602658729888,0,0
plugin_ios_activity_recognition,"[""stationary""]",0,2,0,aff93315-4e74-41b2-84a7-f597e1c55207,64BY,,0,1,1602658735668,0,0
plugin_ios_activity_recognition,"[""stationary""]",0,2,0,aff93315-4e74-41b2-84a7-f597e1c55207,64BY,,0,1,1602658818854,0,0
plugin_ios_activity_recognition,"[""stationary""]",0,2,0,aff93315-4e74-41b2-84a7-f597e1c55207,64BY,,0,1,1602658998853,0,0
plugin_ios_activity_recognition,,0,2,0,aff93315-4e74-41b2-84a7-f597e1c55207,64BY,,0,0,1602659104766,0,0
plugin_ios_activity_recognition,"[""stationary""]",0,2,0,aff93315-4e74-41b2-84a7-f597e1c55207,64BY,,0,1,1602659108939,0,0
plugin_ios_activity_recognition,"[""stationary""]",0,2,0,aff93315-4e74-41b2-84a7-f597e1c55207,64BY,,0,1,1602659178916,0,0
plugin_ios_activity_recognition,"[""stationary""]",0,2,0,aff93315-4e74-41b2-84a7-f597e1c55207,64BY,supplement,0,1,1602659358916,0,0
plugin_ios_activity_recognition,"[""stationary""]",0,2,0,aff93315-4e74-41b2-84a7-f597e1c55207,64BY,,0,1,1602659358945,0,0
plugin_ios_activity_recognition,"[""stationary""]",0,2,0,aff93315-4e74-41b2-84a7-f597e1c55207,64BY,,0,1,1602659538901,0,0
plugin_ios_activity_recognition,"[""stationary""]",0,2,0,aff93315-4e74-41b2-84a7-f597e1c55207,64BY,supplement,0,1,1602659538916,0,0
plugin_ios_activity_recognition,"[""stationary""]",0,2,0,aff93315-4e74-41b2-84a7-f597e1c55207,64BY,,0,1,1602659718816,0,0
plugin_ios_activity_recognition,,0,2,0,aff93315-4e74-41b2-84a7-f597e1c55207,64BY,,0,0,1602659878099,0,0
plugin_ios_activity_recognition,"[""stationary""]",0,2,0,aff93315-4e74-41b2-84a7-f597e1c55207,64BY,,0,1,1602659889975,0,0
plugin_ios_activity_recognition,,0,2,0,aff93315-4e74-41b2-84a7-f597e1c55207,64BY,,0,0,1602659890936,0,0
plugin_ios_activity_recognition,"[""stationary""]",0,2,0,aff93315-4e74-41b2-84a7-f597e1c55207,64BY,,0,1,1602659895113,0,0
plugin_ios_activity_recognition,"[""stationary""]",0,2,0,aff93315-4e74-41b2-84a7-f597e1c55207,64BY,,0,1,1602659898818,0,0
plugin_ios_activity_recognition,"[""stationary""]",0,2,0,aff93315-4e74-41b2-84a7-f597e1c55207,64BY,,0,1,1602660078808,0,0
plugin_ios_activity_recognition,"[""stationary""]",0,2,0,aff93315-4e74-41b2-84a7-f597e1c55207,64BY,,0,1,1602660258807,0,0
plugin_ios_activity_recognition,"[""stationary""]",0,2,0,aff93315-4e74-41b2-84a7-f597e1c55207,64BY,supplement,0,1,1602660438807,0,0
plugin_ios_activity_recognition,"[""stationary""]",0,2,0,aff93315-4e74-41b2-84a7-f597e1c55207,64BY,,0,1,1602660438851,0,0
plugin_ios_activity_recognition,"[""stationary""]",0,2,0,aff93315-4e74-41b2-84a7-f597e1c55207,64BY,supplement,0,1,1602660618807,0,0
plugin_ios_activity_recognition,"[""stationary""]",0,2,0,aff93315-4e74-41b2-84a7-f597e1c55207,64BY,,0,1,1602660618828,0,0
plugin_ios_activity_recognition,,0,2,0,aff93315-4e74-41b2-84a7-f597e1c55207,64BY,,0,0,1602660757538,0,0
plugin_ios_activity_recognition,"[""stationary""]",0,2,0,aff93315-4e74-41b2-84a7-f597e1c55207,64BY,,0,1,1602660766527,0,0
plugin_ios_activity_recognition,"[""stationary""]",0,2,0,aff93315-4e74-41b2-84a7-f597e1c55207,64BY,,0,1,1602660798905,0,0
plugin_ios_activity_recognition,"[""stationary""]",0,2,0,aff93315-4e74-41b2-84a7-f597e1c55207,64BY,,0,1,1602660978829,0,0
plugin_ios_activity_recognition,"[""stationary""]",0,2,0,aff93315-4e74-41b2-84a7-f597e1c55207,64BY,,0,1,1602661158827,0,0
plugin_ios_activity_recognition,"[""stationary""]",0,2,0,aff93315-4e74-41b2-84a7-f597e1c55207,64BY,supplement,0,1,1602661338827,0,0
plugin_ios_activity_recognition,"[""stationary""]",0,2,0,aff93315-4e74-41b2-84a7-f597e1c55207,64BY,,0,1,1602661339057,0,0
plugin_ios_activity_recognition,"[""stationary""]",0,2,0,aff93315-4e74-41b2-84a7-f597e1c55207,64BY,,0,1,1602661518819,0,0
plugin_ios_activity_recognition,"[""stationary""]",0,2,0,aff93315-4e74-41b2-84a7-f597e1c55207,64BY,supplement,0,1,1602661518827,0,0
plugin_ios_activity_recognition,"[""stationary""]",0,2,0,aff93315-4e74-41b2-84a7-f597e1c55207,64BY,supplement,0,1,1602661698819,0,0
plugin_ios_activity_recognition,"[""stationary""]",0,2,0,aff93315-4e74-41b2-84a7-f597e1c55207,64BY,,0,1,1602661698865,0,0
plugin_ios_activity_recognition,,0,2,0,aff93315-4e74-41b2-84a7-f597e1c55207,64BY,,0,0,1602661766629,0,0
plugin_ios_activity_recognition,"[""stationary""]",0,2,0,aff93315-4e74-41b2-84a7-f597e1c55207,64BY,,0,1,1602661774016,0,0
plugin_ios_activity_recognition,"[""stationary""]",0,2,0,aff93315-4e74-41b2-84a7-f597e1c55207,64BY,,0,1,1602661878817,0,0
plugin_ios_activity_recognition,"[""stationary""]",0,2,0,aff93315-4e74-41b2-84a7-f597e1c55207,64BY,supplement,0,1,1602661878819,0,0
plugin_ios_activity_recognition,"[""stationary""]",0,2,0,aff93315-4e74-41b2-84a7-f597e1c55207,64BY,supplement,0,1,1602662058817,0,0
plugin_ios_activity_recognition,"[""stationary""]",0,2,0,aff93315-4e74-41b2-84a7-f597e1c55207,64BY,,0,1,1602662058931,0,0
plugin_ios_activity_recognition,,0,2,0,aff93315-4e74-41b2-84a7-f597e1c55207,64BY,,0,0,1602662224986,0,0
plugin_ios_activity_recognition,"[""stationary""]",0,2,0,aff93315-4e74-41b2-84a7-f597e1c55207,64BY,,0,1,1602662228515,0,0
plugin_ios_activity_recognition,"[""stationary""]",0,2,0,aff93315-4e74-41b2-84a7-f597e1c55207,64BY,supplement,0,1,1602662238817,0,0
plugin_ios_activity_recognition,"[""stationary""]",0,2,0,aff93315-4e74-41b2-84a7-f597e1c55207,64BY,,0,1,1602662238924,0,0
plugin_ios_activity_recognition,"[""stationary""]",0,2,0,aff93315-4e74-41b2-84a7-f597e1c55207,64BY,,0,1,1602662418833,0,0
plugin_ios_activity_recognition,"[""stationary""]",0,2,0,aff93315-4e74-41b2-84a7-f597e1c55207,64BY,,0,1,1602662598832,0,0
plugin_ios_activity_recognition,"[""stationary""]",0,2,0,aff93315-4e74-41b2-84a7-f597e1c55207,64BY,supplement,0,1,1602662778832,0,0
plugin_ios_activity_recognition,,0,2,0,aff93315-4e74-41b2-84a7-f597e1c55207,64BY,,0,0,1602662936354,0,0
plugin_ios_activity_recognition,"[""stationary""]",0,2,0,aff93315-4e74-41b2-84a7-f597e1c55207,64BY,,0,1,1602662942456,0,0
plugin_ios_activity_recognition,"[""stationary""]",0,2,0,aff93315-4e74-41b2-84a7-f597e1c55207,64BY,supplement,0,1,1602662958832,0,0
plugin_ios_activity_recognition,"[""stationary""]",0,2,0,aff93315-4e74-41b2-84a7-f597e1c55207,64BY,,0,1,1602662958925,0,0
plugin_ios_activity_recognition,"[""stationary""]",0,2,0,aff93315-4e74-41b2-84a7-f597e1c55207,64BY,,0,1,1602663138893,0,0
plugin_ios_activity_recognition,"[""stationary""]",0,2,0,aff93315-4e74-41b2-84a7-f597e1c55207,64BY,,0,1,1602663318822,0,0
plugin_ios_activity_recognition,"[""stationary""]",0,2,0,aff93315-4e74-41b2-84a7-f597e1c55207,64BY,supplement,0,1,1602663498822,0,0
plugin_ios_activity_recognition,"[""stationary""]",0,2,0,aff93315-4e74-41b2-84a7-f597e1c55207,64BY,,0,1,1602663498910,0,0
plugin_ios_activity_recognition,"[""stationary""]",0,2,0,aff93315-4e74-41b2-84a7-f597e1c55207,64BY,,0,1,1602663678819,0,0
plugin_ios_activity_recognition,"[""stationary""]",0,2,0,aff93315-4e74-41b2-84a7-f597e1c55207,64BY,supplement,0,1,1602663678822,0,0
plugin_ios_activity_recognition,"[""stationary""]",0,2,0,aff93315-4e74-41b2-84a7-f597e1c55207,64BY,supplement,0,1,1602663858819,0,0
plugin_ios_activity_recognition,"[""stationary""]",0,2,0,aff93315-4e74-41b2-84a7-f597e1c55207,64BY,,0,1,1602663858870,0,0
plugin_ios_activity_recognition,"[""stationary""]",0,2,0,aff93315-4e74-41b2-84a7-f597e1c55207,64BY,supplement,0,1,1602664038819,0,0
plugin_ios_activity_recognition,"[""stationary""]",0,2,0,aff93315-4e74-41b2-84a7-f597e1c55207,64BY,supplement,0,1,1602664038870,0,0
plugin_ios_activity_recognition,"[""stationary""]",0,2,0,aff93315-4e74-41b2-84a7-f597e1c55207,64BY,,0,1,1602664039107,0,0
plugin_ios_activity_recognition,"[""stationary""]",0,2,0,aff93315-4e74-41b2-84a7-f597e1c55207,64BY,supplement,0,1,1602664218870,0,0
plugin_ios_activity_recognition,"[""stationary""]",0,2,0,aff93315-4e74-41b2-84a7-f597e1c55207,64BY,,0,1,1602664218930,0,0
plugin_ios_activity_recognition,"[""stationary""]",0,2,0,aff93315-4e74-41b2-84a7-f597e1c55207,64BY,,0,1,1602664398869,0,0
plugin_ios_activity_recognition,"[""stationary""]",0,2,0,aff93315-4e74-41b2-84a7-f597e1c55207,64BY,supplement,0,1,1602664578869,0,0
plugin_ios_activity_recognition,"[""stationary""]",0,2,0,aff93315-4e74-41b2-84a7-f597e1c55207,64BY,,0,1,1602664578874,0,0
plugin_ios_activity_recognition,"[""stationary""]",0,2,0,aff93315-4e74-41b2-84a7-f597e1c55207,64BY,supplement,0,1,1602664758869,0,0
plugin_ios_activity_recognition,"[""stationary""]",0,2,0,aff93315-4e74-41b2-84a7-f597e1c55207,64BY,supplement,0,1,1602664758874,0,0
plugin_ios_activity_recognition,"[""stationary""]",0,2,0,aff93315-4e74-41b2-84a7-f597e1c55207,64BY,,0,1,1602664758908,0,0
plugin_ios_activity_recognition,"[""stationary""]",0,2,0,aff93315-4e74-41b2-84a7-f597e1c55207,64BY,supplement,0,1,1602664938874,0,0
plugin_ios_activity_recognition,"[""stationary""]",0,2,0,aff93315-4e74-41b2-84a7-f597e1c55207,64BY,supplement,0,1,1602664938908,0,0
plugin_ios_activity_recognition,"[""stationary""]",0,2,0,aff93315-4e74-41b2-84a7-f597e1c55207,64BY,,0,1,1602664938925,0,0
plugin_ios_activity_recognition,"[""stationary""]",0,2,0,aff93315-4e74-41b2-84a7-f597e1c55207,64BY,,0,1,1602665118877,0,0
plugin_ios_activity_recognition,"[""stationary""]",0,2,0,aff93315-4e74-41b2-84a7-f597e1c55207,64BY,supplement,0,1,1602665118908,0,0
plugin_ios_activity_recognition,"[""stationary""]",0,2,0,aff93315-4e74-41b2-84a7-f597e1c55207,64BY,supplement,0,1,1602665298877,0,0
plugin_ios_activity_recognition,"[""stationary""]",0,2,0,aff93315-4e74-41b2-84a7-f597e1c55207,64BY,,0,1,1602665298972,0,0
plugin_ios_activity_recognition,,0,2,0,aff93315-4e74-41b2-84a7-f597e1c55207,64BY,,0,0,1602665304051,0,0
plugin_ios_activity_recognition,"[""stationary""]",0,2,0,aff93315-4e74-41b2-84a7-f597e1c55207,64BY,,0,1,1602665311429,0,0
plugin_ios_activity_recognition,"[""stationary""]",0,2,0,aff93315-4e74-41b2-84a7-f597e1c55207,64BY,,0,1,1602665478876,0,0
plugin_ios_activity_recognition,"[""stationary""]",0,2,0,aff93315-4e74-41b2-84a7-f597e1c55207,64BY,supplement,0,1,1602665478877,0,0
plugin_ios_activity_recognition,"[""stationary""]",0,2,0,aff93315-4e74-41b2-84a7-f597e1c55207,64BY,supplement,0,1,1602665658876,0,0
plugin_ios_activity_recognition,"[""stationary""]",0,2,0,aff93315-4e74-41b2-84a7-f597e1c55207,64BY,,0,1,1602665658975,0,0
plugin_ios_activity_recognition,,0,2,0,aff93315-4e74-41b2-84a7-f597e1c55207,64BY,,0,0,1602665714899,0,0
plugin_ios_activity_recognition,"[""stationary""]",0,2,0,aff93315-4e74-41b2-84a7-f597e1c55207,64BY,,0,1,1602665719711,0,0
plugin_ios_activity_recognition,"[""stationary""]",0,2,0,aff93315-4e74-41b2-84a7-f597e1c55207,64BY,supplement,0,1,1602665838876,0,0
plugin_ios_activity_recognition,"[""stationary""]",0,2,0,aff93315-4e74-41b2-84a7-f597e1c55207,64BY,,0,1,1602665838934,0,0
plugin_ios_activity_recognition,"[""stationary""]",0,2,0,aff93315-4e74-41b2-84a7-f597e1c55207,64BY,,0,1,1602666018881,0,0
plugin_ios_activity_recognition,"[""stationary""]",0,2,0,aff93315-4e74-41b2-84a7-f597e1c55207,64BY,supplement,0,1,1602666198881,0,0
plugin_ios_activity_recognition,"[""stationary""]",0,2,0,aff93315-4e74-41b2-84a7-f597e1c55207,64BY,,0,1,1602666198969,0,0
plugin_ios_activity_recognition,,0,2,0,aff93315-4e74-41b2-84a7-f597e1c55207,64BY,,0,0,1602666313679,0,0
plugin_ios_activity_recognition,"[""stationary""]",0,2,0,aff93315-4e74-41b2-84a7-f597e1c55207,64BY,,0,1,1602666322026,0,0
plugin_ios_activity_recognition,,0,2,0,aff93315-4e74-41b2-84a7-f597e1c55207,64BY,,0,0,1602666322669,0,0
plugin_ios_activity_recognition,"[""stationary""]",0,2,0,aff93315-4e74-41b2-84a7-f597e1c55207,64BY,,0,1,1602666326843,0,0
plugin_ios_activity_recognition,"[""stationary""]",0,2,0,aff93315-4e74-41b2-84a7-f597e1c55207,64BY,,0,1,1602666378875,0,0
plugin_ios_activity_recognition,"[""stationary""]",0,2,0,aff93315-4e74-41b2-84a7-f597e1c55207,64BY,supplement,0,1,1602666378881,0,0
plugin_ios_activity_recognition,,0,2,0,aff93315-4e74-41b2-84a7-f597e1c55207,64BY,,0,0,1602666534782,0,0
plugin_ios_activity_recognition,"[""stationary""]",0,2,0,aff93315-4e74-41b2-84a7-f597e1c55207,64BY,,0,1,1602666539598,0,0
plugin_ios_activity_recognition,"[""stationary""]",0,2,0,aff93315-4e74-41b2-84a7-f597e1c55207,64BY,,0,1,1602666558870,0,0
plugin_ios_activity_recognition,"[""stationary""]",0,2,0,aff93315-4e74-41b2-84a7-f597e1c55207,64BY,supplement,0,1,1602666738870,0,0
plugin_ios_activity_recognition,"[""stationary""]",0,2,0,aff93315-4e74-41b2-84a7-f597e1c55207,64BY,,0,1,1602666738962,0,0
plugin_ios_activity_recognition,"[""stationary""]",0,2,0,aff93315-4e74-41b2-84a7-f597e1c55207,64BY,supplement,0,1,1602666918870,0,0
plugin_ios_activity_recognition,"[""stationary""]",0,2,0,aff93315-4e74-41b2-84a7-f597e1c55207,64BY,supplement,0,1,1602666918962,0,0
plugin_ios_activity_recognition,"[""stationary""]",0,2,0,aff93315-4e74-41b2-84a7-f597e1c55207,64BY,,0,1,1602666918967,0,0
plugin_ios_activity_recognition,"[""stationary""]",0,2,0,aff93315-4e74-41b2-84a7-f597e1c55207,64BY,supplement,0,1,1602667098962,0,0
plugin_ios_activity_recognition,"[""stationary""]",0,2,0,aff93315-4e74-41b2-84a7-f597e1c55207,64BY,supplement,0,1,1602667098967,0,0
plugin_ios_activity_recognition,"[""stationary""]",0,2,0,aff93315-4e74-41b2-84a7-f597e1c55207,64BY,,0,1,1602667098971,0,0
plugin_ios_activity_recognition,"[""stationary""]",0,2,0,aff93315-4e74-41b2-84a7-f597e1c55207,64BY,,0,1,1602667278873,0,0
plugin_ios_activity_recognition,"[""stationary""]",0,2,0,aff93315-4e74-41b2-84a7-f597e1c55207,64BY,supplement,0,1,1602667278967,0,0
plugin_ios_activity_recognition,"[""stationary""]",0,2,0,aff93315-4e74-41b2-84a7-f597e1c55207,64BY,,0,1,1602667458853,0,0
plugin_ios_activity_recognition,"[""stationary""]",0,2,0,aff93315-4e74-41b2-84a7-f597e1c55207,64BY,supplement,0,1,1602667638853,0,0
plugin_ios_activity_recognition,"[""stationary""]",0,2,0,aff93315-4e74-41b2-84a7-f597e1c55207,64BY,,0,1,1602667639131,0,0
plugin_ios_activity_recognition,"[""stationary""]",0,2,0,aff93315-4e74-41b2-84a7-f597e1c55207,64BY,,0,1,1602667818849,0,0
plugin_ios_activity_recognition,"[""stationary""]",0,2,0,aff93315-4e74-41b2-84a7-f597e1c55207,64BY,supplement,0,1,1602667818853,0,0
plugin_ios_activity_recognition,"[""stationary""]",0,2,0,aff93315-4e74-41b2-84a7-f597e1c55207,64BY,supplement,0,1,1602667998849,0,0
plugin_ios_activity_recognition,"[""stationary""]",0,2,0,aff93315-4e74-41b2-84a7-f597e1c55207,64BY,,0,1,1602667998946,0,0
plugin_ios_activity_recognition,,0,2,0,aff93315-4e74-41b2-84a7-f597e1c55207,64BY,,0,0,1602668038666,0,0
plugin_ios_activity_recognition,"[""stationary""]",0,2,0,aff93315-4e74-41b2-84a7-f597e1c55207,64BY,,0,1,1602668049268,0,0
plugin_ios_activity_recognition,"[""stationary""]",0,2,0,aff93315-4e74-41b2-84a7-f597e1c55207,64BY,supplement,0,1,1602668178849,0,0
plugin_ios_activity_recognition,"[""stationary""]",0,2,0,aff93315-4e74-41b2-84a7-f597e1c55207,64BY,,0,1,1602668178850,0,0
plugin_ios_activity_recognition,"[""stationary""]",0,2,0,aff93315-4e74-41b2-84a7-f597e1c55207,64BY,supplement,0,1,1602668358850,0,0
plugin_ios_activity_recognition,"[""stationary""]",0,2,0,aff93315-4e74-41b2-84a7-f597e1c55207,64BY,,0,1,1602668358862,0,0
plugin_ios_activity_recognition,"[""stationary""]",0,2,0,aff93315-4e74-41b2-84a7-f597e1c55207,64BY,supplement,0,1,1602668538850,0,0
plugin_ios_activity_recognition,"[""stationary""]",0,2,0,aff93315-4e74-41b2-84a7-f597e1c55207,64BY,supplement,0,1,1602668538862,0,0
plugin_ios_activity_recognition,"[""stationary""]",0,2,0,aff93315-4e74-41b2-84a7-f597e1c55207,64BY,,0,1,1602668538870,0,0
plugin_ios_activity_recognition,"[""stationary""]",0,2,0,aff93315-4e74-41b2-84a7-f597e1c55207,64BY,,0,1,1602668718847,0,0
plugin_ios_activity_recognition,"[""stationary""]",0,2,0,aff93315-4e74-41b2-84a7-f597e1c55207,64BY,supplement,0,1,1602668718862,0,0
plugin_ios_activity_recognition,,0,2,0,aff93315-4e74-41b2-84a7-f597e1c55207,64BY,,0,0,1602668721964,0,0
plugin_ios_activity_recognition,"[""stationary""]",0,2,0,aff93315-4e74-41b2-84a7-f597e1c55207,64BY,,0,1,1602668727745,0,0
plugin_ios_activity_recognition,"[""stationary""]",0,2,0,aff93315-4e74-41b2-84a7-f597e1c55207,64BY,,0,1,1602668898898,0,0
plugin_ios_activity_recognition,"[""stationary""]",0,2,0,aff93315-4e74-41b2-84a7-f597e1c55207,64BY,supplement,0,1,1602669078898,0,0
plugin_ios_activity_recognition,"[""stationary""]",0,2,0,aff93315-4e74-41b2-84a7-f597e1c55207,64BY,,0,1,1602669078940,0,0
plugin_ios_activity_recognition,"[""stationary""]",0,2,0,aff93315-4e74-41b2-84a7-f597e1c55207,64BY,supplement,0,1,1602669258898,0,0
plugin_ios_activity_recognition,"[""stationary""]",0,2,0,aff93315-4e74-41b2-84a7-f597e1c55207,64BY,,0,1,1602669258917,0,0
plugin_ios_activity_recognition,,0,2,0,aff93315-4e74-41b2-84a7-f597e1c55207,64BY,,0,0,1602669310338,0,0
plugin_ios_activity_recognition,"[""stationary""]",0,2,0,aff93315-4e74-41b2-84a7-f597e1c55207,64BY,,0,1,1602669317082,0,0
plugin_ios_activity_recognition,"[""stationary""]",0,2,0,aff93315-4e74-41b2-84a7-f597e1c55207,64BY,,0,1,1602669438880,0,0
plugin_ios_activity_recognition,"[""stationary""]",0,2,0,aff93315-4e74-41b2-84a7-f597e1c55207,64BY,,0,1,1602669618841,0,0
plugin_ios_activity_recognition,"[""stationary""]",0,2,0,aff93315-4e74-41b2-84a7-f597e1c55207,64BY,supplement,0,1,1602669798841,0,0
plugin_ios_activity_recognition,"[""stationary""]",0,2,0,aff93315-4e74-41b2-84a7-f597e1c55207,64BY,,0,1,1602669798903,0,0
plugin_ios_activity_recognition,"[""stationary""]",0,2,0,aff93315-4e74-41b2-84a7-f597e1c55207,64BY,,0,1,1602669978840,0,0
plugin_ios_activity_recognition,"[""stationary""]",0,2,0,aff93315-4e74-41b2-84a7-f597e1c55207,64BY,supplement,0,1,1602669978841,0,0
plugin_ios_activity_recognition,"[""stationary""]",0,2,0,aff93315-4e74-41b2-84a7-f597e1c55207,64BY,supplement,0,1,1602670158840,0,0
plugin_ios_activity_recognition,"[""stationary""]",0,2,0,aff93315-4e74-41b2-84a7-f597e1c55207,64BY,,0,1,1602670158920,0,0
plugin_ios_activity_recognition,"[""stationary""]",0,2,0,aff93315-4e74-41b2-84a7-f597e1c55207,64BY,supplement,0,1,1602670338840,0,0
plugin_ios_activity_recognition,"[""stationary""]",0,2,0,aff93315-4e74-41b2-84a7-f597e1c55207,64BY,,0,1,1602670338920,0,0
plugin_ios_activity_recognition,"[""stationary""]",0,2,0,aff93315-4e74-41b2-84a7-f597e1c55207,64BY,,0,1,1602670518856,0,0
plugin_ios_activity_recognition,,0,2,0,aff93315-4e74-41b2-84a7-f597e1c55207,64BY,,0,0,1602670665842,0,0
plugin_ios_activity_recognition,"[""stationary""]",0,2,0,aff93315-4e74-41b2-84a7-f597e1c55207,64BY,,0,1,1602670670029,0,0
plugin_ios_activity_recognition,"[""stationary""]",0,2,0,aff93315-4e74-41b2-84a7-f597e1c55207,64BY,,0,1,1602670698875,0,0
plugin_ios_activity_recognition,"[""stationary""]",0,2,0,aff93315-4e74-41b2-84a7-f597e1c55207,64BY,,0,1,1602670878818,0,0
plugin_ios_activity_recognition,"[""stationary""]",0,2,0,aff93315-4e74-41b2-84a7-f597e1c55207,64BY,supplement,0,1,1602671058818,0,0
plugin_ios_activity_recognition,"[""stationary""]",0,2,0,aff93315-4e74-41b2-84a7-f597e1c55207,64BY,,0,1,1602671058838,0,0
plugin_ios_activity_recognition,"[""stationary""]",0,2,0,aff93315-4e74-41b2-84a7-f597e1c55207,64BY,supplement,0,1,1602671238818,0,0
plugin_ios_activity_recognition,"[""stationary""]",0,2,0,aff93315-4e74-41b2-84a7-f597e1c55207,64BY,supplement,0,1,1602671238838,0,0
plugin_ios_activity_recognition,"[""stationary""]",0,2,0,aff93315-4e74-41b2-84a7-f597e1c55207,64BY,,0,1,1602671239061,0,0
plugin_ios_activity_recognition,,0,2,0,aff93315-4e74-41b2-84a7-f597e1c55207,64BY,,0,0,1602671363652,0,0
plugin_ios_activity_recognition,"[""stationary""]",0,2,0,aff93315-4e74-41b2-84a7-f597e1c55207,64BY,,0,1,1602671372968,0,0
plugin_ios_activity_recognition,,0,2,0,aff93315-4e74-41b2-84a7-f597e1c55207,64BY,,0,0,1602671378427,0,0
plugin_ios_activity_recognition,"[""stationary""]",0,2,0,aff93315-4e74-41b2-84a7-f597e1c55207,64BY,,0,1,1602671411200,0,0
plugin_ios_activity_recognition,"[""stationary""]",0,2,0,aff93315-4e74-41b2-84a7-f597e1c55207,64BY,supplement,0,1,1602671418838,0,0
plugin_ios_activity_recognition,"[""stationary""]",0,2,0,aff93315-4e74-41b2-84a7-f597e1c55207,64BY,,0,1,1602671418894,0,0
plugin_ios_activity_recognition,,0,2,0,aff93315-4e74-41b2-84a7-f597e1c55207,64BY,,0,0,1602671521720,0,0
plugin_ios_activity_recognition,"[""stationary""]",0,2,0,aff93315-4e74-41b2-84a7-f597e1c55207,64BY,,0,1,1602671530394,0,0
plugin_ios_activity_recognition,"[""stationary""]",0,2,0,aff93315-4e74-41b2-84a7-f597e1c55207,64BY,,0,1,1602671598895,0,0
plugin_ios_activity_recognition,,0,2,0,aff93315-4e74-41b2-84a7-f597e1c55207,64BY,,0,0,1602671643477,0,0
plugin_ios_activity_recognition,"[""stationary""]",0,2,0,aff93315-4e74-41b2-84a7-f597e1c55207,64BY,,0,1,1602671701633,0,0
plugin_ios_activity_recognition,"[""stationary""]",0,2,0,aff93315-4e74-41b2-84a7-f597e1c55207,64BY,,0,1,1602671778835,0,0
plugin_ios_activity_recognition,"[""stationary""]",0,2,0,aff93315-4e74-41b2-84a7-f597e1c55207,64BY,supplement,0,1,1602671958835,0,0
plugin_ios_activity_recognition,"[""stationary""]",0,2,0,aff93315-4e74-41b2-84a7-f597e1c55207,64BY,,0,1,1602671958894,0,0
plugin_ios_activity_recognition,,0,2,0,aff93315-4e74-41b2-84a7-f597e1c55207,64BY,,0,0,1602672115959,0,0
plugin_ios_activity_recognition,"[""stationary""]",0,2,0,aff93315-4e74-41b2-84a7-f597e1c55207,64BY,,0,1,1602672120132,0,0
plugin_ios_activity_recognition,"[""stationary""]",0,2,0,aff93315-4e74-41b2-84a7-f597e1c55207,64BY,supplement,0,1,1602672138835,0,0
plugin_ios_activity_recognition,"[""stationary""]",0,2,0,aff93315-4e74-41b2-84a7-f597e1c55207,64BY,,0,1,1602672138913,0,0
plugin_ios_activity_recognition,,0,2,0,aff93315-4e74-41b2-84a7-f597e1c55207,64BY,,0,0,1602672291159,0,0
plugin_ios_activity_recognition,"[""stationary""]",0,2,0,aff93315-4e74-41b2-84a7-f597e1c55207,64BY,,0,1,1602672295332,0,0
plugin_ios_activity_recognition,"[""stationary""]",0,2,0,aff93315-4e74-41b2-84a7-f597e1c55207,64BY,,0,1,1602672318833,0,0
plugin_ios_activity_recognition,"[""stationary""]",0,2,0,aff93315-4e74-41b2-84a7-f597e1c55207,64BY,,0,1,1602672498831,0,0
plugin_ios_activity_recognition,"[""stationary""]",0,2,0,aff93315-4e74-41b2-84a7-f597e1c55207,64BY,supplement,0,1,1602672678831,0,0
plugin_ios_activity_recognition,"[""stationary""]",0,2,0,aff93315-4e74-41b2-84a7-f597e1c55207,64BY,,0,1,1602672678833,0,0
plugin_ios_activity_recognition,"[""stationary""]",0,2,0,aff93315-4e74-41b2-84a7-f597e1c55207,64BY,supplement,0,1,1602672858831,0,0
plugin_ios_activity_recognition,"[""stationary""]",0,2,0,aff93315-4e74-41b2-84a7-f597e1c55207,64BY,supplement,0,1,1602672858833,0,0
plugin_ios_activity_recognition,"[""stationary""]",0,2,0,aff93315-4e74-41b2-84a7-f597e1c55207,64BY,,0,1,1602672858926,0,0
plugin_ios_activity_recognition,"[""stationary""]",0,2,0,aff93315-4e74-41b2-84a7-f597e1c55207,64BY,supplement,0,1,1602673038833,0,0
plugin_ios_activity_recognition,"[""stationary""]",0,2,0,aff93315-4e74-41b2-84a7-f597e1c55207,64BY,,0,1,1602673038907,0,0
plugin_ios_activity_recognition,,0,2,0,aff93315-4e74-41b2-84a7-f597e1c55207,64BY,,0,0,1602673216955,0,0
plugin_ios_activity_recognition,,0,2,0,aff93315-4e74-41b2-84a7-f597e1c55207,64BY,,0,0,1602673218828,0,0
plugin_ios_activity_recognition,"[""stationary""]",0,2,0,aff93315-4e74-41b2-84a7-f597e1c55207,64BY,,0,1,1602673229153,0,0
plugin_ios_activity_recognition,"[""stationary""]",0,2,0,aff93315-4e74-41b2-84a7-f597e1c55207,64BY,,0,1,1602673398827,0,0
plugin_ios_activity_recognition,"[""stationary""]",0,2,0,aff93315-4e74-41b2-84a7-f597e1c55207,64BY,,0,1,1602673578824,0,0
plugin_ios_activity_recognition,"[""stationary""]",0,2,0,aff93315-4e74-41b2-84a7-f597e1c55207,64BY,,0,1,1602673758823,0,0
plugin_ios_activity_recognition,,0,2,0,aff93315-4e74-41b2-84a7-f597e1c55207,64BY,,0,0,1602673778169,0,0
plugin_ios_activity_recognition,"[""stationary""]",0,2,0,aff93315-4e74-41b2-84a7-f597e1c55207,64BY,,0,1,1602673782338,0,0
plugin_ios_activity_recognition,"[""stationary""]",0,2,0,aff93315-4e74-41b2-84a7-f597e1c55207,64BY,,0,1,1602673938901,0,0
plugin_ios_activity_recognition,"[""stationary""]",0,2,0,aff93315-4e74-41b2-84a7-f597e1c55207,64BY,,0,1,1602674118865,0,0
plugin_ios_activity_recognition,"[""stationary""]",0,2,0,aff93315-4e74-41b2-84a7-f597e1c55207,64BY,supplement,0,1,1602674298865,0,0
plugin_ios_activity_recognition,"[""stationary""]",0,2,0,aff93315-4e74-41b2-84a7-f597e1c55207,64BY,,0,1,1602674298915,0,0
plugin_ios_activity_recognition,,0,2,0,aff93315-4e74-41b2-84a7-f597e1c55207,64BY,,0,0,1602674321289,0,0
plugin_ios_activity_recognition,"[""stationary""]",0,2,0,aff93315-4e74-41b2-84a7-f597e1c55207,64BY,,0,1,1602674324819,0,0
plugin_ios_activity_recognition,,0,2,0,aff93315-4e74-41b2-84a7-f597e1c55207,64BY,,0,0,1602674462186,0,0
plugin_ios_activity_recognition,"[""stationary""]",0,2,0,aff93315-4e74-41b2-84a7-f597e1c55207,64BY,,0,1,1602674469574,0,0
plugin_ios_activity_recognition,"[""stationary""]",0,2,0,aff93315-4e74-41b2-84a7-f597e1c55207,64BY,,0,1,1602674478819,0,0
plugin_ios_activity_recognition,"[""stationary""]",0,2,0,aff93315-4e74-41b2-84a7-f597e1c55207,64BY,supplement,0,1,1602674478865,0,0
plugin_ios_activity_recognition,"[""stationary""]",0,2,0,aff93315-4e74-41b2-84a7-f597e1c55207,64BY,,0,1,1602674658818,0,0
plugin_ios_activity_recognition,"[""stationary""]",0,2,0,aff93315-4e74-41b2-84a7-f597e1c55207,64BY,supplement,0,1,1602674838818,0,0
plugin_ios_activity_recognition,"[""stationary""]",0,2,0,aff93315-4e74-41b2-84a7-f597e1c55207,64BY,,0,1,1602674839144,0,0
plugin_ios_activity_recognition,"[""stationary""]",0,2,0,aff93315-4e74-41b2-84a7-f597e1c55207,64BY,,0,1,1602675018808,0,0
plugin_ios_activity_recognition,"[""stationary""]",0,2,0,aff93315-4e74-41b2-84a7-f597e1c55207,64BY,supplement,0,1,1602675018818,0,0
plugin_ios_activity_recognition,"[""stationary""]",0,2,0,aff93315-4e74-41b2-84a7-f597e1c55207,64BY,,0,1,1602675198803,0,0
plugin_ios_activity_recognition,"[""stationary""]",0,2,0,aff93315-4e74-41b2-84a7-f597e1c55207,64BY,,0,1,1602675378794,0,0
plugin_ios_activity_recognition,"[""stationary""]",0,2,0,aff93315-4e74-41b2-84a7-f597e1c55207,64BY,supplement,0,1,1602675558794,0,0
plugin_ios_activity_recognition,"[""stationary""]",0,2,0,aff93315-4e74-41b2-84a7-f597e1c55207,64BY,,0,1,1602675558887,0,0
plugin_ios_activity_recognition,"[""stationary""]",0,2,0,aff93315-4e74-41b2-84a7-f597e1c55207,64BY,supplement,0,1,1602675738794,0,0
plugin_ios_activity_recognition,"[""stationary""]",0,2,0,aff93315-4e74-41b2-84a7-f597e1c55207,64BY,,0,1,1602675738850,0,0
plugin_ios_activity_recognition,"[""stationary""]",0,2,0,aff93315-4e74-41b2-84a7-f597e1c55207,64BY,,0,1,1602675918788,0,0
plugin_ios_activity_recognition,"[""stationary""]",0,2,0,aff93315-4e74-41b2-84a7-f597e1c55207,64BY,,0,1,1602676098786,0,0
plugin_ios_activity_recognition,"[""stationary""]",0,2,0,aff93315-4e74-41b2-84a7-f597e1c55207,64BY,,0,1,1602676278779,0,0
plugin_ios_activity_recognition,"[""stationary""]",0,2,0,aff93315-4e74-41b2-84a7-f597e1c55207,64BY,,0,1,1602676458752,0,0
plugin_ios_activity_recognition,"[""stationary""]",0,2,0,aff93315-4e74-41b2-84a7-f597e1c55207,64BY,supplement,0,1,1602676638752,0,0
plugin_ios_activity_recognition,"[""stationary""]",0,2,0,aff93315-4e74-41b2-84a7-f597e1c55207,64BY,,0,1,1602676638810,0,0
plugin_ios_activity_recognition,"[""stationary""]",0,2,0,aff93315-4e74-41b2-84a7-f597e1c55207,64BY,,0,1,1602676818738,0,0
plugin_ios_activity_recognition,"[""stationary""]",0,2,0,aff93315-4e74-41b2-84a7-f597e1c55207,64BY,supplement,0,1,1602676818752,0,0
plugin_ios_activity_recognition,"[""stationary""]",0,2,0,aff93315-4e74-41b2-84a7-f597e1c55207,64BY,supplement,0,1,1602676998738,0,0
plugin_ios_activity_recognition,"[""stationary""]",0,2,0,aff93315-4e74-41b2-84a7-f597e1c55207,64BY,,0,1,1602676998806,0,0
plugin_ios_activity_recognition,,0,2,0,aff93315-4e74-41b2-84a7-f597e1c55207,64BY,,0,0,1602677120013,0,0
plugin_ios_activity_recognition,"[""stationary""]",0,2,0,aff93315-4e74-41b2-84a7-f597e1c55207,64BY,,0,1,1602677123527,0,0
plugin_ios_activity_recognition,"[""stationary""]",0,2,0,aff93315-4e74-41b2-84a7-f597e1c55207,64BY,,0,1,1602677178732,0,0
plugin_ios_activity_recognition,"[""stationary""]",0,2,0,aff93315-4e74-41b2-84a7-f597e1c55207,64BY,supplement,0,1,1602677178738,0,0
plugin_ios_activity_recognition,"[""stationary""]",0,2,0,aff93315-4e74-41b2-84a7-f597e1c55207,64BY,,0,1,1602677358728,0,0
plugin_ios_activity_recognition,"[""stationary""]",0,2,0,aff93315-4e74-41b2-84a7-f597e1c55207,64BY,supplement,0,1,1602677538728,0,0
plugin_ios_activity_recognition,"[""stationary""]",0,2,0,aff93315-4e74-41b2-84a7-f597e1c55207,64BY,,0,1,1602677539630,0,0
plugin_ios_activity_recognition,"[""stationary""]",0,2,0,aff93315-4e74-41b2-84a7-f597e1c55207,64BY,supplement,0,1,1602677718728,0,0
plugin_ios_activity_recognition,"[""stationary""]",0,2,0,aff93315-4e74-41b2-84a7-f597e1c55207,64BY,,0,1,1602677718800,0,0
plugin_ios_activity_recognition,"[""stationary""]",0,2,0,aff93315-4e74-41b2-84a7-f597e1c55207,64BY,,0,1,1602677898769,0,0
plugin_ios_activity_recognition,,0,2,0,aff93315-4e74-41b2-84a7-f597e1c55207,64BY,,0,0,1602677991568,0,0
plugin_ios_activity_recognition,"[""stationary""]",0,2,0,aff93315-4e74-41b2-84a7-f597e1c55207,64BY,,0,1,1602677998956,0,0
plugin_ios_activity_recognition,"[""stationary""]",0,2,0,aff93315-4e74-41b2-84a7-f597e1c55207,64BY,,0,1,1602678078746,0,0
plugin_ios_activity_recognition,"[""stationary""]",0,2,0,aff93315-4e74-41b2-84a7-f597e1c55207,64BY,supplement,0,1,1602678258746,0,0
plugin_ios_activity_recognition,"[""stationary""]",0,2,0,aff93315-4e74-41b2-84a7-f597e1c55207,64BY,,0,1,1602678258806,0,0
plugin_ios_activity_recognition,,0,2,0,aff93315-4e74-41b2-84a7-f597e1c55207,64BY,,0,0,1602678342237,0,0
plugin_ios_activity_recognition,"[""stationary""]",0,2,0,aff93315-4e74-41b2-84a7-f597e1c55207,64BY,,0,1,1602678349303,0,0
plugin_ios_activity_recognition,"[""stationary""]",0,2,0,aff93315-4e74-41b2-84a7-f597e1c55207,64BY,supplement,0,1,1602678438746,0,0
plugin_ios_activity_recognition,"[""stationary""]",0,2,0,aff93315-4e74-41b2-84a7-f597e1c55207,64BY,,0,1,1602678438861,0,0
plugin_ios_activity_recognition,"[""stationary""]",0,2,0,aff93315-4e74-41b2-84a7-f597e1c55207,64BY,,0,1,1602678618806,0,0
plugin_ios_activity_recognition,,0,2,0,aff93315-4e74-41b2-84a7-f597e1c55207,64BY,,0,0,1602678689572,0,0
plugin_ios_activity_recognition,"[""stationary""]",0,2,0,aff93315-4e74-41b2-84a7-f597e1c55207,64BY,,0,1,1602678698550,0,0
plugin_ios_activity_recognition,"[""stationary""]",0,2,0,aff93315-4e74-41b2-84a7-f597e1c55207,64BY,,0,1,1602678798846,0,0
plugin_ios_activity_recognition,"[""stationary""]",0,2,0,aff93315-4e74-41b2-84a7-f597e1c55207,64BY,,0,1,1602678978807,0,0
plugin_ios_activity_recognition,"[""stationary""]",0,2,0,aff93315-4e74-41b2-84a7-f597e1c55207,64BY,supplement,0,1,1602679158807,0,0
plugin_ios_activity_recognition,"[""stationary""]",0,2,0,aff93315-4e74-41b2-84a7-f597e1c55207,64BY,,0,1,1602679158853,0,0
plugin_ios_activity_recognition,"[""stationary""]",0,2,0,aff93315-4e74-41b2-84a7-f597e1c55207,64BY,supplement,0,1,1602679338807,0,0
plugin_ios_activity_recognition,"[""stationary""]",0,2,0,aff93315-4e74-41b2-84a7-f597e1c55207,64BY,supplement,0,1,1602679338853,0,0
plugin_ios_activity_recognition,"[""stationary""]",0,2,0,aff93315-4e74-41b2-84a7-f597e1c55207,64BY,,0,1,1602679338876,0,0
plugin_ios_activity_recognition,"[""stationary""]",0,2,0,aff93315-4e74-41b2-84a7-f597e1c55207,64BY,,0,1,1602679518808,0,0
plugin_ios_activity_recognition,"[""stationary""]",0,2,0,aff93315-4e74-41b2-84a7-f597e1c55207,64BY,supplement,0,1,1602679518853,0,0
plugin_ios_activity_recognition,"[""stationary""]",0,2,0,aff93315-4e74-41b2-84a7-f597e1c55207,64BY,supplement,0,1,1602679698808,0,0
plugin_ios_activity_recognition,"[""stationary""]",0,2,0,aff93315-4e74-41b2-84a7-f597e1c55207,64BY,,0,1,1602679698810,0,0
plugin_ios_activity_recognition,"[""stationary""]",0,2,0,aff93315-4e74-41b2-84a7-f597e1c55207,64BY,,0,1,1602679878807,0,0
plugin_ios_activity_recognition,"[""stationary""]",0,2,0,aff93315-4e74-41b2-84a7-f597e1c55207,64BY,supplement,0,1,1602679878808,0,0
plugin_ios_activity_recognition,"[""stationary""]",0,2,0,aff93315-4e74-41b2-84a7-f597e1c55207,64BY,supplement,0,1,1602680058807,0,0
plugin_ios_activity_recognition,"[""stationary""]",0,2,0,aff93315-4e74-41b2-84a7-f597e1c55207,64BY,,0,1,1602680058844,0,0
plugin_ios_activity_recognition,"[""stationary""]",0,2,0,aff93315-4e74-41b2-84a7-f597e1c55207,64BY,supplement,0,1,1602680238807,0,0
plugin_ios_activity_recognition,"[""stationary""]",0,2,0,aff93315-4e74-41b2-84a7-f597e1c55207,64BY,supplement,0,1,1602680238844,0,0
plugin_ios_activity_recognition,"[""stationary""]",0,2,0,aff93315-4e74-41b2-84a7-f597e1c55207,64BY,,0,1,1602680238872,0,0
plugin_ios_activity_recognition,,0,2,0,aff93315-4e74-41b2-84a7-f597e1c55207,64BY,,0,0,1602680406614,0,0
plugin_ios_activity_recognition,"[""stationary""]",0,2,0,aff93315-4e74-41b2-84a7-f597e1c55207,64BY,supplement,0,1,1602680418844,0,0
plugin_ios_activity_recognition,,0,2,0,aff93315-4e74-41b2-84a7-f597e1c55207,64BY,,0,0,1602680418903,0,0
plugin_ios_activity_recognition,"[""stationary""]",0,2,0,aff93315-4e74-41b2-84a7-f597e1c55207,64BY,,0,1,1602680419130,0,0
plugin_ios_activity_recognition,,0,2,0,aff93315-4e74-41b2-84a7-f597e1c55207,64BY,,0,0,1602680456865,0,0
plugin_ios_activity_recognition,"[""stationary""]",0,2,0,aff93315-4e74-41b2-84a7-f597e1c55207,64BY,,0,1,1602680461039,0,0
plugin_ios_activity_recognition,"[""stationary""]",0,2,0,aff93315-4e74-41b2-84a7-f597e1c55207,64BY,,0,1,1602680598877,0,0
plugin_ios_activity_recognition,"[""stationary""]",0,2,0,aff93315-4e74-41b2-84a7-f597e1c55207,64BY,,0,1,1602680778780,0,0
plugin_ios_activity_recognition,,0,2,0,aff93315-4e74-41b2-84a7-f597e1c55207,64BY,,0,0,1602680844283,0,0
plugin_ios_activity_recognition,"[""stationary""]",0,2,0,aff93315-4e74-41b2-84a7-f597e1c55207,64BY,,0,1,1602680851991,0,0
plugin_ios_activity_recognition,"[""stationary""]",0,2,0,aff93315-4e74-41b2-84a7-f597e1c55207,64BY,,0,1,1602680958778,0,0
plugin_ios_activity_recognition,,0,2,0,aff93315-4e74-41b2-84a7-f597e1c55207,64BY,,0,0,1602681009145,0,0
plugin_ios_activity_recognition,"[""walking""]",0,1,0,aff93315-4e74-41b2-84a7-f597e1c55207,64BY,,0,0,1602681012361,0,1
plugin_ios_activity_recognition,"[""walking""]",0,2,0,aff93315-4e74-41b2-84a7-f597e1c55207,64BY,,0,0,1602681020394,0,1
plugin_ios_activity_recognition,,0,2,0,aff93315-4e74-41b2-84a7-f597e1c55207,64BY,,0,0,1602681027791,0,0
plugin_ios_activity_recognition,"[""stationary""]",0,2,0,aff93315-4e74-41b2-84a7-f597e1c55207,64BY,,0,1,1602681050603,0,0
plugin_ios_activity_recognition,,0,2,0,aff93315-4e74-41b2-84a7-f597e1c55207,64BY,,0,0,1602681064986,0,0
plugin_ios_activity_recognition,"[""stationary""]",0,2,0,aff93315-4e74-41b2-84a7-f597e1c55207,64BY,,0,1,1602681084917,0,0
plugin_ios_activity_recognition,,0,2,0,aff93315-4e74-41b2-84a7-f597e1c55207,64BY,,0,0,1602681089411,0,0
plugin_ios_activity_recognition,,0,2,0,aff93315-4e74-41b2-84a7-f597e1c55207,64BY,,0,0,1602681139179,0,0
plugin_ios_activity_recognition,,0,2,0,aff93315-4e74-41b2-84a7-f597e1c55207,64BY,,0,0,1602681318888,0,0
plugin_ios_activity_recognition,"[""stationary""]",0,2,0,aff93315-4e74-41b2-84a7-f597e1c55207,64BY,,0,1,1602681360642,0,0
plugin_ios_activity_recognition,,0,2,0,aff93315-4e74-41b2-84a7-f597e1c55207,64BY,,0,0,1602681363856,0,0
plugin_ios_activity_recognition,"[""stationary""]",0,2,0,aff93315-4e74-41b2-84a7-f597e1c55207,64BY,,0,1,1602681399219,0,0
plugin_ios_activity_recognition,,0,2,0,aff93315-4e74-41b2-84a7-f597e1c55207,64BY,,0,0,1602681399541,0,0
plugin_ios_activity_recognition,"[""walking""]",0,1,0,aff93315-4e74-41b2-84a7-f597e1c55207,64BY,,0,0,1602681421092,0,1
plugin_ios_activity_recognition,"[""walking""]",0,2,0,aff93315-4e74-41b2-84a7-f597e1c55207,64BY,,0,0,1602681446796,0,1
plugin_ios_activity_recognition,"[""stationary""]",0,2,0,aff93315-4e74-41b2-84a7-f597e1c55207,64BY,,0,1,1602681456753,0,0
plugin_ios_activity_recognition,"[""stationary""]",0,2,0,aff93315-4e74-41b2-84a7-f597e1c55207,64BY,,0,1,1602681498827,0,0
plugin_ios_activity_recognition,"[""stationary""]",0,2,0,aff93315-4e74-41b2-84a7-f597e1c55207,64BY,,0,1,1602681678791,0,0
plugin_ios_activity_recognition,"[""stationary""]",0,2,0,aff93315-4e74-41b2-84a7-f597e1c55207,64BY,supplement,0,1,1602681858791,0,0
plugin_ios_activity_recognition,"[""stationary""]",0,2,0,aff93315-4e74-41b2-84a7-f597e1c55207,64BY,,0,1,1602681858886,0,0
plugin_ios_activity_recognition,"[""stationary""]",0,2,0,aff93315-4e74-41b2-84a7-f597e1c55207,64BY,supplement,0,1,1602682038791,0,0
plugin_ios_activity_recognition,"[""stationary""]",0,2,0,aff93315-4e74-41b2-84a7-f597e1c55207,64BY,,0,1,1602682038866,0,0
plugin_ios_activity_recognition,"[""stationary""]",0,2,0,aff93315-4e74-41b2-84a7-f597e1c55207,64BY,,0,1,1602682218788,0,0
plugin_ios_activity_recognition,,0,2,0,aff93315-4e74-41b2-84a7-f597e1c55207,64BY,,0,0,1602682360391,0,0
plugin_ios_activity_recognition,"[""walking""]",0,1,0,aff93315-4e74-41b2-84a7-f597e1c55207,64BY,,0,0,1602682364894,0,1
plugin_ios_activity_recognition,"[""walking""]",0,2,0,aff93315-4e74-41b2-84a7-f597e1c55207,64BY,,0,0,1602682380325,0,1
plugin_ios_activity_recognition,"[""stationary""]",0,2,0,aff93315-4e74-41b2-84a7-f597e1c55207,64BY,,0,1,1602682394136,0,0
plugin_ios_activity_recognition,"[""walking""]",0,2,0,aff93315-4e74-41b2-84a7-f597e1c55207,64BY,,0,0,1602682397667,0,1
plugin_ios_activity_recognition,"[""walking""]",0,2,0,aff93315-4e74-41b2-84a7-f597e1c55207,64BY,,0,0,1602682398881,0,1
plugin_ios_activity_recognition,,0,2,0,aff93315-4e74-41b2-84a7-f597e1c55207,64BY,,0,0,1602682452297,0,0
plugin_ios_activity_recognition,"[""walking""]",0,1,0,aff93315-4e74-41b2-84a7-f597e1c55207,64BY,,0,0,1602682519133,0,1
plugin_ios_activity_recognition,"[""walking""]",0,2,0,aff93315-4e74-41b2-84a7-f597e1c55207,64BY,,0,0,1602682527158,0,1
plugin_ios_activity_recognition,"[""stationary""]",0,2,0,aff93315-4e74-41b2-84a7-f597e1c55207,64BY,,0,1,1602682570489,0,0
plugin_ios_activity_recognition,"[""walking""]",0,2,0,aff93315-4e74-41b2-84a7-f597e1c55207,64BY,,0,0,1602682572731,0,1
plugin_ios_activity_recognition,,0,2,0,aff93315-4e74-41b2-84a7-f597e1c55207,64BY,,0,0,1602682575628,0,0
plugin_ios_activity_recognition,,0,2,0,aff93315-4e74-41b2-84a7-f597e1c55207,64BY,,0,0,1602682578883,0,0
plugin_ios_activity_recognition,"[""stationary""]",0,2,0,aff93315-4e74-41b2-84a7-f597e1c55207,64BY,,0,1,1602682583338,0,0
plugin_ios_activity_recognition,,0,2,0,aff93315-4e74-41b2-84a7-f597e1c55207,64BY,,0,0,1602682584294,0,0
plugin_ios_activity_recognition,"[""walking""]",0,2,0,aff93315-4e74-41b2-84a7-f597e1c55207,64BY,,0,0,1602682629607,0,1
plugin_ios_activity_recognition,"[""stationary""]",0,2,0,aff93315-4e74-41b2-84a7-f597e1c55207,64BY,,0,1,1602682689714,0,0
plugin_ios_activity_recognition,"[""stationary""]",0,2,0,aff93315-4e74-41b2-84a7-f597e1c55207,64BY,,0,1,1602682758877,0,0
plugin_ios_activity_recognition,,0,2,0,aff93315-4e74-41b2-84a7-f597e1c55207,64BY,,0,0,1602682922862,0,0
plugin_ios_activity_recognition,"[""stationary""]",0,2,0,aff93315-4e74-41b2-84a7-f597e1c55207,64BY,,0,1,1602682927358,0,0
plugin_ios_activity_recognition,,0,2,0,aff93315-4e74-41b2-84a7-f597e1c55207,64BY,,0,0,1602682928317,0,0
plugin_ios_activity_recognition,"[""stationary""]",0,2,0,aff93315-4e74-41b2-84a7-f597e1c55207,64BY,,0,1,1602682934424,0,0
plugin_ios_activity_recognition,"[""stationary""]",0,2,0,aff93315-4e74-41b2-84a7-f597e1c55207,64BY,,0,1,1602682939126,0,0
plugin_ios_activity_recognition,,0,2,0,aff93315-4e74-41b2-84a7-f597e1c55207,64BY,,0,0,1602682971277,0,0
plugin_ios_activity_recognition,"[""stationary""]",0,2,0,aff93315-4e74-41b2-84a7-f597e1c55207,64BY,,0,1,1602682977375,0,0
plugin_ios_activity_recognition,"[""stationary""]",0,2,0,aff93315-4e74-41b2-84a7-f597e1c55207,64BY,,0,1,1602683118785,0,0
plugin_ios_activity_recognition,,0,2,0,aff93315-4e74-41b2-84a7-f597e1c55207,64BY,,0,0,1602683150158,0,0
plugin_ios_activity_recognition,"[""stationary""]",0,2,0,aff93315-4e74-41b2-84a7-f597e1c55207,64BY,,0,1,1602683154659,0,0
plugin_ios_activity_recognition,"[""stationary""]",0,2,0,aff93315-4e74-41b2-84a7-f597e1c55207,64BY,,0,1,1602683298874,0,0
plugin_ios_activity_recognition,,0,2,0,aff93315-4e74-41b2-84a7-f597e1c55207,64BY,,0,0,1602683369037,0,0
plugin_ios_activity_recognition,"[""walking""]",0,1,0,aff93315-4e74-41b2-84a7-f597e1c55207,64BY,,0,0,1602683372900,0,1
plugin_ios_activity_recognition,"[""walking""]",0,2,0,aff93315-4e74-41b2-84a7-f597e1c55207,64BY,,0,0,1602683378045,0,1
plugin_ios_activity_recognition,"[""stationary""]",0,2,0,aff93315-4e74-41b2-84a7-f597e1c55207,64BY,,0,1,1602683382861,0,0
plugin_ios_activity_recognition,"[""walking""]",0,2,0,aff93315-4e74-41b2-84a7-f597e1c55207,64BY,,0,0,1602683404361,0,1
plugin_ios_activity_recognition,"[""stationary""]",0,2,0,aff93315-4e74-41b2-84a7-f597e1c55207,64BY,,0,1,1602683413041,0,0
plugin_ios_activity_recognition,"[""walking""]",0,2,0,aff93315-4e74-41b2-84a7-f597e1c55207,64BY,,0,0,1602683430683,0,1
plugin_ios_activity_recognition,"[""stationary""]",0,2,0,aff93315-4e74-41b2-84a7-f597e1c55207,64BY,,0,1,1602683434858,0,0
plugin_ios_activity_recognition,"[""stationary""]",0,2,0,aff93315-4e74-41b2-84a7-f597e1c55207,64BY,,0,1,1602683478783,0,0
plugin_ios_activity_recognition,,0,2,0,aff93315-4e74-41b2-84a7-f597e1c55207,64BY,,0,0,1602683517702,0,0
plugin_ios_activity_recognition,"[""stationary""]",0,2,0,aff93315-4e74-41b2-84a7-f597e1c55207,64BY,,0,1,1602683529272,0,0
plugin_ios_activity_recognition,,0,2,0,aff93315-4e74-41b2-84a7-f597e1c55207,64BY,,0,0,1602683646134,0,0
plugin_ios_activity_recognition,"[""stationary""]",0,2,0,aff93315-4e74-41b2-84a7-f597e1c55207,64BY,,0,1,1602683651268,0,0
plugin_ios_activity_recognition,"[""stationary""]",0,2,0,aff93315-4e74-41b2-84a7-f597e1c55207,64BY,,0,1,1602683658798,0,0
plugin_ios_activity_recognition,,0,2,0,aff93315-4e74-41b2-84a7-f597e1c55207,64BY,,0,0,1602683724989,0,0
plugin_ios_activity_recognition,"[""stationary""]",0,2,0,aff93315-4e74-41b2-84a7-f597e1c55207,64BY,,0,1,1602683732373,0,0
plugin_ios_activity_recognition,"[""stationary""]",0,2,0,aff93315-4e74-41b2-84a7-f597e1c55207,64BY,,0,1,1602683839162,0,0
plugin_ios_activity_recognition,,0,2,0,aff93315-4e74-41b2-84a7-f597e1c55207,64BY,,0,0,1602683996481,0,0
plugin_ios_activity_recognition,"[""stationary""]",0,2,0,aff93315-4e74-41b2-84a7-f597e1c55207,64BY,,0,1,1602684000976,0,0
plugin_ios_activity_recognition,"[""stationary""]",0,2,0,aff93315-4e74-41b2-84a7-f597e1c55207,64BY,,0,1,1602684018874,0,0
plugin_ios_activity_recognition,"[""stationary""]",0,2,0,aff93315-4e74-41b2-84a7-f597e1c55207,64BY,,0,1,1602684198814,0,0
plugin_ios_activity_recognition,,0,2,0,aff93315-4e74-41b2-84a7-f597e1c55207,64BY,,0,0,1602684270337,0,0
plugin_ios_activity_recognition,"[""stationary""]",0,2,0,aff93315-4e74-41b2-84a7-f597e1c55207,64BY,,0,1,1602684275476,0,0
plugin_ios_activity_recognition,"[""stationary""]",0,2,0,aff93315-4e74-41b2-84a7-f597e1c55207,64BY,,0,1,1602684378779,0,0
plugin_ios_activity_recognition,,0,2,0,aff93315-4e74-41b2-84a7-f597e1c55207,64BY,,0,0,1602684452236,0,0
plugin_ios_activity_recognition,"[""stationary""]",0,2,0,aff93315-4e74-41b2-84a7-f597e1c55207,64BY,,0,1,1602684459308,0,0
plugin_ios_activity_recognition,,0,2,0,aff93315-4e74-41b2-84a7-f597e1c55207,64BY,,0,0,1602684505125,0,0
plugin_ios_activity_recognition,"[""walking""]",0,1,0,aff93315-4e74-41b2-84a7-f597e1c55207,64BY,,0,0,1602684509953,0,1
plugin_ios_activity_recognition,"[""walking""]",0,2,0,aff93315-4e74-41b2-84a7-f597e1c55207,64BY,,0,0,1602684525699,0,1
plugin_ios_activity_recognition,,0,2,0,aff93315-4e74-41b2-84a7-f597e1c55207,64BY,,0,0,1602684553675,0,0
plugin_ios_activity_recognition,,0,2,0,aff93315-4e74-41b2-84a7-f597e1c55207,64BY,,0,0,1602684558774,0,0
plugin_ios_activity_recognition,"[""stationary""]",0,2,0,aff93315-4e74-41b2-84a7-f597e1c55207,64BY,,0,1,1602684569098,0,0
plugin_ios_activity_recognition,,0,2,0,aff93315-4e74-41b2-84a7-f597e1c55207,64BY,,0,0,1602684641082,0,0
plugin_ios_activity_recognition,"[""walking""]",0,1,0,aff93315-4e74-41b2-84a7-f597e1c55207,64BY,,0,0,1602684645910,0,1
plugin_ios_activity_recognition,"[""stationary""]",0,2,0,aff93315-4e74-41b2-84a7-f597e1c55207,64BY,,0,1,1602684652971,0,0
plugin_ios_activity_recognition,"[""stationary""]",0,2,0,aff93315-4e74-41b2-84a7-f597e1c55207,64BY,,0,1,1602684738821,0,0
plugin_ios_activity_recognition,"[""stationary""]",0,2,0,aff93315-4e74-41b2-84a7-f597e1c55207,64BY,,0,1,1602684918756,0,0
plugin_ios_activity_recognition,"[""stationary""]",0,2,0,aff93315-4e74-41b2-84a7-f597e1c55207,64BY,supplement,0,1,1602685098756,0,0
plugin_ios_activity_recognition,"[""stationary""]",0,2,0,aff93315-4e74-41b2-84a7-f597e1c55207,64BY,,0,1,1602685098849,0,0
plugin_ios_activity_recognition,"[""stationary""]",0,2,0,aff93315-4e74-41b2-84a7-f597e1c55207,64BY,,0,1,1602685278752,0,0
plugin_ios_activity_recognition,"[""stationary""]",0,2,0,aff93315-4e74-41b2-84a7-f597e1c55207,64BY,supplement,0,1,1602685278756,0,0
plugin_ios_activity_recognition,"[""stationary""]",0,2,0,aff93315-4e74-41b2-84a7-f597e1c55207,64BY,supplement,0,1,1602685458752,0,0
plugin_ios_activity_recognition,"[""stationary""]",0,2,0,aff93315-4e74-41b2-84a7-f597e1c55207,64BY,,0,1,1602685458816,0,0
plugin_ios_activity_recognition,"[""stationary""]",0,2,0,aff93315-4e74-41b2-84a7-f597e1c55207,64BY,supplement,0,1,1602685638752,0,0
plugin_ios_activity_recognition,"[""stationary""]",0,2,0,aff93315-4e74-41b2-84a7-f597e1c55207,64BY,,0,1,1602685818745,0,0
plugin_ios_activity_recognition,"[""stationary""]",0,2,0,aff93315-4e74-41b2-84a7-f597e1c55207,64BY,,0,1,1602685998743,0,0
plugin_ios_activity_recognition,"[""stationary""]",0,2,0,aff93315-4e74-41b2-84a7-f597e1c55207,64BY,supplement,0,1,1602686178743,0,0
plugin_ios_activity_recognition,"[""stationary""]",0,2,0,aff93315-4e74-41b2-84a7-f597e1c55207,64BY,,0,1,1602686178814,0,0
plugin_ios_activity_recognition,,0,2,0,aff93315-4e74-41b2-84a7-f597e1c55207,64BY,,0,0,1602686199475,0,0
plugin_ios_activity_recognition,"[""stationary""]",0,2,0,aff93315-4e74-41b2-84a7-f597e1c55207,64BY,,0,1,1602686204934,0,0
plugin_ios_activity_recognition,,0,2,0,aff93315-4e74-41b2-84a7-f597e1c55207,64BY,,0,0,1602686239478,0,0
plugin_ios_activity_recognition,"[""stationary""]",0,2,0,aff93315-4e74-41b2-84a7-f597e1c55207,64BY,,0,1,1602686243648,0,0
plugin_ios_activity_recognition,"[""stationary""]",0,2,0,aff93315-4e74-41b2-84a7-f597e1c55207,64BY,supplement,0,1,1602686358743,0,0
plugin_ios_activity_recognition,"[""stationary""]",0,2,0,aff93315-4e74-41b2-84a7-f597e1c55207,64BY,,0,1,1602686358812,0,0
plugin_ios_activity_recognition,"[""stationary""]",0,2,0,aff93315-4e74-41b2-84a7-f597e1c55207,64BY,,0,1,1602686538751,0,0
plugin_ios_activity_recognition,,0,2,0,aff93315-4e74-41b2-84a7-f597e1c55207,64BY,,0,0,1602686560829,0,0
plugin_ios_activity_recognition,"[""stationary""]",0,2,0,aff93315-4e74-41b2-84a7-f597e1c55207,64BY,,0,1,1602686565651,0,0
plugin_ios_activity_recognition,"[""stationary""]",0,2,0,aff93315-4e74-41b2-84a7-f597e1c55207,64BY,,0,1,1602686718751,0,0
plugin_ios_activity_recognition,"[""stationary""]",0,2,0,aff93315-4e74-41b2-84a7-f597e1c55207,64BY,supplement,0,1,1602686898751,0,0
plugin_ios_activity_recognition,"[""stationary""]",0,2,0,aff93315-4e74-41b2-84a7-f597e1c55207,64BY,,0,1,1602686898808,0,0
plugin_ios_activity_recognition,,0,2,0,aff93315-4e74-41b2-84a7-f597e1c55207,64BY,,0,0,1602686976851,0,0
plugin_ios_activity_recognition,"[""stationary""]",0,2,0,aff93315-4e74-41b2-84a7-f597e1c55207,64BY,,0,1,1602686980373,0,0
plugin_ios_activity_recognition,"[""stationary""]",0,2,0,aff93315-4e74-41b2-84a7-f597e1c55207,64BY,,0,1,1602687078748,0,0
plugin_ios_activity_recognition,"[""stationary""]",0,2,0,aff93315-4e74-41b2-84a7-f597e1c55207,64BY,supplement,0,1,1602687078751,0,0
plugin_ios_activity_recognition,"[""stationary""]",0,2,0,aff93315-4e74-41b2-84a7-f597e1c55207,64BY,,0,1,1602687258713,0,0
plugin_ios_activity_recognition,,0,2,0,aff93315-4e74-41b2-84a7-f597e1c55207,64BY,,0,0,1602687383789,0,0
plugin_ios_activity_recognition,"[""walking""]",0,1,0,aff93315-4e74-41b2-84a7-f597e1c55207,64BY,,0,0,1602687394399,0,1
plugin_ios_activity_recognition,"[""walking""]",0,2,0,aff93315-4e74-41b2-84a7-f597e1c55207,64BY,,0,0,1602687399546,0,1
plugin_ios_activity_recognition,"[""walking""]",0,2,0,aff93315-4e74-41b2-84a7-f597e1c55207,64BY,,0,0,1602687438719,0,1
plugin_ios_activity_recognition,,0,2,0,aff93315-4e74-41b2-84a7-f597e1c55207,64BY,,0,0,1602687450975,0,0
plugin_ios_activity_recognition,"[""stationary""]",0,2,0,aff93315-4e74-41b2-84a7-f597e1c55207,64BY,,0,1,1602687479262,0,0
plugin_ios_activity_recognition,"[""stationary""]",0,2,0,aff93315-4e74-41b2-84a7-f597e1c55207,64BY,,0,1,1602687618728,0,0
plugin_ios_activity_recognition,"[""stationary""]",0,2,0,aff93315-4e74-41b2-84a7-f597e1c55207,64BY,supplement,0,1,1602687798728,0,0
plugin_ios_activity_recognition,"[""stationary""]",0,2,0,aff93315-4e74-41b2-84a7-f597e1c55207,64BY,,0,1,1602687798797,0,0
plugin_ios_activity_recognition,,0,2,0,aff93315-4e74-41b2-84a7-f597e1c55207,64BY,,0,0,1602687944016,0,0
plugin_ios_activity_recognition,"[""walking""]",0,1,0,aff93315-4e74-41b2-84a7-f597e1c55207,64BY,,0,0,1602687947558,0,1
plugin_ios_activity_recognition,"[""walking""]",0,2,0,aff93315-4e74-41b2-84a7-f597e1c55207,64BY,,0,0,1602687954623,0,1
plugin_ios_activity_recognition,,0,2,0,aff93315-4e74-41b2-84a7-f597e1c55207,64BY,,0,0,1602687960413,0,0
plugin_ios_activity_recognition,"[""stationary""]",0,2,0,aff93315-4e74-41b2-84a7-f597e1c55207,64BY,,0,1,1602687968440,0,0
plugin_ios_activity_recognition,"[""stationary""]",0,2,0,aff93315-4e74-41b2-84a7-f597e1c55207,64BY,,0,1,1602687978699,0,0
plugin_ios_activity_recognition,"[""stationary""]",0,2,0,aff93315-4e74-41b2-84a7-f597e1c55207,64BY,supplement,0,1,1602687978728,0,0
plugin_ios_activity_recognition,,0,2,0,aff93315-4e74-41b2-84a7-f597e1c55207,64BY,,0,0,1602687983812,0,0
plugin_ios_activity_recognition,"[""stationary""]",0,2,0,aff93315-4e74-41b2-84a7-f597e1c55207,64BY,,0,1,1602687990884,0,0
plugin_ios_activity_recognition,,0,2,0,aff93315-4e74-41b2-84a7-f597e1c55207,64BY,,0,0,1602688033927,0,0
plugin_ios_activity_recognition,"[""stationary""]",0,2,0,aff93315-4e74-41b2-84a7-f597e1c55207,64BY,,0,1,1602688045165,0,0
plugin_ios_activity_recognition,,0,2,0,aff93315-4e74-41b2-84a7-f597e1c55207,64BY,,0,0,1602688125033,0,0
plugin_ios_activity_recognition,"[""stationary""]",0,2,0,aff93315-4e74-41b2-84a7-f597e1c55207,64BY,,0,1,1602688129207,0,0
plugin_ios_activity_recognition,,0,2,0,aff93315-4e74-41b2-84a7-f597e1c55207,64BY,,0,0,1602688141386,0,0
plugin_ios_activity_recognition,"[""stationary""]",0,2,0,aff93315-4e74-41b2-84a7-f597e1c55207,64BY,,0,1,1602688144903,0,0
plugin_ios_activity_recognition,"[""stationary""]",0,2,0,aff93315-4e74-41b2-84a7-f597e1c55207,64BY,,0,1,1602688158692,0,0
plugin_ios_activity_recognition,,0,2,0,aff93315-4e74-41b2-84a7-f597e1c55207,64BY,,0,0,1602688175567,0,0
plugin_ios_activity_recognition,"[""stationary""]",0,2,0,aff93315-4e74-41b2-84a7-f597e1c55207,64BY,,0,1,1602688179094,0,0
plugin_ios_activity_recognition,,0,2,0,aff93315-4e74-41b2-84a7-f597e1c55207,64BY,,0,0,1602688294446,0,0
plugin_ios_activity_recognition,"[""stationary""]",0,2,0,aff93315-4e74-41b2-84a7-f597e1c55207,64BY,,0,1,1602688297977,0,0
plugin_ios_activity_recognition,,0,2,0,aff93315-4e74-41b2-84a7-f597e1c55207,64BY,,0,0,1602688308879,0,0
plugin_ios_activity_recognition,"[""stationary""]",0,2,0,aff93315-4e74-41b2-84a7-f597e1c55207,64BY,,0,1,1602688313699,0,0
plugin_ios_activity_recognition,"[""stationary""]",0,2,0,aff93315-4e74-41b2-84a7-f597e1c55207,64BY,,0,1,1602688338804,0,0
plugin_ios_activity_recognition,,0,2,0,aff93315-4e74-41b2-84a7-f597e1c55207,64BY,,0,0,1602688387517,0,0
plugin_ios_activity_recognition,"[""stationary""]",0,2,0,aff93315-4e74-41b2-84a7-f597e1c55207,64BY,,0,1,1602688396833,0,0
plugin_ios_activity_recognition,,0,2,0,aff93315-4e74-41b2-84a7-f597e1c55207,64BY,,0,0,1602688409650,0,0
plugin_ios_activity_recognition,"[""stationary""]",0,2,0,aff93315-4e74-41b2-84a7-f597e1c55207,64BY,,0,1,1602688414788,0,0
plugin_ios_activity_recognition,"[""stationary""]",0,2,0,aff93315-4e74-41b2-84a7-f597e1c55207,64BY,,0,1,1602688518676,0,0
plugin_ios_activity_recognition,,0,2,0,aff93315-4e74-41b2-84a7-f597e1c55207,64BY,,0,0,1602688539389,0,0
plugin_ios_activity_recognition,"[""stationary""]",0,2,0,aff93315-4e74-41b2-84a7-f597e1c55207,64BY,,0,1,1602688543563,0,0
plugin_ios_activity_recognition,"[""stationary""]",0,2,0,aff93315-4e74-41b2-84a7-f597e1c55207,64BY,,0,1,1602688698767,0,0
plugin_ios_activity_recognition,,0,2,0,aff93315-4e74-41b2-84a7-f597e1c55207,64BY,,0,0,1602688737320,0,0
plugin_ios_activity_recognition,"[""stationary""]",0,2,0,aff93315-4e74-41b2-84a7-f597e1c55207,64BY,,0,1,1602688747561,0,0
plugin_ios_activity_recognition,,0,2,0,aff93315-4e74-41b2-84a7-f597e1c55207,64BY,,0,0,1602688748847,0,0
plugin_ios_activity_recognition,"[""stationary""]",0,2,0,aff93315-4e74-41b2-84a7-f597e1c55207,64BY,,0,1,1602688756862,0,0
plugin_ios_activity_recognition,,0,2,0,aff93315-4e74-41b2-84a7-f597e1c55207,64BY,,0,0,1602688757184,0,0
plugin_ios_activity_recognition,"[""stationary""]",0,2,0,aff93315-4e74-41b2-84a7-f597e1c55207,64BY,,0,1,1602688761041,0,0
plugin_ios_activity_recognition,,0,2,0,aff93315-4e74-41b2-84a7-f597e1c55207,64BY,,0,0,1602688762005,0,0
plugin_ios_activity_recognition,"[""stationary""]",0,2,0,aff93315-4e74-41b2-84a7-f597e1c55207,64BY,,0,1,1602688766179,0,0
plugin_ios_activity_recognition,"[""stationary""]",0,2,0,aff93315-4e74-41b2-84a7-f597e1c55207,64BY,,0,1,1602688878669,0,0
plugin_ios_activity_recognition,"[""stationary""]",0,2,0,aff93315-4e74-41b2-84a7-f597e1c55207,64BY,supplement,0,1,1602689058669,0,0
plugin_ios_activity_recognition,"[""stationary""]",0,2,0,aff93315-4e74-41b2-84a7-f597e1c55207,64BY,,0,1,1602689058760,0,0
plugin_ios_activity_recognition,,0,2,0,aff93315-4e74-41b2-84a7-f597e1c55207,64BY,,0,0,1602689116279,0,0
plugin_ios_activity_recognition,"[""stationary""]",0,2,0,aff93315-4e74-41b2-84a7-f597e1c55207,64BY,,0,1,1602689119798,0,0
plugin_ios_activity_recognition,,0,2,0,aff93315-4e74-41b2-84a7-f597e1c55207,64BY,,0,0,1602689150138,0,0
plugin_ios_activity_recognition,"[""stationary""]",0,2,0,aff93315-4e74-41b2-84a7-f597e1c55207,64BY,,0,1,1602689155276,0,0
plugin_ios_activity_recognition,,0,2,0,aff93315-4e74-41b2-84a7-f597e1c55207,64BY,,0,0,1602689201380,0,0
plugin_ios_activity_recognition,"[""stationary""]",0,2,0,aff93315-4e74-41b2-84a7-f597e1c55207,64BY,,0,1,1602689208447,0,0
plugin_ios_activity_recognition,"[""stationary""]",0,2,0,aff93315-4e74-41b2-84a7-f597e1c55207,64BY,supplement,0,1,1602689238669,0,0
plugin_ios_activity_recognition,,0,2,0,aff93315-4e74-41b2-84a7-f597e1c55207,64BY,,0,0,1602689302716,0,0
plugin_ios_activity_recognition,"[""stationary""]",0,2,0,aff93315-4e74-41b2-84a7-f597e1c55207,64BY,,0,1,1602689306242,0,0
plugin_ios_activity_recognition,"[""stationary""]",0,2,0,aff93315-4e74-41b2-84a7-f597e1c55207,64BY,,0,1,1602689418657,0,0
plugin_ios_activity_recognition,,0,2,0,aff93315-4e74-41b2-84a7-f597e1c55207,64BY,,0,0,1602689520288,0,0
plugin_ios_activity_recognition,"[""stationary""]",0,2,0,aff93315-4e74-41b2-84a7-f597e1c55207,64BY,,0,1,1602689524461,0,0
plugin_ios_activity_recognition,,0,2,0,aff93315-4e74-41b2-84a7-f597e1c55207,64BY,,0,0,1602689564117,0,0
plugin_ios_activity_recognition,"[""stationary""]",0,2,0,aff93315-4e74-41b2-84a7-f597e1c55207,64BY,,0,1,1602689567626,0,0
plugin_ios_activity_recognition,"[""stationary""]",0,2,0,aff93315-4e74-41b2-84a7-f597e1c55207,64BY,,0,1,1602689598691,0,0
plugin_ios_activity_recognition,"[""stationary""]",0,2,0,aff93315-4e74-41b2-84a7-f597e1c55207,64BY,supplement,0,1,1602689778691,0,0
plugin_ios_activity_recognition,"[""stationary""]",0,2,0,aff93315-4e74-41b2-84a7-f597e1c55207,64BY,,0,1,1602689778695,0,0
plugin_ios_activity_recognition,,0,2,0,aff93315-4e74-41b2-84a7-f597e1c55207,64BY,,0,0,1602689799001,0,0
plugin_ios_activity_recognition,"[""stationary""]",0,2,0,aff93315-4e74-41b2-84a7-f597e1c55207,64BY,,0,1,1602689803478,0,0
plugin_ios_activity_recognition,"[""stationary""]",0,2,0,aff93315-4e74-41b2-84a7-f597e1c55207,64BY,supplement,0,1,1602689958691,0,0
plugin_ios_activity_recognition,"[""stationary""]",0,2,0,aff93315-4e74-41b2-84a7-f597e1c55207,64BY,,0,1,1602689958693,0,0
plugin_ios_activity_recognition,,0,2,0,aff93315-4e74-41b2-84a7-f597e1c55207,64BY,,0,0,1602690051352,0,0
plugin_ios_activity_recognition,"[""stationary""]",0,2,0,aff93315-4e74-41b2-84a7-f597e1c55207,64BY,,0,1,1602690055526,0,0
plugin_ios_activity_recognition,"[""stationary""]",0,2,0,aff93315-4e74-41b2-84a7-f597e1c55207,64BY,,0,1,1602690138697,0,0
plugin_ios_activity_recognition,"[""stationary""]",0,2,0,aff93315-4e74-41b2-84a7-f597e1c55207,64BY,,0,1,1602690318683,0,0
plugin_ios_activity_recognition,"[""stationary""]",0,2,0,aff93315-4e74-41b2-84a7-f597e1c55207,64BY,supplement,0,1,1602690498683,0,0
plugin_ios_activity_recognition,"[""stationary""]",0,2,0,aff93315-4e74-41b2-84a7-f597e1c55207,64BY,,0,1,1602690498729,0,0
plugin_ios_activity_recognition,,0,2,0,aff93315-4e74-41b2-84a7-f597e1c55207,64BY,,0,0,1602690606021,0,0
plugin_ios_activity_recognition,"[""walking""]",0,1,0,aff93315-4e74-41b2-84a7-f597e1c55207,64BY,,0,0,1602690617275,0,1
plugin_ios_activity_recognition,"[""walking""]",0,2,0,aff93315-4e74-41b2-84a7-f597e1c55207,64BY,,0,0,1602690624991,0,1
plugin_ios_activity_recognition,"[""stationary""]",0,2,0,aff93315-4e74-41b2-84a7-f597e1c55207,64BY,,0,1,1602690663564,0,0
plugin_ios_activity_recognition,"[""walking""]",0,2,0,aff93315-4e74-41b2-84a7-f597e1c55207,64BY,,0,0,1602690669652,0,1
plugin_ios_activity_recognition,"[""stationary""]",0,2,0,aff93315-4e74-41b2-84a7-f597e1c55207,64BY,,0,1,1602690673189,0,0
plugin_ios_activity_recognition,"[""stationary""]",0,2,0,aff93315-4e74-41b2-84a7-f597e1c55207,64BY,supplement,0,1,1602690678683,0,0
plugin_ios_activity_recognition,"[""stationary""]",0,2,0,aff93315-4e74-41b2-84a7-f597e1c55207,64BY,,0,1,1602690678688,0,0
plugin_ios_activity_recognition,,0,2,0,aff93315-4e74-41b2-84a7-f597e1c55207,64BY,,0,0,1602690701652,0,0
plugin_ios_activity_recognition,"[""stationary""]",0,2,0,aff93315-4e74-41b2-84a7-f597e1c55207,64BY,,0,1,1602690712258,0,0
plugin_ios_activity_recognition,,0,2,0,aff93315-4e74-41b2-84a7-f597e1c55207,64BY,,0,0,1602690731140,0,0
plugin_ios_activity_recognition,"[""stationary""]",0,2,0,aff93315-4e74-41b2-84a7-f597e1c55207,64BY,,0,1,1602690767753,0,0
plugin_ios_activity_recognition,,0,2,0,aff93315-4e74-41b2-84a7-f597e1c55207,64BY,,0,0,1602690770325,0,0
plugin_ios_activity_recognition,"[""stationary""]",0,2,0,aff93315-4e74-41b2-84a7-f597e1c55207,64BY,,0,1,1602690783823,0,0
plugin_ios_activity_recognition,,0,2,0,aff93315-4e74-41b2-84a7-f597e1c55207,64BY,,0,0,1602690787038,0,0
plugin_ios_activity_recognition,"[""stationary""]",0,2,0,aff93315-4e74-41b2-84a7-f597e1c55207,64BY,,0,1,1602690797585,0,0
plugin_ios_activity_recognition,,0,2,0,aff93315-4e74-41b2-84a7-f597e1c55207,64BY,,0,0,1602690839777,0,0
plugin_ios_activity_recognition,"[""stationary""]",0,2,0,aff93315-4e74-41b2-84a7-f597e1c55207,64BY,,0,1,1602690858740,0,0
plugin_ios_activity_recognition,"[""stationary""]",0,2,0,aff93315-4e74-41b2-84a7-f597e1c55207,64BY,,0,1,1602690858756,0,0
plugin_ios_activity_recognition,,0,2,0,aff93315-4e74-41b2-84a7-f597e1c55207,64BY,,0,0,1602690860669,0,0
plugin_ios_activity_recognition,"[""stationary""]",0,2,0,aff93315-4e74-41b2-84a7-f597e1c55207,64BY,,0,1,1602690890541,0,0
plugin_ios_activity_recognition,,0,2,0,aff93315-4e74-41b2-84a7-f597e1c55207,64BY,,0,0,1602690891825,0,0
plugin_ios_activity_recognition,"[""stationary""]",0,2,0,aff93315-4e74-41b2-84a7-f597e1c55207,64BY,,0,1,1602690942610,0,0
plugin_ios_activity_recognition,"[""stationary""]",0,2,0,aff93315-4e74-41b2-84a7-f597e1c55207,64BY,,0,1,1602691038756,0,0
plugin_ios_activity_recognition,,0,2,0,aff93315-4e74-41b2-84a7-f597e1c55207,64BY,,0,0,1602691143955,0,0
plugin_ios_activity_recognition,"[""stationary""]",0,2,0,aff93315-4e74-41b2-84a7-f597e1c55207,64BY,,0,1,1602691147491,0,0
plugin_ios_activity_recognition,,0,2,0,aff93315-4e74-41b2-84a7-f597e1c55207,64BY,,0,0,1602691214513,0,0
plugin_ios_activity_recognition,,0,2,0,aff93315-4e74-41b2-84a7-f597e1c55207,64BY,,0,0,1602691218844,0,0
plugin_ios_activity_recognition,"[""stationary""]",0,2,0,aff93315-4e74-41b2-84a7-f597e1c55207,64BY,,0,1,1602691220613,0,0
plugin_ios_activity_recognition,,0,2,0,aff93315-4e74-41b2-84a7-f597e1c55207,64BY,,0,0,1602691253249,0,0
plugin_ios_activity_recognition,"[""stationary""]",0,2,0,aff93315-4e74-41b2-84a7-f597e1c55207,64BY,,0,1,1602691292459,0,0
plugin_ios_activity_recognition,,0,2,0,aff93315-4e74-41b2-84a7-f597e1c55207,64BY,,0,0,1602691303052,0,0
plugin_ios_activity_recognition,"[""stationary""]",0,2,0,aff93315-4e74-41b2-84a7-f597e1c55207,64BY,,0,1,1602691306583,0,0
plugin_ios_activity_recognition,,0,2,0,aff93315-4e74-41b2-84a7-f597e1c55207,64BY,,0,0,1602691321322,0,0
plugin_ios_activity_recognition,"[""stationary""]",0,2,0,aff93315-4e74-41b2-84a7-f597e1c55207,64BY,,0,1,1602691327103,0,0
plugin_ios_activity_recognition,,0,2,0,aff93315-4e74-41b2-84a7-f597e1c55207,64BY,,0,0,1602691389185,0,0
plugin_ios_activity_recognition,"[""stationary""]",0,2,0,aff93315-4e74-41b2-84a7-f597e1c55207,64BY,,0,1,1602691394002,0,0
plugin_ios_activity_recognition,"[""stationary""]",0,2,0,aff93315-4e74-41b2-84a7-f597e1c55207,64BY,,0,1,1602691398781,0,0
plugin_ios_activity_recognition,,0,2,0,aff93315-4e74-41b2-84a7-f597e1c55207,64BY,,0,0,1602691419290,0,0
plugin_ios_activity_recognition,"[""walking""]",0,1,0,aff93315-4e74-41b2-84a7-f597e1c55207,64BY,,0,0,1602691422185,0,1
plugin_ios_activity_recognition,"[""stationary""]",0,2,0,aff93315-4e74-41b2-84a7-f597e1c55207,64BY,,0,1,1602691426034,0,0
plugin_ios_activity_recognition,"[""stationary""]",0,2,0,aff93315-4e74-41b2-84a7-f597e1c55207,64BY,,0,1,1602691578760,0,0
plugin_ios_activity_recognition,,0,2,0,aff93315-4e74-41b2-84a7-f597e1c55207,64BY,,0,0,1602691723836,0,0
plugin_ios_activity_recognition,"[""stationary""]",0,2,0,aff93315-4e74-41b2-84a7-f597e1c55207,64BY,,0,1,1602691728006,0,0
plugin_ios_activity_recognition,"[""stationary""]",0,2,0,aff93315-4e74-41b2-84a7-f597e1c55207,64BY,,0,1,1602691758816,0,0
plugin_ios_activity_recognition,,0,2,0,aff93315-4e74-41b2-84a7-f597e1c55207,64BY,,0,0,1602691824520,0,0
plugin_ios_activity_recognition,"[""stationary""]",0,2,0,aff93315-4e74-41b2-84a7-f597e1c55207,64BY,,0,1,1602691828046,0,0
plugin_ios_activity_recognition,,0,2,0,aff93315-4e74-41b2-84a7-f597e1c55207,64BY,,0,0,1602691831582,0,0
plugin_ios_activity_recognition,"[""stationary""]",0,2,0,aff93315-4e74-41b2-84a7-f597e1c55207,64BY,,0,1,1602691837363,0,0
plugin_ios_activity_recognition,,0,2,0,aff93315-4e74-41b2-84a7-f597e1c55207,64BY,,0,0,1602691849239,0,0
plugin_ios_activity_recognition,"[""stationary""]",0,2,0,aff93315-4e74-41b2-84a7-f597e1c55207,64BY,,0,1,1602691853409,0,0
plugin_ios_activity_recognition,"[""stationary""]",0,2,0,aff93315-4e74-41b2-84a7-f597e1c55207,64BY,,0,1,1602691938782,0,0
plugin_ios_activity_recognition,,0,2,0,aff93315-4e74-41b2-84a7-f597e1c55207,64BY,,0,0,1602692004938,0,0
plugin_ios_activity_recognition,"[""stationary""]",0,2,0,aff93315-4e74-41b2-84a7-f597e1c55207,64BY,,0,1,1602692009111,0,0
plugin_ios_activity_recognition,,0,2,0,aff93315-4e74-41b2-84a7-f597e1c55207,64BY,,0,0,1602692078800,0,0
plugin_ios_activity_recognition,"[""stationary""]",0,2,0,aff93315-4e74-41b2-84a7-f597e1c55207,64BY,,0,1,1602692082980,0,0
plugin_ios_activity_recognition,"[""stationary""]",0,2,0,aff93315-4e74-41b2-84a7-f597e1c55207,64BY,,0,1,1602692118755,0,0
plugin_ios_activity_recognition,,0,2,0,aff93315-4e74-41b2-84a7-f597e1c55207,64BY,,0,0,1602692285266,0,0
plugin_ios_activity_recognition,"[""stationary""]",0,2,0,aff93315-4e74-41b2-84a7-f597e1c55207,64BY,,0,1,1602692289435,0,0
plugin_ios_activity_recognition,"[""stationary""]",0,2,0,aff93315-4e74-41b2-84a7-f597e1c55207,64BY,,0,1,1602692298781,0,0
plugin_ios_activity_recognition,"[""stationary""]",0,2,0,aff93315-4e74-41b2-84a7-f597e1c55207,64BY,supplement,0,1,1602692478781,0,0
plugin_ios_activity_recognition,"[""stationary""]",0,2,0,aff93315-4e74-41b2-84a7-f597e1c55207,64BY,,0,1,1602692478849,0,0
plugin_ios_activity_recognition,"[""stationary""]",0,2,0,aff93315-4e74-41b2-84a7-f597e1c55207,64BY,supplement,0,1,1602692658781,0,0
plugin_ios_activity_recognition,"[""stationary""]",0,2,0,aff93315-4e74-41b2-84a7-f597e1c55207,64BY,,0,1,1602692658783,0,0
plugin_ios_activity_recognition,,0,2,0,aff93315-4e74-41b2-84a7-f597e1c55207,64BY,,0,0,1602692768614,0,0
plugin_ios_activity_recognition,"[""stationary""]",0,2,0,aff93315-4e74-41b2-84a7-f597e1c55207,64BY,,0,1,1602692772466,0,0
plugin_ios_activity_recognition,"[""stationary""]",0,2,0,aff93315-4e74-41b2-84a7-f597e1c55207,64BY,,0,1,1602692838794,0,0
plugin_ios_activity_recognition,,0,2,0,aff93315-4e74-41b2-84a7-f597e1c55207,64BY,,0,0,1602692906041,0,0
plugin_ios_activity_recognition,"[""stationary""]",0,2,0,aff93315-4e74-41b2-84a7-f597e1c55207,64BY,,0,1,1602692909567,0,0
plugin_ios_activity_recognition,"[""stationary""]",0,2,0,aff93315-4e74-41b2-84a7-f597e1c55207,64BY,,0,1,1602693018763,0,0
plugin_ios_activity_recognition,"[""stationary""]",0,2,0,aff93315-4e74-41b2-84a7-f597e1c55207,64BY,supplement,0,1,1602693198763,0,0
plugin_ios_activity_recognition,"[""stationary""]",0,2,0,aff93315-4e74-41b2-84a7-f597e1c55207,64BY,,0,1,1602693198784,0,0
plugin_ios_activity_recognition,"[""stationary""]",0,2,0,aff93315-4e74-41b2-84a7-f597e1c55207,64BY,supplement,0,1,1602693378763,0,0
plugin_ios_activity_recognition,"[""stationary""]",0,2,0,aff93315-4e74-41b2-84a7-f597e1c55207,64BY,,0,1,1602693378766,0,0
plugin_ios_activity_recognition,"[""stationary""]",0,2,0,aff93315-4e74-41b2-84a7-f597e1c55207,64BY,supplement,0,1,1602693558766,0,0
plugin_ios_activity_recognition,"[""stationary""]",0,2,0,aff93315-4e74-41b2-84a7-f597e1c55207,64BY,,0,1,1602693558785,0,0
plugin_ios_activity_recognition,"[""stationary""]",0,2,0,aff93315-4e74-41b2-84a7-f597e1c55207,64BY,supplement,0,1,1602693738766,0,0
plugin_ios_activity_recognition,"[""stationary""]",0,2,0,aff93315-4e74-41b2-84a7-f597e1c55207,64BY,,0,1,1602693738785,0,0
plugin_ios_activity_recognition,,0,2,0,aff93315-4e74-41b2-84a7-f597e1c55207,64BY,,0,0,1602693861875,0,0
plugin_ios_activity_recognition,"[""stationary""]",0,2,0,aff93315-4e74-41b2-84a7-f597e1c55207,64BY,,0,1,1602693876964,0,0
plugin_ios_activity_recognition,"[""stationary""]",0,2,0,aff93315-4e74-41b2-84a7-f597e1c55207,64BY,,0,1,1602693918787,0,0
plugin_ios_activity_recognition,"[""stationary""]",0,2,0,aff93315-4e74-41b2-84a7-f597e1c55207,64BY,,0,1,1602694098787,0,0
plugin_ios_activity_recognition,,0,2,0,aff93315-4e74-41b2-84a7-f597e1c55207,64BY,,0,0,1602694203577,0,0
plugin_ios_activity_recognition,,0,2,0,aff93315-4e74-41b2-84a7-f597e1c55207,64BY,,0,0,1602694278748,0,0
plugin_ios_activity_recognition,"[""stationary""]",0,2,0,aff93315-4e74-41b2-84a7-f597e1c55207,64BY,supplement,0,1,1602694278787,0,0
plugin_ios_activity_recognition,"[""stationary""]",0,2,0,aff93315-4e74-41b2-84a7-f597e1c55207,64BY,,0,1,1602694317038,0,0
plugin_ios_activity_recognition,,0,2,0,aff93315-4e74-41b2-84a7-f597e1c55207,64BY,,0,0,1602694328290,0,0
plugin_ios_activity_recognition,"[""stationary""]",0,2,0,aff93315-4e74-41b2-84a7-f597e1c55207,64BY,,0,1,1602694363968,0,0
plugin_ios_activity_recognition,,0,2,0,aff93315-4e74-41b2-84a7-f597e1c55207,64BY,,0,0,1602694415189,0,0
plugin_ios_activity_recognition,"[""walking""]",0,1,0,aff93315-4e74-41b2-84a7-f597e1c55207,64BY,,0,0,1602694419374,0,1
plugin_ios_activity_recognition,"[""walking""]",0,2,0,aff93315-4e74-41b2-84a7-f597e1c55207,64BY,,0,0,1602694429658,0,1
plugin_ios_activity_recognition,"[""stationary""]",0,2,0,aff93315-4e74-41b2-84a7-f597e1c55207,64BY,,0,1,1602694457945,0,0
plugin_ios_activity_recognition,"[""stationary""]",0,2,0,aff93315-4e74-41b2-84a7-f597e1c55207,64BY,,0,1,1602694458745,0,0
plugin_ios_activity_recognition,,0,2,0,aff93315-4e74-41b2-84a7-f597e1c55207,64BY,,0,0,1602694514220,0,0
plugin_ios_activity_recognition,"[""walking""]",0,1,0,aff93315-4e74-41b2-84a7-f597e1c55207,64BY,,0,0,1602694516793,0,1
plugin_ios_activity_recognition,"[""walking""]",0,2,0,aff93315-4e74-41b2-84a7-f597e1c55207,64BY,,0,0,1602694527081,0,1
plugin_ios_activity_recognition,"[""walking""]",0,2,0,aff93315-4e74-41b2-84a7-f597e1c55207,64BY,,0,0,1602694638802,0,1
plugin_ios_activity_recognition,,0,2,0,aff93315-4e74-41b2-84a7-f597e1c55207,64BY,,0,0,1602694640235,0,0
plugin_ios_activity_recognition,"[""walking""]",0,1,0,aff93315-4e74-41b2-84a7-f597e1c55207,64BY,,0,0,1602694809958,0,1
plugin_ios_activity_recognition,"[""walking""]",0,2,0,aff93315-4e74-41b2-84a7-f597e1c55207,64BY,,0,0,1602694815101,0,1
plugin_ios_activity_recognition,"[""walking""]",0,2,0,aff93315-4e74-41b2-84a7-f597e1c55207,64BY,,0,0,1602694818761,0,1
plugin_ios_activity_recognition,,0,2,0,aff93315-4e74-41b2-84a7-f597e1c55207,64BY,,0,0,1602694920542,0,0
plugin_ios_activity_recognition,"[""walking""]",0,1,0,aff93315-4e74-41b2-84a7-f597e1c55207,64BY,,0,0,1602694930830,0,1
plugin_ios_activity_recognition,"[""walking""]",0,2,0,aff93315-4e74-41b2-84a7-f597e1c55207,64BY,,0,0,1602694938546,0,1
plugin_ios_activity_recognition,"[""walking""]",0,2,0,aff93315-4e74-41b2-84a7-f597e1c55207,64BY,,0,0,1602694998761,0,1
plugin_ios_activity_recognition,,0,2,0,aff93315-4e74-41b2-84a7-f597e1c55207,64BY,,0,0,1602695016300,0,0
plugin_ios_activity_recognition,"[""stationary""]",0,2,0,aff93315-4e74-41b2-84a7-f597e1c55207,64BY,,0,1,1602695054217,0,0
plugin_ios_activity_recognition,,0,2,0,aff93315-4e74-41b2-84a7-f597e1c55207,64BY,,0,0,1602695055816,0,0
plugin_ios_activity_recognition,,0,2,0,aff93315-4e74-41b2-84a7-f597e1c55207,64BY,,0,0,1602695178743,0,0
plugin_ios_activity_recognition,"[""stationary""]",0,2,0,aff93315-4e74-41b2-84a7-f597e1c55207,64BY,,0,1,1602695354984,0,0
plugin_ios_activity_recognition,"[""stationary""]",0,2,0,aff93315-4e74-41b2-84a7-f597e1c55207,64BY,,0,1,1602695358759,0,0
plugin_ios_activity_recognition,,0,2,0,aff93315-4e74-41b2-84a7-f597e1c55207,64BY,,0,0,1602695359476,0,0
plugin_ios_activity_recognition,"[""stationary""]",0,2,0,aff93315-4e74-41b2-84a7-f597e1c55207,64BY,,0,1,1602695378754,0,0
plugin_ios_activity_recognition,,0,2,0,aff93315-4e74-41b2-84a7-f597e1c55207,64BY,,0,0,1602695379076,0,0
plugin_ios_activity_recognition,"[""stationary""]",0,2,0,aff93315-4e74-41b2-84a7-f597e1c55207,64BY,,0,1,1602695414403,0,0
plugin_ios_activity_recognition,,0,2,0,aff93315-4e74-41b2-84a7-f597e1c55207,64BY,,0,0,1602695416005,0,0
plugin_ios_activity_recognition,"[""stationary""]",0,2,0,aff93315-4e74-41b2-84a7-f597e1c55207,64BY,,0,1,1602695436248,0,0
plugin_ios_activity_recognition,,0,2,0,aff93315-4e74-41b2-84a7-f597e1c55207,64BY,,0,0,1602695439788,0,0
plugin_ios_activity_recognition,"[""stationary""]",0,2,0,aff93315-4e74-41b2-84a7-f597e1c55207,64BY,,0,1,1602695457129,0,0
plugin_ios_activity_recognition,,0,2,0,aff93315-4e74-41b2-84a7-f597e1c55207,64BY,,0,0,1602695460660,0,0
plugin_ios_activity_recognition,"[""stationary""]",0,2,0,aff93315-4e74-41b2-84a7-f597e1c55207,64BY,,0,1,1602695466115,0,0
plugin_ios_activity_recognition,,0,2,0,aff93315-4e74-41b2-84a7-f597e1c55207,64BY,,0,0,1602695469973,0,0
plugin_ios_activity_recognition,"[""stationary""]",0,2,0,aff93315-4e74-41b2-84a7-f597e1c55207,64BY,,0,1,1602695481209,0,0
plugin_ios_activity_recognition,,0,2,0,aff93315-4e74-41b2-84a7-f597e1c55207,64BY,,0,0,1602695486030,0,0
plugin_ios_activity_recognition,,0,2,0,aff93315-4e74-41b2-84a7-f597e1c55207,64BY,,0,0,1602695538783,0,0
plugin_ios_activity_recognition,"[""stationary""]",0,2,0,aff93315-4e74-41b2-84a7-f597e1c55207,64BY,,0,1,1602695661370,0,0
plugin_ios_activity_recognition,,0,2,0,aff93315-4e74-41b2-84a7-f597e1c55207,64BY,,0,0,1602695662008,0,0
plugin_ios_activity_recognition,,0,2,0,aff93315-4e74-41b2-84a7-f597e1c55207,64BY,,0,0,1602695718740,0,0
plugin_ios_activity_recognition,"[""stationary""]",0,2,0,aff93315-4e74-41b2-84a7-f597e1c55207,64BY,,0,1,1602695740397,0,0
plugin_ios_activity_recognition,,0,2,0,aff93315-4e74-41b2-84a7-f597e1c55207,64BY,,0,0,1602695742317,0,0
plugin_ios_activity_recognition,,0,2,0,aff93315-4e74-41b2-84a7-f597e1c55207,64BY,,0,0,1602695898755,0,0
plugin_ios_activity_recognition,,0,2,0,aff93315-4e74-41b2-84a7-f597e1c55207,64BY,,0,0,1602696078754,0,0
plugin_ios_activity_recognition,,0,2,0,aff93315-4e74-41b2-84a7-f597e1c55207,64BY,,0,0,1602696258753,0,0
plugin_ios_activity_recognition,"[""stationary""]",0,2,0,aff93315-4e74-41b2-84a7-f597e1c55207,64BY,,0,1,1602696277251,0,0
plugin_ios_activity_recognition,,0,2,0,aff93315-4e74-41b2-84a7-f597e1c55207,64BY,,0,0,1602696282068,0,0
plugin_ios_activity_recognition,"[""walking""]",0,2,0,aff93315-4e74-41b2-84a7-f597e1c55207,64BY,,0,0,1602696377876,0,1
plugin_ios_activity_recognition,,0,2,0,aff93315-4e74-41b2-84a7-f597e1c55207,64BY,,0,0,1602696432150,0,0
plugin_ios_activity_recognition,,0,2,0,aff93315-4e74-41b2-84a7-f597e1c55207,64BY,,0,0,1602696438781,0,0
plugin_ios_activity_recognition,"[""stationary""]",0,2,0,aff93315-4e74-41b2-84a7-f597e1c55207,64BY,,0,1,1602696518487,0,0
plugin_ios_activity_recognition,,0,2,0,aff93315-4e74-41b2-84a7-f597e1c55207,64BY,,0,0,1602696523942,0,0
plugin_ios_activity_recognition,"[""stationary""]",0,2,0,aff93315-4e74-41b2-84a7-f597e1c55207,64BY,,0,1,1602696530361,0,0
plugin_ios_activity_recognition,,0,2,0,aff93315-4e74-41b2-84a7-f597e1c55207,64BY,,0,0,1602696531004,0,0
plugin_ios_activity_recognition,"[""stationary""]",0,2,0,aff93315-4e74-41b2-84a7-f597e1c55207,64BY,,0,1,1602696540644,0,0
plugin_ios_activity_recognition,,0,2,0,aff93315-4e74-41b2-84a7-f597e1c55207,64BY,,0,0,1602696548022,0,0
plugin_ios_activity_recognition,"[""stationary""]",0,2,0,aff93315-4e74-41b2-84a7-f597e1c55207,64BY,,0,1,1602696558611,0,0
plugin_ios_activity_recognition,,0,2,0,aff93315-4e74-41b2-84a7-f597e1c55207,64BY,,0,0,1602696564383,0,0
plugin_ios_activity_recognition,"[""stationary""]",0,2,0,aff93315-4e74-41b2-84a7-f597e1c55207,64BY,,0,1,1602696579151,0,0
plugin_ios_activity_recognition,,0,2,0,aff93315-4e74-41b2-84a7-f597e1c55207,64BY,,0,0,1602696581074,0,0
plugin_ios_activity_recognition,"[""stationary""]",0,2,0,aff93315-4e74-41b2-84a7-f597e1c55207,64BY,,0,1,1602696589428,0,0
plugin_ios_activity_recognition,,0,2,0,aff93315-4e74-41b2-84a7-f597e1c55207,64BY,,0,0,1602696596486,0,0
plugin_ios_activity_recognition,,0,2,0,aff93315-4e74-41b2-84a7-f597e1c55207,64BY,,0,0,1602696618733,0,0
plugin_ios_activity_recognition,"[""walking""]",0,1,0,aff93315-4e74-41b2-84a7-f597e1c55207,64BY,,0,0,1602696740179,0,1
plugin_ios_activity_recognition,"[""walking""]",0,2,0,aff93315-4e74-41b2-84a7-f597e1c55207,64BY,,0,0,1602696747895,0,1
plugin_ios_activity_recognition,"[""walking""]",0,2,0,aff93315-4e74-41b2-84a7-f597e1c55207,64BY,,0,0,1602696798750,0,1
plugin_ios_activity_recognition,,0,2,0,aff93315-4e74-41b2-84a7-f597e1c55207,64BY,,0,0,1602696809578,0,0
plugin_ios_activity_recognition,"[""walking""]",0,1,0,aff93315-4e74-41b2-84a7-f597e1c55207,64BY,,0,0,1602696886680,0,1
plugin_ios_activity_recognition,"[""walking""]",0,2,0,aff93315-4e74-41b2-84a7-f597e1c55207,64BY,,0,0,1602696889247,0,1
plugin_ios_activity_recognition,,0,2,0,aff93315-4e74-41b2-84a7-f597e1c55207,64BY,,0,0,1602696948395,0,0
plugin_ios_activity_recognition,,0,2,0,aff93315-4e74-41b2-84a7-f597e1c55207,64BY,,0,0,1602696978731,0,0
plugin_ios_activity_recognition,"[""stationary""]",0,2,0,aff93315-4e74-41b2-84a7-f597e1c55207,64BY,,0,1,1602697021357,0,0
plugin_ios_activity_recognition,,0,2,0,aff93315-4e74-41b2-84a7-f597e1c55207,64BY,,0,0,1602697022322,0,0
plugin_ios_activity_recognition,"[""stationary""]",0,2,0,aff93315-4e74-41b2-84a7-f597e1c55207,64BY,,0,1,1602697035812,0,0
plugin_ios_activity_recognition,,0,2,0,aff93315-4e74-41b2-84a7-f597e1c55207,64BY,,0,0,1602697047038,0,0
plugin_ios_activity_recognition,"[""stationary""]",0,2,0,aff93315-4e74-41b2-84a7-f597e1c55207,64BY,,0,1,1602697051855,0,0
plugin_ios_activity_recognition,,0,2,0,aff93315-4e74-41b2-84a7-f597e1c55207,64BY,,0,0,1602697054427,0,0
plugin_ios_activity_recognition,"[""stationary""]",0,2,0,aff93315-4e74-41b2-84a7-f597e1c55207,64BY,,0,1,1602697062771,0,0
plugin_ios_activity_recognition,,0,2,0,aff93315-4e74-41b2-84a7-f597e1c55207,64BY,,0,0,1602697066274,0,0
plugin_ios_activity_recognition,"[""stationary""]",0,2,0,aff93315-4e74-41b2-84a7-f597e1c55207,64BY,,0,1,1602697138603,0,0
plugin_ios_activity_recognition,,0,2,0,aff93315-4e74-41b2-84a7-f597e1c55207,64BY,,0,0,1602697138921,0,0
plugin_ios_activity_recognition,"[""stationary""]",0,2,0,aff93315-4e74-41b2-84a7-f597e1c55207,64BY,,0,1,1602697152419,0,0
plugin_ios_activity_recognition,"[""stationary""]",0,2,0,aff93315-4e74-41b2-84a7-f597e1c55207,64BY,,0,1,1602697158813,0,0
plugin_ios_activity_recognition,,0,2,0,aff93315-4e74-41b2-84a7-f597e1c55207,64BY,,0,0,1602697178039,0,0
plugin_ios_activity_recognition,"[""walking""]",0,1,0,aff93315-4e74-41b2-84a7-f597e1c55207,64BY,,0,0,1602697182222,0,1
plugin_ios_activity_recognition,"[""walking""]",0,2,0,aff93315-4e74-41b2-84a7-f597e1c55207,64BY,,0,0,1602697195398,0,1
plugin_ios_activity_recognition,,0,2,0,aff93315-4e74-41b2-84a7-f597e1c55207,64BY,,0,0,1602697202796,0,0
plugin_ios_activity_recognition,"[""walking""]",0,1,0,aff93315-4e74-41b2-84a7-f597e1c55207,64BY,,0,0,1602697321119,0,1
plugin_ios_activity_recognition,"[""walking""]",0,2,0,aff93315-4e74-41b2-84a7-f597e1c55207,64BY,,0,0,1602697333980,0,1
plugin_ios_activity_recognition,"[""walking""]",0,2,0,aff93315-4e74-41b2-84a7-f597e1c55207,64BY,,0,0,1602697338752,0,1
plugin_ios_activity_recognition,,0,2,0,aff93315-4e74-41b2-84a7-f597e1c55207,64BY,,0,0,1602697385409,0,0
plugin_ios_activity_recognition,"[""stationary""]",0,2,0,aff93315-4e74-41b2-84a7-f597e1c55207,64BY,,0,1,1602697433298,0,0
plugin_ios_activity_recognition,,0,2,0,aff93315-4e74-41b2-84a7-f597e1c55207,64BY,,0,0,1602697435549,0,0
plugin_ios_activity_recognition,,0,2,0,aff93315-4e74-41b2-84a7-f597e1c55207,64BY,,0,0,1602697518778,0,0
plugin_ios_activity_recognition,"[""walking""]",0,1,0,aff93315-4e74-41b2-84a7-f597e1c55207,64BY,,0,0,1602697560204,0,1
plugin_ios_activity_recognition,"[""walking""]",0,2,0,aff93315-4e74-41b2-84a7-f597e1c55207,64BY,,0,0,1602697563734,0,1
plugin_ios_activity_recognition,,0,2,0,aff93315-4e74-41b2-84a7-f597e1c55207,64BY,,0,0,1602697615153,0,0
plugin_ios_activity_recognition,,0,2,0,aff93315-4e74-41b2-84a7-f597e1c55207,64BY,,0,0,1602697698811,0,0
plugin_ios_activity_recognition,"[""walking""]",0,1,0,aff93315-4e74-41b2-84a7-f597e1c55207,64BY,,0,0,1602697719594,0,1
plugin_ios_activity_recognition,"[""walking""]",0,2,0,aff93315-4e74-41b2-84a7-f597e1c55207,64BY,,0,0,1602697725375,0,1
plugin_ios_activity_recognition,,0,2,0,aff93315-4e74-41b2-84a7-f597e1c55207,64BY,,0,0,1602697787393,0,0
plugin_ios_activity_recognition,,0,2,0,aff93315-4e74-41b2-84a7-f597e1c55207,64BY,,0,0,1602697878712,0,0
plugin_ios_activity_recognition,"[""walking""]",0,2,0,aff93315-4e74-41b2-84a7-f597e1c55207,64BY,,0,0,1602697894417,0,1
plugin_ios_activity_recognition,"[""walking""]",0,2,0,aff93315-4e74-41b2-84a7-f597e1c55207,64BY,,0,0,1602698058708,0,1
plugin_ios_activity_recognition,,0,2,0,aff93315-4e74-41b2-84a7-f597e1c55207,64BY,,0,0,1602698066739,0,0
plugin_ios_activity_recognition,"[""walking""]",0,1,0,aff93315-4e74-41b2-84a7-f597e1c55207,64BY,,0,0,1602698071883,0,1
plugin_ios_activity_recognition,,0,2,0,aff93315-4e74-41b2-84a7-f597e1c55207,64BY,,0,0,1602698074455,0,0
plugin_ios_activity_recognition,"[""walking""]",0,1,0,aff93315-4e74-41b2-84a7-f597e1c55207,64BY,,0,0,1602698087316,0,1
plugin_ios_activity_recognition,"[""stationary""]",0,2,0,aff93315-4e74-41b2-84a7-f597e1c55207,64BY,,0,1,1602698113027,0,0
plugin_ios_activity_recognition,"[""walking""]",0,2,0,aff93315-4e74-41b2-84a7-f597e1c55207,64BY,,0,0,1602698139623,0,1
plugin_ios_activity_recognition,"[""stationary""]",0,2,0,aff93315-4e74-41b2-84a7-f597e1c55207,64BY,,0,1,1602698143476,0,0
plugin_ios_activity_recognition,,0,2,0,aff93315-4e74-41b2-84a7-f597e1c55207,64BY,,0,0,1602698210670,0,0
plugin_ios_activity_recognition,"[""walking""]",0,1,0,aff93315-4e74-41b2-84a7-f597e1c55207,64BY,,0,0,1602698215496,0,1
plugin_ios_activity_recognition,"[""stationary""]",0,2,0,aff93315-4e74-41b2-84a7-f597e1c55207,64BY,,0,1,1602698225130,0,0
plugin_ios_activity_recognition,"[""stationary""]",0,2,0,aff93315-4e74-41b2-84a7-f597e1c55207,64BY,,0,1,1602698238864,0,0
plugin_ios_activity_recognition,"[""walking""]",0,2,0,aff93315-4e74-41b2-84a7-f597e1c55207,64BY,,0,0,1602698260327,0,1
plugin_ios_activity_recognition,,0,2,0,aff93315-4e74-41b2-84a7-f597e1c55207,64BY,,0,0,1602698277050,0,0
plugin_ios_activity_recognition,"[""stationary""]",0,2,0,aff93315-4e74-41b2-84a7-f597e1c55207,64BY,,0,1,1602698299552,0,0
plugin_ios_activity_recognition,,0,2,0,aff93315-4e74-41b2-84a7-f597e1c55207,64BY,,0,0,1602698300199,0,0
plugin_ios_activity_recognition,"[""walking""]",0,1,0,aff93315-4e74-41b2-84a7-f597e1c55207,64BY,,0,0,1602698367079,0,1
plugin_ios_activity_recognition,"[""walking""]",0,2,0,aff93315-4e74-41b2-84a7-f597e1c55207,64BY,,0,0,1602698369649,0,1
plugin_ios_activity_recognition,"[""walking""]",0,2,0,aff93315-4e74-41b2-84a7-f597e1c55207,64BY,,0,0,1602698418717,0,1
plugin_ios_activity_recognition,,0,2,0,aff93315-4e74-41b2-84a7-f597e1c55207,64BY,,0,0,1602698457414,0,0
plugin_ios_activity_recognition,"[""walking""]",0,2,0,aff93315-4e74-41b2-84a7-f597e1c55207,64BY,,0,0,1602698487964,0,1
plugin_ios_activity_recognition,"[""walking""]",0,2,0,aff93315-4e74-41b2-84a7-f597e1c55207,64BY,,0,0,1602698598750,0,1
plugin_ios_activity_recognition,"[""stationary""]",0,2,0,aff93315-4e74-41b2-84a7-f597e1c55207,64BY,,0,1,1602698613022,0,0
plugin_ios_activity_recognition,"[""walking""]",0,2,0,aff93315-4e74-41b2-84a7-f597e1c55207,64BY,,0,0,1602698615267,0,1
plugin_ios_activity_recognition,,0,2,0,aff93315-4e74-41b2-84a7-f597e1c55207,64BY,,0,0,1602698627163,0,0
plugin_ios_activity_recognition,"[""walking""]",0,2,0,aff93315-4e74-41b2-84a7-f597e1c55207,64BY,,0,0,1602698649987,0,1
plugin_ios_activity_recognition,,0,2,0,aff93315-4e74-41b2-84a7-f597e1c55207,64BY,,0,0,1602698706558,0,0
plugin_ios_activity_recognition,"[""walking""]",0,1,0,aff93315-4e74-41b2-84a7-f597e1c55207,64BY,,0,0,1602698755424,0,1
plugin_ios_activity_recognition,"[""walking""]",0,2,0,aff93315-4e74-41b2-84a7-f597e1c55207,64BY,,0,0,1602698763141,0,1
plugin_ios_activity_recognition,"[""walking""]",0,2,0,aff93315-4e74-41b2-84a7-f597e1c55207,64BY,,0,0,1602698778701,0,1
plugin_ios_activity_recognition,,0,2,0,aff93315-4e74-41b2-84a7-f597e1c55207,64BY,,0,0,1602698822254,0,0
plugin_ios_activity_recognition,"[""walking""]",0,2,0,aff93315-4e74-41b2-84a7-f597e1c55207,64BY,,0,0,1602698824826,0,1
plugin_ios_activity_recognition,,0,2,0,aff93315-4e74-41b2-84a7-f597e1c55207,64BY,,0,0,1602698878814,0,0
plugin_ios_activity_recognition,,0,2,0,aff93315-4e74-41b2-84a7-f597e1c55207,64BY,,0,0,1602698958712,0,0
plugin_ios_activity_recognition,"[""walking""]",0,1,0,aff93315-4e74-41b2-84a7-f597e1c55207,64BY,,0,0,1602699094797,0,1
plugin_ios_activity_recognition,"[""walking""]",0,2,0,aff93315-4e74-41b2-84a7-f597e1c55207,64BY,,0,0,1602699105081,0,1
plugin_ios_activity_recognition,"[""walking""]",0,2,0,aff93315-4e74-41b2-84a7-f597e1c55207,64BY,,0,0,1602699138702,0,1
plugin_ios_activity_recognition,,0,2,0,aff93315-4e74-41b2-84a7-f597e1c55207,64BY,,0,0,1602699225957,0,0
plugin_ios_activity_recognition,"[""walking""]",0,2,0,aff93315-4e74-41b2-84a7-f597e1c55207,64BY,,0,0,1602699243963,0,1
plugin_ios_activity_recognition,"[""walking""]",0,2,0,aff93315-4e74-41b2-84a7-f597e1c55207,64BY,,0,0,1602699318695,0,1
plugin_ios_activity_recognition,"[""stationary""]",0,2,0,aff93315-4e74-41b2-84a7-f597e1c55207,64BY,,0,1,1602699358711,0,0
plugin_ios_activity_recognition,"[""walking""]",0,2,0,aff93315-4e74-41b2-84a7-f597e1c55207,64BY,,0,0,1602699365462,0,1
plugin_ios_activity_recognition,,0,2,0,aff93315-4e74-41b2-84a7-f597e1c55207,64BY,,0,0,1602699380253,0,0
plugin_ios_activity_recognition,"[""stationary""]",0,2,0,aff93315-4e74-41b2-84a7-f597e1c55207,64BY,,0,1,1602699452894,0,0
plugin_ios_activity_recognition,,0,2,0,aff93315-4e74-41b2-84a7-f597e1c55207,64BY,,0,0,1602699453537,0,0
plugin_ios_activity_recognition,,0,2,0,aff93315-4e74-41b2-84a7-f597e1c55207,64BY,,0,0,1602699498705,0,0
plugin_ios_activity_recognition,"[""walking""]",0,1,0,aff93315-4e74-41b2-84a7-f597e1c55207,64BY,,0,0,1602699665717,0,1
plugin_ios_activity_recognition,"[""walking""]",0,2,0,aff93315-4e74-41b2-84a7-f597e1c55207,64BY,,0,0,1602699668289,0,1
plugin_ios_activity_recognition,"[""walking""]",0,2,0,aff93315-4e74-41b2-84a7-f597e1c55207,64BY,,0,0,1602699678690,0,1
plugin_ios_activity_recognition,,0,2,0,aff93315-4e74-41b2-84a7-f597e1c55207,64BY,,0,0,1602699730000,0,0
plugin_ios_activity_recognition,"[""stationary""]",0,2,0,aff93315-4e74-41b2-84a7-f597e1c55207,64BY,,0,1,1602699857912,0,0
plugin_ios_activity_recognition,"[""stationary""]",0,2,0,aff93315-4e74-41b2-84a7-f597e1c55207,64BY,,0,1,1602699858683,0,0
plugin_ios_activity_recognition,,0,2,0,aff93315-4e74-41b2-84a7-f597e1c55207,64BY,,0,0,1602699863354,0,0
plugin_ios_activity_recognition,"[""stationary""]",0,2,0,aff93315-4e74-41b2-84a7-f597e1c55207,64BY,,0,1,1602699982597,0,0
plugin_ios_activity_recognition,,0,2,0,aff93315-4e74-41b2-84a7-f597e1c55207,64BY,,0,0,1602699986129,0,0
plugin_ios_activity_recognition,"[""stationary""]",0,2,0,aff93315-4e74-41b2-84a7-f597e1c55207,64BY,,0,1,1602699992235,0,0
plugin_ios_activity_recognition,,0,2,0,aff93315-4e74-41b2-84a7-f597e1c55207,64BY,,0,0,1602699993191,0,0
plugin_ios_activity_recognition,"[""stationary""]",0,2,0,aff93315-4e74-41b2-84a7-f597e1c55207,64BY,,0,1,1602700003152,0,0
plugin_ios_activity_recognition,,0,2,0,aff93315-4e74-41b2-84a7-f597e1c55207,64BY,,0,0,1602700008278,0,0
plugin_ios_activity_recognition,"[""stationary""]",0,2,0,aff93315-4e74-41b2-84a7-f597e1c55207,64BY,,0,1,1602700013095,0,0
plugin_ios_activity_recognition,,0,2,0,aff93315-4e74-41b2-84a7-f597e1c55207,64BY,,0,0,1602700022091,0,0
plugin_ios_activity_recognition,"[""stationary""]",0,2,0,aff93315-4e74-41b2-84a7-f597e1c55207,64BY,,0,1,1602700026265,0,0
plugin_ios_activity_recognition,,0,2,0,aff93315-4e74-41b2-84a7-f597e1c55207,64BY,,0,0,1602700031404,0,0
plugin_ios_activity_recognition,,0,2,0,aff93315-4e74-41b2-84a7-f597e1c55207,64BY,,0,0,1602700038668,0,0
plugin_ios_activity_recognition,"[""stationary""]",0,2,0,aff93315-4e74-41b2-84a7-f597e1c55207,64BY,,0,1,1602700049723,0,0
plugin_ios_activity_recognition,,0,2,0,aff93315-4e74-41b2-84a7-f597e1c55207,64BY,,0,0,1602700051969,0,0
plugin_ios_activity_recognition,"[""walking""]",0,2,0,aff93315-4e74-41b2-84a7-f597e1c55207,64BY,,0,0,1602700095044,0,1
plugin_ios_activity_recognition,"[""stationary""]",0,2,0,aff93315-4e74-41b2-84a7-f597e1c55207,64BY,,0,1,1602700102104,0,0
plugin_ios_activity_recognition,"[""walking""]",0,2,0,aff93315-4e74-41b2-84a7-f597e1c55207,64BY,,0,0,1602700120369,0,1
plugin_ios_activity_recognition,"[""stationary""]",0,2,0,aff93315-4e74-41b2-84a7-f597e1c55207,64BY,,0,1,1602700146079,0,0
plugin_ios_activity_recognition,"[""walking""]",0,2,0,aff93315-4e74-41b2-84a7-f597e1c55207,64BY,,0,0,1602700147363,0,1
plugin_ios_activity_recognition,,0,2,0,aff93315-4e74-41b2-84a7-f597e1c55207,64BY,,0,0,1602700159261,0,0
plugin_ios_activity_recognition,"[""stationary""]",0,2,0,aff93315-4e74-41b2-84a7-f597e1c55207,64BY,,0,1,1602700162784,0,0
plugin_ios_activity_recognition,,0,2,0,aff93315-4e74-41b2-84a7-f597e1c55207,64BY,,0,0,1602700163427,0,0
plugin_ios_activity_recognition,,0,2,0,aff93315-4e74-41b2-84a7-f597e1c55207,64BY,,0,0,1602700218665,0,0
plugin_ios_activity_recognition,"[""walking""]",0,1,0,aff93315-4e74-41b2-84a7-f597e1c55207,64BY,,0,0,1602700231236,0,1
plugin_ios_activity_recognition,"[""walking""]",0,2,0,aff93315-4e74-41b2-84a7-f597e1c55207,64BY,,0,0,1602700269813,0,1
plugin_ios_activity_recognition,,0,2,0,aff93315-4e74-41b2-84a7-f597e1c55207,64BY,,0,0,1602700357256,0,0
plugin_ios_activity_recognition,"[""walking""]",0,2,0,aff93315-4e74-41b2-84a7-f597e1c55207,64BY,,0,0,1602700367543,0,1
plugin_ios_activity_recognition,"[""walking""]",0,2,0,aff93315-4e74-41b2-84a7-f597e1c55207,64BY,,0,0,1602700398674,0,1
plugin_ios_activity_recognition,,0,2,0,aff93315-4e74-41b2-84a7-f597e1c55207,64BY,,0,0,1602700454982,0,0
plugin_ios_activity_recognition,,0,2,0,aff93315-4e74-41b2-84a7-f597e1c55207,64BY,,0,0,1602700578671,0,0
plugin_ios_activity_recognition,"[""walking""]",0,1,0,aff93315-4e74-41b2-84a7-f597e1c55207,64BY,,0,0,1602700586136,0,1
plugin_ios_activity_recognition,"[""walking""]",0,2,0,aff93315-4e74-41b2-84a7-f597e1c55207,64BY,,0,0,1602700593852,0,1
plugin_ios_activity_recognition,,0,2,0,aff93315-4e74-41b2-84a7-f597e1c55207,64BY,,0,0,1602700653003,0,0
plugin_ios_activity_recognition,"[""walking""]",0,1,0,aff93315-4e74-41b2-84a7-f597e1c55207,64BY,,0,0,1602700665862,0,1
plugin_ios_activity_recognition,"[""walking""]",0,2,0,aff93315-4e74-41b2-84a7-f597e1c55207,64BY,,0,0,1602700673577,0,1
plugin_ios_activity_recognition,,0,2,0,aff93315-4e74-41b2-84a7-f597e1c55207,64BY,,0,0,1602700735299,0,0
plugin_ios_activity_recognition,"[""walking""]",0,1,0,aff93315-4e74-41b2-84a7-f597e1c55207,64BY,,0,0,1602700745586,0,1
plugin_ios_activity_recognition,"[""walking""]",0,2,0,aff93315-4e74-41b2-84a7-f597e1c55207,64BY,,0,0,1602700755873,0,1
plugin_ios_activity_recognition,"[""walking""]",0,2,0,aff93315-4e74-41b2-84a7-f597e1c55207,64BY,,0,0,1602700758676,0,1
plugin_ios_activity_recognition,,0,2,0,aff93315-4e74-41b2-84a7-f597e1c55207,64BY,,0,0,1602700825308,0,0
plugin_ios_activity_recognition,"[""walking""]",0,1,0,aff93315-4e74-41b2-84a7-f597e1c55207,64BY,,0,0,1602700884461,0,1
plugin_ios_activity_recognition,"[""walking""]",0,2,0,aff93315-4e74-41b2-84a7-f597e1c55207,64BY,,0,0,1602700887033,0,1
plugin_ios_activity_recognition,,0,2,0,aff93315-4e74-41b2-84a7-f597e1c55207,64BY,,0,0,1602700910178,0,0
plugin_ios_activity_recognition,"[""walking""]",0,1,0,aff93315-4e74-41b2-84a7-f597e1c55207,64BY,,0,0,1602700923037,0,1
plugin_ios_activity_recognition,"[""walking""]",0,2,0,aff93315-4e74-41b2-84a7-f597e1c55207,64BY,,0,0,1602700928181,0,1
plugin_ios_activity_recognition,"[""walking""]",0,2,0,aff93315-4e74-41b2-84a7-f597e1c55207,64BY,,0,0,1602700938718,0,1
plugin_ios_activity_recognition,,0,2,0,aff93315-4e74-41b2-84a7-f597e1c55207,64BY,,0,0,1602701036175,0,0
plugin_ios_activity_recognition,"[""walking""]",0,1,0,aff93315-4e74-41b2-84a7-f597e1c55207,64BY,,0,0,1602701054177,0,1
plugin_ios_activity_recognition,"[""walking""]",0,2,0,aff93315-4e74-41b2-84a7-f597e1c55207,64BY,,0,0,1602701059321,0,1
plugin_ios_activity_recognition,"[""walking""]",0,2,0,aff93315-4e74-41b2-84a7-f597e1c55207,64BY,,0,0,1602701118682,0,1
plugin_ios_activity_recognition,,0,2,0,aff93315-4e74-41b2-84a7-f597e1c55207,64BY,,0,0,1602701151904,0,0
plugin_ios_activity_recognition,"[""stationary""]",0,2,0,aff93315-4e74-41b2-84a7-f597e1c55207,64BY,,0,1,1602701236348,0,0
plugin_ios_activity_recognition,,0,2,0,aff93315-4e74-41b2-84a7-f597e1c55207,64BY,,0,0,1602701240843,0,0
plugin_ios_activity_recognition,"[""stationary""]",0,2,0,aff93315-4e74-41b2-84a7-f597e1c55207,64BY,,0,1,1602701277756,0,0
plugin_ios_activity_recognition,,0,2,0,aff93315-4e74-41b2-84a7-f597e1c55207,64BY,,0,0,1602701278073,0,0
plugin_ios_activity_recognition,"[""stationary""]",0,2,0,aff93315-4e74-41b2-84a7-f597e1c55207,64BY,,0,1,1602701288027,0,0
plugin_ios_activity_recognition,,0,2,0,aff93315-4e74-41b2-84a7-f597e1c55207,64BY,,0,0,1602701289628,0,0
plugin_ios_activity_recognition,,0,2,0,aff93315-4e74-41b2-84a7-f597e1c55207,64BY,,0,0,1602701298680,0,0
plugin_ios_activity_recognition,"[""stationary""]",0,2,0,aff93315-4e74-41b2-84a7-f597e1c55207,64BY,,0,1,1602701357031,0,0
plugin_ios_activity_recognition,,0,2,0,aff93315-4e74-41b2-84a7-f597e1c55207,64BY,,0,0,1602701358315,0,0
plugin_ios_activity_recognition,,0,2,0,aff93315-4e74-41b2-84a7-f597e1c55207,64BY,,0,0,1602701478660,0,0
plugin_ios_activity_recognition,"[""walking""]",0,2,0,aff93315-4e74-41b2-84a7-f597e1c55207,64BY,,0,0,1602701604185,0,1
plugin_ios_activity_recognition,"[""walking""]",0,2,0,aff93315-4e74-41b2-84a7-f597e1c55207,64BY,,0,0,1602701658650,0,1
plugin_ios_activity_recognition,,0,2,0,aff93315-4e74-41b2-84a7-f597e1c55207,64BY,,0,0,1602701671029,0,0
plugin_ios_activity_recognition,"[""walking""]",0,2,0,aff93315-4e74-41b2-84a7-f597e1c55207,64BY,,0,0,1602701779029,0,1
plugin_ios_activity_recognition,"[""walking""]",0,2,0,aff93315-4e74-41b2-84a7-f597e1c55207,64BY,,0,0,1602701838776,0,1
plugin_ios_activity_recognition,,0,2,0,aff93315-4e74-41b2-84a7-f597e1c55207,64BY,,0,0,1602701848462,0,0
plugin_ios_activity_recognition,"[""stationary""]",0,2,0,aff93315-4e74-41b2-84a7-f597e1c55207,64BY,,0,1,1602701913662,0,0
plugin_ios_activity_recognition,,0,2,0,aff93315-4e74-41b2-84a7-f597e1c55207,64BY,,0,0,1602701914300,0,0
plugin_ios_activity_recognition,,0,2,0,aff93315-4e74-41b2-84a7-f597e1c55207,64BY,,0,0,1602702018639,0,0
plugin_ios_activity_recognition,"[""stationary""]",0,2,0,aff93315-4e74-41b2-84a7-f597e1c55207,64BY,,0,1,1602702058923,0,0
plugin_ios_activity_recognition,,0,2,0,aff93315-4e74-41b2-84a7-f597e1c55207,64BY,,0,0,1602702061495,0,0
plugin_ios_activity_recognition,"[""stationary""]",0,2,0,aff93315-4e74-41b2-84a7-f597e1c55207,64BY,,0,1,1602702116452,0,0
plugin_ios_activity_recognition,,0,2,0,aff93315-4e74-41b2-84a7-f597e1c55207,64BY,,0,0,1602702117090,0,0
plugin_ios_activity_recognition,"[""stationary""]",0,2,0,aff93315-4e74-41b2-84a7-f597e1c55207,64BY,,0,1,1602702165277,0,0
plugin_ios_activity_recognition,,0,2,0,aff93315-4e74-41b2-84a7-f597e1c55207,64BY,,0,0,1602702167844,0,0
plugin_ios_activity_recognition,,0,2,0,aff93315-4e74-41b2-84a7-f597e1c55207,64BY,,0,0,1602702198650,0,0
plugin_ios_activity_recognition,"[""stationary""]",0,2,0,aff93315-4e74-41b2-84a7-f597e1c55207,64BY,,0,1,1602702221811,0,0
plugin_ios_activity_recognition,,0,2,0,aff93315-4e74-41b2-84a7-f597e1c55207,64BY,,0,0,1602702222454,0,0
plugin_ios_activity_recognition,"[""stationary""]",0,2,0,aff93315-4e74-41b2-84a7-f597e1c55207,64BY,,0,1,1602702254271,0,0
plugin_ios_activity_recognition,,0,2,0,aff93315-4e74-41b2-84a7-f597e1c55207,64BY,,0,0,1602702258761,0,0
plugin_ios_activity_recognition,"[""stationary""]",0,2,0,aff93315-4e74-41b2-84a7-f597e1c55207,64BY,,0,1,1602702289276,0,0
plugin_ios_activity_recognition,,0,2,0,aff93315-4e74-41b2-84a7-f597e1c55207,64BY,,0,0,1602702291843,0,0
plugin_ios_activity_recognition,"[""stationary""]",0,2,0,aff93315-4e74-41b2-84a7-f597e1c55207,64BY,,0,1,1602702310479,0,0
plugin_ios_activity_recognition,,0,2,0,aff93315-4e74-41b2-84a7-f597e1c55207,64BY,,0,0,1602702311765,0,0
plugin_ios_activity_recognition,"[""stationary""]",0,2,0,aff93315-4e74-41b2-84a7-f597e1c55207,64BY,,0,1,1602702321078,0,0
plugin_ios_activity_recognition,,0,2,0,aff93315-4e74-41b2-84a7-f597e1c55207,64BY,,0,0,1602702321721,0,0
plugin_ios_activity_recognition,"[""stationary""]",0,2,0,aff93315-4e74-41b2-84a7-f597e1c55207,64BY,,0,1,1602702327176,0,0
plugin_ios_activity_recognition,,0,2,0,aff93315-4e74-41b2-84a7-f597e1c55207,64BY,,0,0,1602702327497,0,0
plugin_ios_activity_recognition,"[""stationary""]",0,2,0,aff93315-4e74-41b2-84a7-f597e1c55207,64BY,,0,1,1602702336483,0,0
plugin_ios_activity_recognition,,0,2,0,aff93315-4e74-41b2-84a7-f597e1c55207,64BY,,0,0,1602702338729,0,0
plugin_ios_activity_recognition,"[""walking""]",0,1,0,aff93315-4e74-41b2-84a7-f597e1c55207,64BY,,0,0,1602702367618,0,1
plugin_ios_activity_recognition,"[""walking""]",0,2,0,aff93315-4e74-41b2-84a7-f597e1c55207,64BY,,0,0,1602702378006,0,1
plugin_ios_activity_recognition,"[""walking""]",0,2,0,aff93315-4e74-41b2-84a7-f597e1c55207,64BY,,0,0,1602702378528,0,1
plugin_ios_activity_recognition,,0,2,0,aff93315-4e74-41b2-84a7-f597e1c55207,64BY,,0,0,1602702395694,0,0
plugin_ios_activity_recognition,"[""stationary""]",0,2,0,aff93315-4e74-41b2-84a7-f597e1c55207,64BY,,0,1,1602702462878,0,0
plugin_ios_activity_recognition,,0,2,0,aff93315-4e74-41b2-84a7-f597e1c55207,64BY,,0,0,1602702503244,0,0
plugin_ios_activity_recognition,"[""walking""]",0,1,0,aff93315-4e74-41b2-84a7-f597e1c55207,64BY,,0,0,1602702506138,0,1
plugin_ios_activity_recognition,"[""walking""]",0,2,0,aff93315-4e74-41b2-84a7-f597e1c55207,64BY,,0,0,1602702508711,0,1
plugin_ios_activity_recognition,"[""walking""]",0,2,0,aff93315-4e74-41b2-84a7-f597e1c55207,64BY,,0,0,1602702558599,0,1
plugin_ios_activity_recognition,,0,2,0,aff93315-4e74-41b2-84a7-f597e1c55207,64BY,,0,0,1602702560152,0,0
plugin_ios_activity_recognition,"[""stationary""]",0,2,0,aff93315-4e74-41b2-84a7-f597e1c55207,64BY,,0,1,1602702688091,0,0
plugin_ios_activity_recognition,,0,2,0,aff93315-4e74-41b2-84a7-f597e1c55207,64BY,,0,0,1602702721361,0,0
plugin_ios_activity_recognition,"[""stationary""]",0,2,0,aff93315-4e74-41b2-84a7-f597e1c55207,64BY,,0,1,1602702724877,0,0
plugin_ios_activity_recognition,,0,2,0,aff93315-4e74-41b2-84a7-f597e1c55207,64BY,,0,0,1602702725520,0,0
plugin_ios_activity_recognition,,0,2,0,aff93315-4e74-41b2-84a7-f597e1c55207,64BY,,0,0,1602702738597,0,0
plugin_ios_activity_recognition,"[""walking""]",0,2,0,aff93315-4e74-41b2-84a7-f597e1c55207,64BY,,0,0,1602702873732,0,1
plugin_ios_activity_recognition,"[""walking""]",0,2,0,aff93315-4e74-41b2-84a7-f597e1c55207,64BY,,0,0,1602702918513,0,1
plugin_ios_activity_recognition,,0,2,0,aff93315-4e74-41b2-84a7-f597e1c55207,64BY,,0,0,1602702930311,0,0
plugin_ios_activity_recognition,,0,2,0,aff93315-4e74-41b2-84a7-f597e1c55207,64BY,,0,0,1602703098506,0,0
plugin_ios_activity_recognition,"[""stationary""]",0,2,0,aff93315-4e74-41b2-84a7-f597e1c55207,64BY,,0,1,1602703179406,0,0
plugin_ios_activity_recognition,,0,2,0,aff93315-4e74-41b2-84a7-f597e1c55207,64BY,,0,0,1602703180371,0,0
plugin_ios_activity_recognition,"[""stationary""]",0,2,0,aff93315-4e74-41b2-84a7-f597e1c55207,64BY,,0,1,1602703225353,0,0
plugin_ios_activity_recognition,,0,2,0,aff93315-4e74-41b2-84a7-f597e1c55207,64BY,,0,0,1602703229849,0,0
plugin_ios_activity_recognition,"[""stationary""]",0,2,0,aff93315-4e74-41b2-84a7-f597e1c55207,64BY,,0,1,1602703235947,0,0
plugin_ios_activity_recognition,,0,2,0,aff93315-4e74-41b2-84a7-f597e1c55207,64BY,,0,0,1602703239152,0,0
plugin_ios_activity_recognition,"[""walking""]",0,1,0,aff93315-4e74-41b2-84a7-f597e1c55207,64BY,,0,0,1602703251696,0,1
plugin_ios_activity_recognition,"[""walking""]",0,2,0,aff93315-4e74-41b2-84a7-f597e1c55207,64BY,,0,0,1602703256840,0,1
plugin_ios_activity_recognition,"[""walking""]",0,2,0,aff93315-4e74-41b2-84a7-f597e1c55207,64BY,,0,0,1602703278506,0,1
plugin_ios_activity_recognition,,0,2,0,aff93315-4e74-41b2-84a7-f597e1c55207,64BY,,0,0,1602703313419,0,0
plugin_ios_activity_recognition,"[""stationary""]",0,2,0,aff93315-4e74-41b2-84a7-f597e1c55207,64BY,,0,1,1602703412069,0,0
plugin_ios_activity_recognition,,0,2,0,aff93315-4e74-41b2-84a7-f597e1c55207,64BY,,0,0,1602703417203,0,0
plugin_ios_activity_recognition,"[""stationary""]",0,2,0,aff93315-4e74-41b2-84a7-f597e1c55207,64BY,,0,1,1602703428435,0,0
plugin_ios_activity_recognition,,0,2,0,aff93315-4e74-41b2-84a7-f597e1c55207,64BY,,0,0,1602703429720,0,0
plugin_ios_activity_recognition,,0,2,0,aff93315-4e74-41b2-84a7-f597e1c55207,64BY,,0,0,1602703458491,0,0
plugin_ios_activity_recognition,,0,2,0,aff93315-4e74-41b2-84a7-f597e1c55207,64BY,supplement,0,0,1602703638491,0,0
plugin_ios_activity_recognition,,0,2,0,aff93315-4e74-41b2-84a7-f597e1c55207,64BY,,0,0,1602703638526,0,0
plugin_ios_activity_recognition,"[""walking""]",0,1,0,aff93315-4e74-41b2-84a7-f597e1c55207,64BY,,0,0,1602703657928,0,1
plugin_ios_activity_recognition,"[""walking""]",0,2,0,aff93315-4e74-41b2-84a7-f597e1c55207,64BY,,0,0,1602703663072,0,1
plugin_ios_activity_recognition,,0,2,0,aff93315-4e74-41b2-84a7-f597e1c55207,64BY,,0,0,1602703773651,0,0
plugin_ios_activity_recognition,"[""walking""]",0,1,0,aff93315-4e74-41b2-84a7-f597e1c55207,64BY,,0,0,1602703804503,0,1
plugin_ios_activity_recognition,"[""walking""]",0,2,0,aff93315-4e74-41b2-84a7-f597e1c55207,64BY,,0,0,1602703807075,0,1
plugin_ios_activity_recognition,"[""walking""]",0,2,0,aff93315-4e74-41b2-84a7-f597e1c55207,64BY,,0,0,1602703818470,0,1
plugin_ios_activity_recognition,,0,2,0,aff93315-4e74-41b2-84a7-f597e1c55207,64BY,supplement,0,0,1602703818491,0,0
plugin_ios_activity_recognition,"[""walking""]",0,2,0,aff93315-4e74-41b2-84a7-f597e1c55207,64BY,supplement,0,0,1602703998470,0,1
plugin_ios_activity_recognition,"[""walking""]",0,2,0,aff93315-4e74-41b2-84a7-f597e1c55207,64BY,,0,0,1602703998471,0,1
plugin_ios_activity_recognition,,0,2,0,aff93315-4e74-41b2-84a7-f597e1c55207,64BY,,0,0,1602704007669,0,0
plugin_ios_activity_recognition,"[""walking""]",0,2,0,aff93315-4e74-41b2-84a7-f597e1c55207,64BY,,0,0,1602704015384,0,1
plugin_ios_activity_recognition,,0,2,0,aff93315-4e74-41b2-84a7-f597e1c55207,64BY,,0,0,1602704069393,0,0
plugin_ios_activity_recognition,"[""walking""]",0,1,0,aff93315-4e74-41b2-84a7-f597e1c55207,64BY,,0,0,1602704092539,0,1
plugin_ios_activity_recognition,"[""walking""]",0,2,0,aff93315-4e74-41b2-84a7-f597e1c55207,64BY,,0,0,1602704097683,0,1
plugin_ios_activity_recognition,"[""walking""]",0,2,0,aff93315-4e74-41b2-84a7-f597e1c55207,64BY,,0,0,1602704178458,0,1
plugin_ios_activity_recognition,"[""walking""]",0,2,0,aff93315-4e74-41b2-84a7-f597e1c55207,64BY,supplement,0,0,1602704178470,0,1
plugin_ios_activity_recognition,,0,2,0,aff93315-4e74-41b2-84a7-f597e1c55207,64BY,,0,0,1602704200544,0,0
plugin_ios_activity_recognition,"[""walking""]",0,1,0,aff93315-4e74-41b2-84a7-f597e1c55207,64BY,,0,0,1602704218547,0,1
plugin_ios_activity_recognition,"[""walking""]",0,2,0,aff93315-4e74-41b2-84a7-f597e1c55207,64BY,,0,0,1602704221119,0,1
plugin_ios_activity_recognition,,0,2,0,aff93315-4e74-41b2-84a7-f597e1c55207,64BY,,0,0,1602704285414,0,0
plugin_ios_activity_recognition,"[""stationary""]",0,2,0,aff93315-4e74-41b2-84a7-f597e1c55207,64BY,,0,1,1602704331358,0,0
plugin_ios_activity_recognition,,0,2,0,aff93315-4e74-41b2-84a7-f597e1c55207,64BY,,0,0,1602704333277,0,0
plugin_ios_activity_recognition,,0,2,0,aff93315-4e74-41b2-84a7-f597e1c55207,64BY,,0,0,1602704358517,0,0
plugin_ios_activity_recognition,"[""walking""]",0,2,0,aff93315-4e74-41b2-84a7-f597e1c55207,64BY,,0,0,1602704426823,0,1
plugin_ios_activity_recognition,,0,2,0,aff93315-4e74-41b2-84a7-f597e1c55207,64BY,,0,0,1602704488545,0,0
plugin_ios_activity_recognition,"[""walking""]",0,1,0,aff93315-4e74-41b2-84a7-f597e1c55207,64BY,,0,0,1602704514253,0,1
plugin_ios_activity_recognition,"[""walking""]",0,2,0,aff93315-4e74-41b2-84a7-f597e1c55207,64BY,,0,0,1602704516825,0,1
plugin_ios_activity_recognition,"[""walking""]",0,2,0,aff93315-4e74-41b2-84a7-f597e1c55207,64BY,,0,0,1602704538549,0,1
plugin_ios_activity_recognition,,0,2,0,aff93315-4e74-41b2-84a7-f597e1c55207,64BY,,0,0,1602704606837,0,0
plugin_ios_activity_recognition,,0,2,0,aff93315-4e74-41b2-84a7-f597e1c55207,64BY,,0,0,1602704718514,0,0
plugin_ios_activity_recognition,"[""walking""]",0,2,0,aff93315-4e74-41b2-84a7-f597e1c55207,64BY,,0,0,1602704781688,0,1
plugin_ios_activity_recognition,,0,2,0,aff93315-4e74-41b2-84a7-f597e1c55207,64BY,,0,0,1602704848859,0,0
plugin_ios_activity_recognition,"[""walking""]",0,1,0,aff93315-4e74-41b2-84a7-f597e1c55207,64BY,,0,0,1602704892255,0,1
plugin_ios_activity_recognition,"[""walking""]",0,2,0,aff93315-4e74-41b2-84a7-f597e1c55207,64BY,,0,0,1602704894826,0,1
plugin_ios_activity_recognition,"[""walking""]",0,2,0,aff93315-4e74-41b2-84a7-f597e1c55207,64BY,,0,0,1602704898542,0,1
plugin_ios_activity_recognition,,0,2,0,aff93315-4e74-41b2-84a7-f597e1c55207,64BY,,0,0,1602705028559,0,0
plugin_ios_activity_recognition,,0,2,0,aff93315-4e74-41b2-84a7-f597e1c55207,64BY,,0,0,1602705078499,0,0
plugin_ios_activity_recognition,"[""walking""]",0,1,0,aff93315-4e74-41b2-84a7-f597e1c55207,64BY,,0,0,1602705113472,0,1
plugin_ios_activity_recognition,"[""walking""]",0,2,0,aff93315-4e74-41b2-84a7-f597e1c55207,64BY,,0,0,1602705159764,0,1
plugin_ios_activity_recognition,,0,2,0,aff93315-4e74-41b2-84a7-f597e1c55207,64BY,,0,0,1602705211197,0,0
plugin_ios_activity_recognition,"[""walking""]",0,2,0,aff93315-4e74-41b2-84a7-f597e1c55207,64BY,,0,0,1602705234345,0,1
plugin_ios_activity_recognition,"[""walking""]",0,2,0,aff93315-4e74-41b2-84a7-f597e1c55207,64BY,,0,0,1602705258564,0,1
plugin_ios_activity_recognition,,0,2,0,aff93315-4e74-41b2-84a7-f597e1c55207,64BY,,0,0,1602705298627,0,0
plugin_ios_activity_recognition,"[""walking""]",0,1,0,aff93315-4e74-41b2-84a7-f597e1c55207,64BY,,0,0,1602705329489,0,1
plugin_ios_activity_recognition,"[""walking""]",0,2,0,aff93315-4e74-41b2-84a7-f597e1c55207,64BY,,0,0,1602705332061,0,1
plugin_ios_activity_recognition,,0,2,0,aff93315-4e74-41b2-84a7-f597e1c55207,64BY,,0,0,1602705383496,0,0
plugin_ios_activity_recognition,"[""walking""]",0,1,0,aff93315-4e74-41b2-84a7-f597e1c55207,64BY,,0,0,1602705396355,0,1
plugin_ios_activity_recognition,"[""walking""]",0,2,0,aff93315-4e74-41b2-84a7-f597e1c55207,64BY,,0,0,1602705401813,0,1
plugin_ios_activity_recognition,"[""walking""]",0,2,0,aff93315-4e74-41b2-84a7-f597e1c55207,64BY,,0,0,1602705438651,0,1
plugin_ios_activity_recognition,,0,2,0,aff93315-4e74-41b2-84a7-f597e1c55207,64BY,,0,0,1602705455505,0,0
plugin_ios_activity_recognition,"[""walking""]",0,2,0,aff93315-4e74-41b2-84a7-f597e1c55207,64BY,,0,0,1602705458077,0,1
plugin_ios_activity_recognition,,0,2,0,aff93315-4e74-41b2-84a7-f597e1c55207,64BY,,0,0,1602705527504,0,0
plugin_ios_activity_recognition,"[""walking""]",0,1,0,aff93315-4e74-41b2-84a7-f597e1c55207,64BY,,0,0,1602705540363,0,1
plugin_ios_activity_recognition,"[""walking""]",0,2,0,aff93315-4e74-41b2-84a7-f597e1c55207,64BY,,0,0,1602705542935,0,1
plugin_ios_activity_recognition,"[""walking""]",0,2,0,aff93315-4e74-41b2-84a7-f597e1c55207,64BY,,0,0,1602705618558,0,1
plugin_ios_activity_recognition,,0,2,0,aff93315-4e74-41b2-84a7-f597e1c55207,64BY,,0,0,1602705704953,0,0
plugin_ios_activity_recognition,"[""walking""]",0,1,0,aff93315-4e74-41b2-84a7-f597e1c55207,64BY,,0,0,1602705722956,0,1
plugin_ios_activity_recognition,"[""walking""]",0,2,0,aff93315-4e74-41b2-84a7-f597e1c55207,64BY,,0,0,1602705725528,0,1
plugin_ios_activity_recognition,"[""walking""]",0,2,0,aff93315-4e74-41b2-84a7-f597e1c55207,64BY,,0,0,1602705798561,0,1
plugin_ios_activity_recognition,"[""walking""]",0,2,0,aff93315-4e74-41b2-84a7-f597e1c55207,64BY,,0,0,1602705978555,0,1
plugin_ios_activity_recognition,,0,2,0,aff93315-4e74-41b2-84a7-f597e1c55207,64BY,,0,0,1602706013560,0,0
plugin_ios_activity_recognition,"[""walking""]",0,2,0,aff93315-4e74-41b2-84a7-f597e1c55207,64BY,,0,0,1602706044420,0,1
plugin_ios_activity_recognition,,0,2,0,aff93315-4e74-41b2-84a7-f597e1c55207,64BY,,0,0,1602706142135,0,0
plugin_ios_activity_recognition,,0,2,0,aff93315-4e74-41b2-84a7-f597e1c55207,64BY,,0,0,1602706158605,0,0
plugin_ios_activity_recognition,"[""walking""]",0,1,0,aff93315-4e74-41b2-84a7-f597e1c55207,64BY,,0,0,1602706180710,0,1
plugin_ios_activity_recognition,"[""walking""]",0,2,0,aff93315-4e74-41b2-84a7-f597e1c55207,64BY,,0,0,1602706185853,0,1
plugin_ios_activity_recognition,,0,2,0,aff93315-4e74-41b2-84a7-f597e1c55207,64BY,,0,0,1602706309295,0,0
plugin_ios_activity_recognition,"[""walking""]",0,1,0,aff93315-4e74-41b2-84a7-f597e1c55207,64BY,,0,0,1602706311867,0,1
plugin_ios_activity_recognition,"[""walking""]",0,1,0,aff93315-4e74-41b2-84a7-f597e1c55207,64BY,,0,0,1602706338639,0,1
plugin_ios_activity_recognition,"[""walking""]",0,2,0,aff93315-4e74-41b2-84a7-f597e1c55207,64BY,,0,0,1602706342727,0,1
plugin_ios_activity_recognition,"[""walking""]",0,2,0,aff93315-4e74-41b2-84a7-f597e1c55207,64BY,,0,0,1602706518601,0,1
plugin_ios_activity_recognition,,0,2,0,aff93315-4e74-41b2-84a7-f597e1c55207,64BY,,0,0,1602706664175,0,0
plugin_ios_activity_recognition,"[""walking""]",0,1,0,aff93315-4e74-41b2-84a7-f597e1c55207,64BY,,0,0,1602706682178,0,1
plugin_ios_activity_recognition,"[""walking""]",0,2,0,aff93315-4e74-41b2-84a7-f597e1c55207,64BY,,0,0,1602706687321,0,1
plugin_ios_activity_recognition,"[""walking""]",0,2,0,aff93315-4e74-41b2-84a7-f597e1c55207,64BY,,0,0,1602706698906,0,1
plugin_ios_activity_recognition,,0,2,0,aff93315-4e74-41b2-84a7-f597e1c55207,64BY,,0,0,1602706756754,0,0
plugin_ios_activity_recognition,"[""stationary""]",0,2,0,aff93315-4e74-41b2-84a7-f597e1c55207,64BY,,0,1,1602706793081,0,0
plugin_ios_activity_recognition,,0,2,0,aff93315-4e74-41b2-84a7-f597e1c55207,64BY,,0,0,1602706860269,0,0
plugin_ios_activity_recognition,,0,2,0,aff93315-4e74-41b2-84a7-f597e1c55207,64BY,,0,0,1602706878595,0,0
plugin_ios_activity_recognition,"[""stationary""]",0,2,0,aff93315-4e74-41b2-84a7-f597e1c55207,64BY,,0,1,1602706955753,0,0
plugin_ios_activity_recognition,,0,2,0,aff93315-4e74-41b2-84a7-f597e1c55207,64BY,,0,0,1602706978572,0,0
plugin_ios_activity_recognition,"[""walking""]",0,1,0,aff93315-4e74-41b2-84a7-f597e1c55207,64BY,,0,0,1602707008798,0,1
plugin_ios_activity_recognition,"[""walking""]",0,2,0,aff93315-4e74-41b2-84a7-f597e1c55207,64BY,,0,0,1602707013938,0,1
plugin_ios_activity_recognition,"[""walking""]",0,2,0,aff93315-4e74-41b2-84a7-f597e1c55207,64BY,,0,0,1602707058693,0,1
plugin_ios_activity_recognition,"[""stationary""]",0,2,0,aff93315-4e74-41b2-84a7-f597e1c55207,64BY,,0,1,1602707122281,0,0
plugin_ios_activity_recognition,"[""walking""]",0,2,0,aff93315-4e74-41b2-84a7-f597e1c55207,64BY,,0,0,1602707134468,0,1
plugin_ios_activity_recognition,"[""stationary""]",0,2,0,aff93315-4e74-41b2-84a7-f597e1c55207,64BY,,0,1,1602707149886,0,0
plugin_ios_activity_recognition,,0,2,0,aff93315-4e74-41b2-84a7-f597e1c55207,64BY,,0,0,1602707218095,0,0
plugin_ios_activity_recognition,"[""walking""]",0,1,0,aff93315-4e74-41b2-84a7-f597e1c55207,64BY,,0,0,1602707224529,0,1
plugin_ios_activity_recognition,"[""walking""]",0,2,0,aff93315-4e74-41b2-84a7-f597e1c55207,64BY,,0,0,1602707227101,0,1
plugin_ios_activity_recognition,"[""walking""]",0,2,0,aff93315-4e74-41b2-84a7-f597e1c55207,64BY,,0,0,1602707239125,0,1
plugin_ios_activity_recognition,"[""stationary""]",0,2,0,aff93315-4e74-41b2-84a7-f597e1c55207,64BY,,0,1,1602707308431,0,0
plugin_ios_activity_recognition,,0,2,0,aff93315-4e74-41b2-84a7-f597e1c55207,64BY,,0,0,1602707410118,0,0
plugin_ios_activity_recognition,"[""stationary""]",0,2,0,aff93315-4e74-41b2-84a7-f597e1c55207,64BY,,0,1,1602707414615,0,0
plugin_ios_activity_recognition,"[""stationary""]",0,2,0,aff93315-4e74-41b2-84a7-f597e1c55207,64BY,,0,1,1602707418691,0,0
plugin_ios_activity_recognition,,0,2,0,aff93315-4e74-41b2-84a7-f597e1c55207,64BY,,0,0,1602707562735,0,0
plugin_ios_activity_recognition,"[""walking""]",0,1,0,aff93315-4e74-41b2-84a7-f597e1c55207,64BY,,0,0,1602707583311,0,1
plugin_ios_activity_recognition,"[""walking""]",0,2,0,aff93315-4e74-41b2-84a7-f597e1c55207,64BY,,0,0,1602707585883,0,1
plugin_ios_activity_recognition,"[""stationary""]",0,2,0,aff93315-4e74-41b2-84a7-f597e1c55207,64BY,,0,1,1602707595196,0,0
plugin_ios_activity_recognition,"[""stationary""]",0,2,0,aff93315-4e74-41b2-84a7-f597e1c55207,64BY,,0,1,1602707598605,0,0
plugin_ios_activity_recognition,"[""walking""]",0,2,0,aff93315-4e74-41b2-84a7-f597e1c55207,64BY,,0,0,1602707626596,0,1
plugin_ios_activity_recognition,,0,2,0,aff93315-4e74-41b2-84a7-f597e1c55207,64BY,,0,0,1602707678346,0,0
plugin_ios_activity_recognition,"[""walking""]",0,1,0,aff93315-4e74-41b2-84a7-f597e1c55207,64BY,,0,0,1602707688634,0,1
plugin_ios_activity_recognition,"[""stationary""]",0,2,0,aff93315-4e74-41b2-84a7-f597e1c55207,64BY,,0,1,1602707694415,0,0
plugin_ios_activity_recognition,"[""walking""]",0,2,0,aff93315-4e74-41b2-84a7-f597e1c55207,64BY,,0,0,1602707695374,0,1
plugin_ios_activity_recognition,"[""stationary""]",0,2,0,aff93315-4e74-41b2-84a7-f597e1c55207,64BY,,0,1,1602707709536,0,0
plugin_ios_activity_recognition,"[""walking""]",0,2,0,aff93315-4e74-41b2-84a7-f597e1c55207,64BY,,0,0,1602707746647,0,1
plugin_ios_activity_recognition,"[""stationary""]",0,2,0,aff93315-4e74-41b2-84a7-f597e1c55207,64BY,,0,1,1602707752111,0,0
plugin_ios_activity_recognition,"[""stationary""]",0,2,0,aff93315-4e74-41b2-84a7-f597e1c55207,64BY,,0,1,1602707778603,0,0
plugin_ios_activity_recognition,,0,2,0,aff93315-4e74-41b2-84a7-f597e1c55207,64BY,,0,0,1602707833416,0,0
plugin_ios_activity_recognition,"[""stationary""]",0,2,0,aff93315-4e74-41b2-84a7-f597e1c55207,64BY,,0,1,1602707837917,0,0
plugin_ios_activity_recognition,,0,2,0,aff93315-4e74-41b2-84a7-f597e1c55207,64BY,,0,0,1602707899378,0,0
plugin_ios_activity_recognition,"[""stationary""]",0,2,0,aff93315-4e74-41b2-84a7-f597e1c55207,64BY,,0,1,1602707906768,0,0
plugin_ios_activity_recognition,,0,2,0,aff93315-4e74-41b2-84a7-f597e1c55207,64BY,,0,0,1602707926016,0,0
plugin_ios_activity_recognition,"[""stationary""]",0,2,0,aff93315-4e74-41b2-84a7-f597e1c55207,64BY,,0,1,1602707935014,0,0
plugin_ios_activity_recognition,,0,2,0,aff93315-4e74-41b2-84a7-f597e1c55207,64BY,,0,0,1602707951025,0,0
plugin_ios_activity_recognition,"[""stationary""]",0,2,0,aff93315-4e74-41b2-84a7-f597e1c55207,64BY,,0,1,1602707956485,0,0
plugin_ios_activity_recognition,"[""stationary""]",0,2,0,aff93315-4e74-41b2-84a7-f597e1c55207,64BY,,0,1,1602707958602,0,0
plugin_ios_activity_recognition,,0,2,0,aff93315-4e74-41b2-84a7-f597e1c55207,64BY,,0,0,1602707966436,0,0
plugin_ios_activity_recognition,"[""walking""]",0,1,0,aff93315-4e74-41b2-84a7-f597e1c55207,64BY,,0,0,1602707983478,0,1
plugin_ios_activity_recognition,"[""walking""]",0,2,0,aff93315-4e74-41b2-84a7-f597e1c55207,64BY,,0,0,1602707991196,0,1
plugin_ios_activity_recognition,,0,2,0,aff93315-4e74-41b2-84a7-f597e1c55207,64BY,,0,0,1602708065773,0,0
plugin_ios_activity_recognition,,0,2,0,aff93315-4e74-41b2-84a7-f597e1c55207,64BY,,0,0,1602708139086,0,0
plugin_ios_activity_recognition,"[""stationary""]",0,2,0,aff93315-4e74-41b2-84a7-f597e1c55207,64BY,,0,1,1602708156734,0,0
plugin_ios_activity_recognition,,0,2,0,aff93315-4e74-41b2-84a7-f597e1c55207,64BY,,0,0,1602708167632,0,0
plugin_ios_activity_recognition,"[""stationary""]",0,2,0,aff93315-4e74-41b2-84a7-f597e1c55207,64BY,,0,1,1602708198813,0,0
plugin_ios_activity_recognition,,0,2,0,aff93315-4e74-41b2-84a7-f597e1c55207,64BY,,0,0,1602708208440,0,0
plugin_ios_activity_recognition,"[""walking""]",0,1,0,aff93315-4e74-41b2-84a7-f597e1c55207,64BY,,0,0,1602708212304,0,1
plugin_ios_activity_recognition,"[""walking""]",0,2,0,aff93315-4e74-41b2-84a7-f597e1c55207,64BY,,0,0,1602708227737,0,1
plugin_ios_activity_recognition,,0,2,0,aff93315-4e74-41b2-84a7-f597e1c55207,64BY,,0,0,1602708279165,0,0
plugin_ios_activity_recognition,,0,2,0,aff93315-4e74-41b2-84a7-f597e1c55207,64BY,,0,0,1602708318700,0,0
plugin_ios_activity_recognition,"[""stationary""]",0,2,0,aff93315-4e74-41b2-84a7-f597e1c55207,64BY,,0,1,1602708347965,0,0
plugin_ios_activity_recognition,,0,2,0,aff93315-4e74-41b2-84a7-f597e1c55207,64BY,,0,0,1602708372400,0,0
plugin_ios_activity_recognition,"[""stationary""]",0,2,0,aff93315-4e74-41b2-84a7-f597e1c55207,64BY,,0,1,1602708407445,0,0
plugin_ios_activity_recognition,,0,2,0,aff93315-4e74-41b2-84a7-f597e1c55207,64BY,,0,0,1602708412268,0,0
plugin_ios_activity_recognition,"[""stationary""]",0,2,0,aff93315-4e74-41b2-84a7-f597e1c55207,64BY,,0,1,1602708440883,0,0
plugin_ios_activity_recognition,,0,2,0,aff93315-4e74-41b2-84a7-f597e1c55207,64BY,,0,0,1602708448924,0,0
plugin_ios_activity_recognition,"[""stationary""]",0,2,0,aff93315-4e74-41b2-84a7-f597e1c55207,64BY,,0,1,1602708454069,0,0
plugin_ios_activity_recognition,,0,2,0,aff93315-4e74-41b2-84a7-f597e1c55207,64BY,,0,0,1602708479464,0,0
plugin_ios_activity_recognition,,0,2,0,aff93315-4e74-41b2-84a7-f597e1c55207,64BY,,0,0,1602708498691,0,0
plugin_ios_activity_recognition,"[""stationary""]",0,2,0,aff93315-4e74-41b2-84a7-f597e1c55207,64BY,,0,1,1602708554057,0,0
plugin_ios_activity_recognition,,0,2,0,aff93315-4e74-41b2-84a7-f597e1c55207,64BY,,0,0,1602708555665,0,0
plugin_ios_activity_recognition,"[""walking""]",0,1,0,aff93315-4e74-41b2-84a7-f597e1c55207,64BY,,0,0,1602708654792,0,1
plugin_ios_activity_recognition,"[""walking""]",0,2,0,aff93315-4e74-41b2-84a7-f597e1c55207,64BY,,0,0,1602708657363,0,1
plugin_ios_activity_recognition,"[""walking""]",0,2,0,aff93315-4e74-41b2-84a7-f597e1c55207,64BY,,0,0,1602708678654,0,1
plugin_ios_activity_recognition,,0,2,0,aff93315-4e74-41b2-84a7-f597e1c55207,64BY,,0,0,1602708724238,0,0
plugin_ios_activity_recognition,,0,2,0,aff93315-4e74-41b2-84a7-f597e1c55207,64BY,,0,0,1602708858751,0,0
plugin_ios_activity_recognition,"[""walking""]",0,2,0,aff93315-4e74-41b2-84a7-f597e1c55207,64BY,,0,0,1602708878574,0,1
plugin_ios_activity_recognition,,0,2,0,aff93315-4e74-41b2-84a7-f597e1c55207,64BY,,0,0,1602708927447,0,0
plugin_ios_activity_recognition,"[""stationary""]",0,2,0,aff93315-4e74-41b2-84a7-f597e1c55207,64BY,,0,1,1602708978234,0,0
plugin_ios_activity_recognition,,0,2,0,aff93315-4e74-41b2-84a7-f597e1c55207,64BY,,0,0,1602708978877,0,0
plugin_ios_activity_recognition,"[""stationary""]",0,2,0,aff93315-4e74-41b2-84a7-f597e1c55207,64BY,,0,1,1602708989793,0,0
plugin_ios_activity_recognition,,0,2,0,aff93315-4e74-41b2-84a7-f597e1c55207,64BY,,0,0,1602708995254,0,0
plugin_ios_activity_recognition,,0,2,0,aff93315-4e74-41b2-84a7-f597e1c55207,64BY,,0,0,1602709038722,0,0
plugin_ios_activity_recognition,"[""automotive""]",1,2,0,aff93315-4e74-41b2-84a7-f597e1c55207,64BY,,0,0,1602709045726,0,0
plugin_ios_activity_recognition,"[""automotive""]",1,2,0,aff93315-4e74-41b2-84a7-f597e1c55207,64BY,,0,0,1602709058586,0,0
plugin_ios_activity_recognition,"[""automotive""]",1,2,0,aff93315-4e74-41b2-84a7-f597e1c55207,64BY,,0,0,1602709102310,0,0
plugin_ios_activity_recognition,"[""stationary"",""automotive""]",1,2,0,aff93315-4e74-41b2-84a7-f597e1c55207,64BY,,0,1,1602709137658,0,0
plugin_ios_activity_recognition,"[""automotive""]",1,2,0,aff93315-4e74-41b2-84a7-f597e1c55207,64BY,,0,0,1602709140551,0,0
plugin_ios_activity_recognition,"[""automotive""]",1,2,0,aff93315-4e74-41b2-84a7-f597e1c55207,64BY,,0,0,1602709143449,0,0
plugin_ios_activity_recognition,"[""automotive""]",1,2,0,aff93315-4e74-41b2-84a7-f597e1c55207,64BY,,0,0,1602709166596,0,0
plugin_ios_activity_recognition,"[""automotive""]",1,2,0,aff93315-4e74-41b2-84a7-f597e1c55207,64BY,,0,0,1602709169170,0,0
plugin_ios_activity_recognition,,0,2,0,aff93315-4e74-41b2-84a7-f597e1c55207,64BY,,0,0,1602709171743,0,0
plugin_ios_activity_recognition,,0,2,0,aff93315-4e74-41b2-84a7-f597e1c55207,64BY,,0,0,1602709218659,0,0
plugin_ios_activity_recognition,"[""stationary""]",0,2,0,aff93315-4e74-41b2-84a7-f597e1c55207,64BY,,0,1,1602709222192,0,0
plugin_ios_activity_recognition,,0,2,0,aff93315-4e74-41b2-84a7-f597e1c55207,64BY,,0,0,1602709222513,0,0
plugin_ios_activity_recognition,"[""automotive""]",1,2,0,aff93315-4e74-41b2-84a7-f597e1c55207,64BY,,0,0,1602709225732,0,0
plugin_ios_activity_recognition,"[""automotive""]",1,2,0,aff93315-4e74-41b2-84a7-f597e1c55207,64BY,,0,0,1602709246310,0,0
plugin_ios_activity_recognition,,0,2,0,aff93315-4e74-41b2-84a7-f597e1c55207,64BY,,0,0,1602709315752,0,0
plugin_ios_activity_recognition,"[""walking""]",0,2,0,aff93315-4e74-41b2-84a7-f597e1c55207,64BY,,0,0,1602709318324,0,1
plugin_ios_activity_recognition,"[""stationary""]",0,2,0,aff93315-4e74-41b2-84a7-f597e1c55207,64BY,,0,1,1602709386222,0,0
plugin_ios_activity_recognition,"[""walking""]",0,2,0,aff93315-4e74-41b2-84a7-f597e1c55207,64BY,,0,0,1602709391351,0,1
plugin_ios_activity_recognition,"[""walking""]",0,2,0,aff93315-4e74-41b2-84a7-f597e1c55207,64BY,,0,0,1602709398725,0,1
plugin_ios_activity_recognition,,0,2,0,aff93315-4e74-41b2-84a7-f597e1c55207,64BY,,0,0,1602709400680,0,0
plugin_ios_activity_recognition,"[""stationary""]",0,2,0,aff93315-4e74-41b2-84a7-f597e1c55207,64BY,,0,1,1602709459502,0,0
plugin_ios_activity_recognition,,0,2,0,aff93315-4e74-41b2-84a7-f597e1c55207,64BY,,0,0,1602709460140,0,0
plugin_ios_activity_recognition,"[""walking""]",0,1,0,aff93315-4e74-41b2-84a7-f597e1c55207,64BY,,0,0,1602709464969,0,1
plugin_ios_activity_recognition,"[""walking""]",0,2,0,aff93315-4e74-41b2-84a7-f597e1c55207,64BY,,0,0,1602709470110,0,1
plugin_ios_activity_recognition,,0,2,0,aff93315-4e74-41b2-84a7-f597e1c55207,64BY,,0,0,1602709542112,0,0
plugin_ios_activity_recognition,"[""stationary""]",0,2,0,aff93315-4e74-41b2-84a7-f597e1c55207,64BY,,0,1,1602709561710,0,0
plugin_ios_activity_recognition,,0,2,0,aff93315-4e74-41b2-84a7-f597e1c55207,64BY,,0,0,1602709563307,0,0
plugin_ios_activity_recognition,,0,2,0,aff93315-4e74-41b2-84a7-f597e1c55207,64BY,,0,0,1602709578727,0,0
plugin_ios_activity_recognition,"[""stationary""]",0,2,0,aff93315-4e74-41b2-84a7-f597e1c55207,64BY,,0,1,1602709667773,0,0
plugin_ios_activity_recognition,,0,2,0,aff93315-4e74-41b2-84a7-f597e1c55207,64BY,,0,0,1602709671625,0,0
plugin_ios_activity_recognition,"[""walking""]",0,1,0,aff93315-4e74-41b2-84a7-f597e1c55207,64BY,,0,0,1602709683520,0,1
plugin_ios_activity_recognition,"[""walking""]",0,2,0,aff93315-4e74-41b2-84a7-f597e1c55207,64BY,,0,0,1602709693805,0,1
plugin_ios_activity_recognition,,0,2,0,aff93315-4e74-41b2-84a7-f597e1c55207,64BY,,0,0,1602709745223,0,0
plugin_ios_activity_recognition,,0,2,0,aff93315-4e74-41b2-84a7-f597e1c55207,64BY,,0,0,1602709758730,0,0
plugin_ios_activity_recognition,"[""walking""]",0,2,0,aff93315-4e74-41b2-84a7-f597e1c55207,64BY,,0,0,1602709886665,0,1
plugin_ios_activity_recognition,"[""walking""]",0,2,0,aff93315-4e74-41b2-84a7-f597e1c55207,64BY,,0,0,1602709938725,0,1
plugin_ios_activity_recognition,,0,2,0,aff93315-4e74-41b2-84a7-f597e1c55207,64BY,,0,0,1602709992114,0,0
plugin_ios_activity_recognition,"[""walking""]",0,1,0,aff93315-4e74-41b2-84a7-f597e1c55207,64BY,,0,0,1602710022985,0,1
plugin_ios_activity_recognition,"[""walking""]",0,2,0,aff93315-4e74-41b2-84a7-f597e1c55207,64BY,,0,0,1602710065101,0,1
plugin_ios_activity_recognition,,0,2,0,aff93315-4e74-41b2-84a7-f597e1c55207,64BY,,0,0,1602710066712,0,0
plugin_ios_activity_recognition,,0,2,0,aff93315-4e74-41b2-84a7-f597e1c55207,64BY,,0,0,1602710118727,0,0
plugin_ios_activity_recognition,"[""automotive""]",1,2,0,aff93315-4e74-41b2-84a7-f597e1c55207,64BY,,0,0,1602710120729,0,0
plugin_ios_activity_recognition,"[""automotive""]",1,2,0,aff93315-4e74-41b2-84a7-f597e1c55207,64BY,,0,0,1602710138732,0,0
plugin_ios_activity_recognition,"[""automotive""]",1,2,0,aff93315-4e74-41b2-84a7-f597e1c55207,64BY,,0,0,1602710161883,0,0
plugin_ios_activity_recognition,"[""automotive""]",1,2,0,aff93315-4e74-41b2-84a7-f597e1c55207,64BY,,0,0,1602710185032,0,0
plugin_ios_activity_recognition,"[""automotive""]",1,2,0,aff93315-4e74-41b2-84a7-f597e1c55207,64BY,,0,0,1602710192752,0,0
plugin_ios_activity_recognition,,0,2,0,aff93315-4e74-41b2-84a7-f597e1c55207,64BY,,0,0,1602710249341,0,0
plugin_ios_activity_recognition,"[""automotive""]",1,2,0,aff93315-4e74-41b2-84a7-f597e1c55207,64BY,,0,0,1602710269922,0,0
plugin_ios_activity_recognition,,0,2,0,aff93315-4e74-41b2-84a7-f597e1c55207,64BY,,0,0,1602710277637,0,0
plugin_ios_activity_recognition,"[""walking""]",0,1,0,aff93315-4e74-41b2-84a7-f597e1c55207,64BY,,0,0,1602710290499,0,1
plugin_ios_activity_recognition,"[""automotive""]",1,2,0,aff93315-4e74-41b2-84a7-f597e1c55207,64BY,,0,0,1602710298215,0,0
plugin_ios_activity_recognition,"[""automotive""]",1,2,0,aff93315-4e74-41b2-84a7-f597e1c55207,64BY,,0,0,1602710298796,0,0
plugin_ios_activity_recognition,"[""automotive""]",1,2,0,aff93315-4e74-41b2-84a7-f597e1c55207,64BY,,0,0,1602710318796,0,0
plugin_ios_activity_recognition,"[""stationary"",""automotive""]",1,2,0,aff93315-4e74-41b2-84a7-f597e1c55207,64BY,,0,1,1602710366691,0,0
plugin_ios_activity_recognition,"[""automotive""]",1,2,0,aff93315-4e74-41b2-84a7-f597e1c55207,64BY,,0,0,1602710385280,0,0
plugin_ios_activity_recognition,"[""stationary"",""automotive""]",1,2,0,aff93315-4e74-41b2-84a7-f597e1c55207,64BY,,0,1,1602710409711,0,0
plugin_ios_activity_recognition,"[""automotive""]",1,2,0,aff93315-4e74-41b2-84a7-f597e1c55207,64BY,,0,0,1602710432172,0,0
plugin_ios_activity_recognition,"[""automotive""]",1,2,0,aff93315-4e74-41b2-84a7-f597e1c55207,64BY,,0,0,1602710478724,0,0
plugin_ios_activity_recognition,"[""stationary"",""automotive""]",1,2,0,aff93315-4e74-41b2-84a7-f597e1c55207,64BY,,0,1,1602710571070,0,0
plugin_ios_activity_recognition,"[""automotive""]",1,2,0,aff93315-4e74-41b2-84a7-f597e1c55207,64BY,,0,0,1602710576215,0,0
plugin_ios_activity_recognition,"[""automotive""]",1,2,0,aff93315-4e74-41b2-84a7-f597e1c55207,64BY,,0,0,1602710658816,0,0
plugin_ios_activity_recognition,"[""stationary"",""automotive""]",1,2,0,aff93315-4e74-41b2-84a7-f597e1c55207,64BY,,0,1,1602710731833,0,0
plugin_ios_activity_recognition,"[""automotive""]",1,2,0,aff93315-4e74-41b2-84a7-f597e1c55207,64BY,,0,0,1602710739871,0,0
plugin_ios_activity_recognition,"[""automotive""]",1,2,0,aff93315-4e74-41b2-84a7-f597e1c55207,64BY,,0,0,1602710838731,0,0
plugin_ios_activity_recognition,"[""stationary"",""automotive""]",1,2,0,aff93315-4e74-41b2-84a7-f597e1c55207,64BY,,0,1,1602710867212,0,0
plugin_ios_activity_recognition,"[""automotive""]",1,2,0,aff93315-4e74-41b2-84a7-f597e1c55207,64BY,,0,0,1602710868177,0,0
plugin_ios_activity_recognition,"[""stationary"",""automotive""]",1,2,0,aff93315-4e74-41b2-84a7-f597e1c55207,64BY,,0,1,1602710919949,0,0
plugin_ios_activity_recognition,"[""automotive""]",1,2,0,aff93315-4e74-41b2-84a7-f597e1c55207,64BY,,0,0,1602710923791,0,0
plugin_ios_activity_recognition,"[""stationary"",""automotive""]",1,2,0,aff93315-4e74-41b2-84a7-f597e1c55207,64BY,,0,1,1602710937296,0,0
plugin_ios_activity_recognition,"[""automotive""]",1,2,0,aff93315-4e74-41b2-84a7-f597e1c55207,64BY,,0,0,1602710937617,0,0
plugin_ios_activity_recognition,"[""stationary"",""automotive""]",1,2,0,aff93315-4e74-41b2-84a7-f597e1c55207,64BY,,0,1,1602710959481,0,0
plugin_ios_activity_recognition,"[""automotive""]",1,2,0,aff93315-4e74-41b2-84a7-f597e1c55207,64BY,,0,0,1602710961736,0,0
plugin_ios_activity_recognition,"[""stationary"",""automotive""]",1,2,0,aff93315-4e74-41b2-84a7-f597e1c55207,64BY,,0,1,1602711008035,0,0
plugin_ios_activity_recognition,"[""automotive""]",1,2,0,aff93315-4e74-41b2-84a7-f597e1c55207,64BY,,0,0,1602711009317,0,0
plugin_ios_activity_recognition,"[""automotive""]",1,2,0,aff93315-4e74-41b2-84a7-f597e1c55207,64BY,,0,0,1602711018722,0,0
plugin_ios_activity_recognition,"[""stationary"",""automotive""]",1,2,0,aff93315-4e74-41b2-84a7-f597e1c55207,64BY,,0,1,1602711022178,0,0
plugin_ios_activity_recognition,"[""automotive""]",1,2,0,aff93315-4e74-41b2-84a7-f597e1c55207,64BY,,0,0,1602711025715,0,0
plugin_ios_activity_recognition,"[""stationary"",""automotive""]",1,2,0,aff93315-4e74-41b2-84a7-f597e1c55207,64BY,,0,1,1602711081983,0,0
plugin_ios_activity_recognition,"[""automotive""]",1,2,0,aff93315-4e74-41b2-84a7-f597e1c55207,64BY,,0,0,1602711085842,0,0
plugin_ios_activity_recognition,"[""stationary"",""automotive""]",1,2,0,aff93315-4e74-41b2-84a7-f597e1c55207,64BY,,0,1,1602711146939,0,0
plugin_ios_activity_recognition,"[""automotive""]",1,2,0,aff93315-4e74-41b2-84a7-f597e1c55207,64BY,,0,0,1602711163975,0,0
plugin_ios_activity_recognition,"[""stationary"",""automotive""]",1,2,0,aff93315-4e74-41b2-84a7-f597e1c55207,64BY,,0,1,1602711182623,0,0
plugin_ios_activity_recognition,"[""stationary"",""automotive""]",1,2,0,aff93315-4e74-41b2-84a7-f597e1c55207,64BY,,0,1,1602711198814,0,0
plugin_ios_activity_recognition,"[""automotive""]",1,2,0,aff93315-4e74-41b2-84a7-f597e1c55207,64BY,,0,0,1602711216704,0,0
plugin_ios_activity_recognition,"[""stationary"",""automotive""]",1,2,0,aff93315-4e74-41b2-84a7-f597e1c55207,64BY,,0,1,1602711253674,0,0
plugin_ios_activity_recognition,"[""automotive""]",1,2,0,aff93315-4e74-41b2-84a7-f597e1c55207,64BY,,0,0,1602711274525,0,0
plugin_ios_activity_recognition,"[""stationary"",""automotive""]",1,2,0,aff93315-4e74-41b2-84a7-f597e1c55207,64BY,,0,1,1602711279664,0,0
plugin_ios_activity_recognition,"[""stationary"",""automotive""]",1,2,0,aff93315-4e74-41b2-84a7-f597e1c55207,64BY,,0,1,1602711378723,0,0
plugin_ios_activity_recognition,"[""stationary""]",0,2,0,aff93315-4e74-41b2-84a7-f597e1c55207,64BY,,0,1,1602711398429,0,0
plugin_ios_activity_recognition,,0,2,0,aff93315-4e74-41b2-84a7-f597e1c55207,64BY,,0,0,1602711424133,0,0
plugin_ios_activity_recognition,"[""stationary""]",0,2,0,aff93315-4e74-41b2-84a7-f597e1c55207,64BY,,0,1,1602711428307,0,0
plugin_ios_activity_recognition,,0,2,0,aff93315-4e74-41b2-84a7-f597e1c55207,64BY,,0,0,1602711431838,0,0
plugin_ios_activity_recognition,"[""stationary""]",0,2,0,aff93315-4e74-41b2-84a7-f597e1c55207,64BY,,0,1,1602711491638,0,0
plugin_ios_activity_recognition,"[""stationary""]",0,2,0,aff93315-4e74-41b2-84a7-f597e1c55207,64BY,,0,1,1602711558727,0,0
plugin_ios_activity_recognition,,0,2,0,aff93315-4e74-41b2-84a7-f597e1c55207,64BY,,0,0,1602711582145,0,0
plugin_ios_activity_recognition,"[""walking""]",0,1,0,aff93315-4e74-41b2-84a7-f597e1c55207,64BY,,0,0,1602711586329,0,1
plugin_ios_activity_recognition,"[""walking""]",0,2,0,aff93315-4e74-41b2-84a7-f597e1c55207,64BY,,0,0,1602711594058,0,1
plugin_ios_activity_recognition,"[""stationary""]",0,2,0,aff93315-4e74-41b2-84a7-f597e1c55207,64BY,,0,1,1602711604970,0,0
plugin_ios_activity_recognition,"[""stationary""]",0,2,0,aff93315-4e74-41b2-84a7-f597e1c55207,64BY,,0,1,1602711738889,0,0
plugin_ios_activity_recognition,,0,2,0,aff93315-4e74-41b2-84a7-f597e1c55207,64BY,,0,0,1602711885078,0,0
plugin_ios_activity_recognition,"[""walking""]",0,1,0,aff93315-4e74-41b2-84a7-f597e1c55207,64BY,,0,0,1602711889581,0,1
plugin_ios_activity_recognition,"[""walking""]",0,2,0,aff93315-4e74-41b2-84a7-f597e1c55207,64BY,,0,0,1602711893432,0,1
plugin_ios_activity_recognition,"[""walking""]",0,2,0,aff93315-4e74-41b2-84a7-f597e1c55207,64BY,,0,0,1602711918820,0,1
plugin_ios_activity_recognition,"[""stationary""]",0,2,0,aff93315-4e74-41b2-84a7-f597e1c55207,64BY,,0,1,1602711929440,0,0
plugin_ios_activity_recognition,,0,2,0,aff93315-4e74-41b2-84a7-f597e1c55207,64BY,,0,0,1602711975352,0,0
plugin_ios_activity_recognition,"[""stationary""]",0,2,0,aff93315-4e74-41b2-84a7-f597e1c55207,64BY,,0,1,1602711985628,0,0
plugin_ios_activity_recognition,,0,2,0,aff93315-4e74-41b2-84a7-f597e1c55207,64BY,,0,0,1602712027575,0,0
plugin_ios_activity_recognition,"[""walking""]",0,1,0,aff93315-4e74-41b2-84a7-f597e1c55207,64BY,,0,0,1602712030794,0,1
plugin_ios_activity_recognition,"[""walking""]",0,2,0,aff93315-4e74-41b2-84a7-f597e1c55207,64BY,,0,0,1602712043656,0,1
plugin_ios_activity_recognition,"[""stationary""]",0,2,0,aff93315-4e74-41b2-84a7-f597e1c55207,64BY,,0,1,1602712058118,0,0
plugin_ios_activity_recognition,"[""walking""]",0,2,0,aff93315-4e74-41b2-84a7-f597e1c55207,64BY,,0,0,1602712073851,0,1
plugin_ios_activity_recognition,"[""stationary""]",0,2,0,aff93315-4e74-41b2-84a7-f597e1c55207,64BY,,0,1,1602712080276,0,0
plugin_ios_activity_recognition,,0,2,0,aff93315-4e74-41b2-84a7-f597e1c55207,64BY,,0,0,1602712158474,0,0
plugin_ios_activity_recognition,"[""stationary""]",0,2,0,aff93315-4e74-41b2-84a7-f597e1c55207,64BY,,0,1,1602712202803,0,0
plugin_ios_activity_recognition,,0,2,0,aff93315-4e74-41b2-84a7-f597e1c55207,64BY,,0,0,1602712354733,0,0
plugin_ios_activity_recognition,"[""stationary""]",0,2,0,aff93315-4e74-41b2-84a7-f597e1c55207,64BY,,0,1,1602712361154,0,0
plugin_ios_activity_recognition,,0,2,0,aff93315-4e74-41b2-84a7-f597e1c55207,64BY,,0,0,1602712380393,0,0
plugin_ios_activity_recognition,"[""stationary""]",0,2,0,aff93315-4e74-41b2-84a7-f597e1c55207,64BY,,0,1,1602712388421,0,0
plugin_ios_activity_recognition,"[""stationary""]",0,2,0,aff93315-4e74-41b2-84a7-f597e1c55207,64BY,supplement,0,1,1602712568421,0,0
plugin_ios_activity_recognition,,0,2,0,aff93315-4e74-41b2-84a7-f597e1c55207,64BY,,0,0,1602712630254,0,0
plugin_ios_activity_recognition,"[""stationary""]",0,2,0,aff93315-4e74-41b2-84a7-f597e1c55207,64BY,,0,1,1602712639889,0,0
plugin_ios_activity_recognition,"[""stationary""]",0,2,0,aff93315-4e74-41b2-84a7-f597e1c55207,64BY,supplement,0,1,1602712748421,0,0
plugin_ios_activity_recognition,"[""stationary""]",0,2,0,aff93315-4e74-41b2-84a7-f597e1c55207,64BY,supplement,0,1,1602712819889,0,0
plugin_ios_activity_recognition,,0,2,0,aff93315-4e74-41b2-84a7-f597e1c55207,64BY,,0,0,1602712920770,0,0
plugin_ios_activity_recognition,"[""walking""]",0,1,0,aff93315-4e74-41b2-84a7-f597e1c55207,64BY,,0,0,1602712923665,0,1
plugin_ios_activity_recognition,"[""walking""]",0,2,0,aff93315-4e74-41b2-84a7-f597e1c55207,64BY,,0,0,1602712933954,0,1
plugin_ios_activity_recognition,"[""stationary""]",0,2,0,aff93315-4e74-41b2-84a7-f597e1c55207,64BY,,0,1,1602712947775,0,0
plugin_ios_activity_recognition,"[""stationary""]",0,2,0,aff93315-4e74-41b2-84a7-f597e1c55207,64BY,supplement,0,1,1602712999889,0,0
plugin_ios_activity_recognition,,0,2,0,aff93315-4e74-41b2-84a7-f597e1c55207,64BY,,0,0,1602713045114,0,0
plugin_ios_activity_recognition,"[""walking""]",0,1,0,aff93315-4e74-41b2-84a7-f597e1c55207,64BY,,0,0,1602713049299,0,1
plugin_ios_activity_recognition,"[""stationary""]",0,2,0,aff93315-4e74-41b2-84a7-f597e1c55207,64BY,,0,1,1602713053463,0,0
plugin_ios_activity_recognition,"[""stationary""]",0,2,0,aff93315-4e74-41b2-84a7-f597e1c55207,64BY,,0,1,1602713128848,0,0
plugin_ios_activity_recognition,"[""stationary""]",0,2,0,aff93315-4e74-41b2-84a7-f597e1c55207,64BY,,0,1,1602713134465,0,0
plugin_ios_activity_recognition,,0,2,0,aff93315-4e74-41b2-84a7-f597e1c55207,64BY,,0,0,1602713138800,0,0
plugin_ios_activity_recognition,"[""stationary""]",0,2,0,aff93315-4e74-41b2-84a7-f597e1c55207,64BY,,0,1,1602713161617,0,0
plugin_ios_activity_recognition,,0,2,0,aff93315-4e74-41b2-84a7-f597e1c55207,64BY,,0,0,1602713266963,0,0
plugin_ios_activity_recognition,"[""stationary""]",0,2,0,aff93315-4e74-41b2-84a7-f597e1c55207,64BY,,0,1,1602713273071,0,0
plugin_ios_activity_recognition,"[""stationary""]",0,2,0,aff93315-4e74-41b2-84a7-f597e1c55207,64BY,,0,1,1602713314488,0,0
plugin_ios_activity_recognition,,0,2,0,aff93315-4e74-41b2-84a7-f597e1c55207,64BY,,0,0,1602713356578,0,0
plugin_ios_activity_recognition,"[""walking""]",0,1,0,aff93315-4e74-41b2-84a7-f597e1c55207,64BY,,0,0,1602713442421,0,1
plugin_ios_activity_recognition,"[""walking""]",0,2,0,aff93315-4e74-41b2-84a7-f597e1c55207,64BY,,0,0,1602713447564,0,1
plugin_ios_activity_recognition,"[""walking""]",0,2,0,aff93315-4e74-41b2-84a7-f597e1c55207,64BY,,0,0,1602713494562,0,1
plugin_ios_activity_recognition,,0,2,0,aff93315-4e74-41b2-84a7-f597e1c55207,64BY,,0,0,1602713501578,0,0
plugin_ios_activity_recognition,"[""stationary""]",0,2,0,aff93315-4e74-41b2-84a7-f597e1c55207,64BY,,0,1,1602713555590,0,0
plugin_ios_activity_recognition,,0,2,0,aff93315-4e74-41b2-84a7-f597e1c55207,64BY,,0,0,1602713571319,0,0
plugin_ios_activity_recognition,"[""walking""]",0,1,0,aff93315-4e74-41b2-84a7-f597e1c55207,64BY,,0,0,1602713576149,0,1
plugin_ios_activity_recognition,"[""walking""]",0,2,0,aff93315-4e74-41b2-84a7-f597e1c55207,64BY,,0,0,1602713581293,0,1
plugin_ios_activity_recognition,,0,2,0,aff93315-4e74-41b2-84a7-f597e1c55207,64BY,,0,0,1602713589017,0,0
plugin_ios_activity_recognition,"[""stationary""]",0,2,0,aff93315-4e74-41b2-84a7-f597e1c55207,64BY,,0,1,1602713598327,0,0
plugin_ios_activity_recognition,,0,2,0,aff93315-4e74-41b2-84a7-f597e1c55207,64BY,,0,0,1602713598970,0,0
plugin_ios_activity_recognition,"[""walking""]",0,1,0,aff93315-4e74-41b2-84a7-f597e1c55207,64BY,,0,0,1602713601869,0,1
plugin_ios_activity_recognition,"[""walking""]",0,2,0,aff93315-4e74-41b2-84a7-f597e1c55207,64BY,,0,0,1602713609584,0,1
plugin_ios_activity_recognition,"[""stationary""]",0,2,0,aff93315-4e74-41b2-84a7-f597e1c55207,64BY,,0,1,1602713618262,0,0
plugin_ios_activity_recognition,"[""walking""]",0,2,0,aff93315-4e74-41b2-84a7-f597e1c55207,64BY,,0,0,1602713629819,0,1
plugin_ios_activity_recognition,,0,2,0,aff93315-4e74-41b2-84a7-f597e1c55207,64BY,,0,0,1602713661007,0,0
plugin_ios_activity_recognition,,0,2,0,aff93315-4e74-41b2-84a7-f597e1c55207,64BY,,0,0,1602713674561,0,0
plugin_ios_activity_recognition,"[""stationary""]",0,2,0,aff93315-4e74-41b2-84a7-f597e1c55207,64BY,,0,1,1602713727880,0,0
plugin_ios_activity_recognition,,0,2,0,aff93315-4e74-41b2-84a7-f597e1c55207,64BY,,0,0,1602713784994,0,0
plugin_ios_activity_recognition,"[""stationary""]",0,2,0,aff93315-4e74-41b2-84a7-f597e1c55207,64BY,,0,1,1602713797850,0,0
plugin_ios_activity_recognition,,0,2,0,aff93315-4e74-41b2-84a7-f597e1c55207,64BY,,0,0,1602713803311,0,0
plugin_ios_activity_recognition,"[""stationary""]",0,2,0,aff93315-4e74-41b2-84a7-f597e1c55207,64BY,,0,1,1602713852494,0,0
plugin_ios_activity_recognition,"[""stationary""]",0,2,0,aff93315-4e74-41b2-84a7-f597e1c55207,64BY,,0,1,1602713854555,0,0
plugin_ios_activity_recognition,,0,2,0,aff93315-4e74-41b2-84a7-f597e1c55207,64BY,,0,0,1602713858598,0,0
plugin_ios_activity_recognition,"[""walking""]",0,1,0,aff93315-4e74-41b2-84a7-f597e1c55207,64BY,,0,0,1602713861496,0,1
plugin_ios_activity_recognition,"[""stationary""]",0,2,0,aff93315-4e74-41b2-84a7-f597e1c55207,64BY,,0,1,1602713866639,0,0
plugin_ios_activity_recognition,"[""walking""]",0,2,0,aff93315-4e74-41b2-84a7-f597e1c55207,64BY,,0,0,1602713868876,0,1
plugin_ios_activity_recognition,,0,2,0,aff93315-4e74-41b2-84a7-f597e1c55207,64BY,,0,0,1602713907780,0,0
plugin_ios_activity_recognition,"[""stationary""]",0,2,0,aff93315-4e74-41b2-84a7-f597e1c55207,64BY,,0,1,1602713926411,0,0
plugin_ios_activity_recognition,,0,2,0,aff93315-4e74-41b2-84a7-f597e1c55207,64BY,,0,0,1602713950487,0,0
plugin_ios_activity_recognition,"[""walking""]",0,1,0,aff93315-4e74-41b2-84a7-f597e1c55207,64BY,,0,0,1602713954029,0,1
plugin_ios_activity_recognition,"[""stationary""]",0,2,0,aff93315-4e74-41b2-84a7-f597e1c55207,64BY,,0,1,1602713958198,0,0
plugin_ios_activity_recognition,"[""walking""]",0,2,0,aff93315-4e74-41b2-84a7-f597e1c55207,64BY,,0,0,1602713972022,0,1
plugin_ios_activity_recognition,"[""stationary""]",0,2,0,aff93315-4e74-41b2-84a7-f597e1c55207,64BY,,0,1,1602714008026,0,0
plugin_ios_activity_recognition,,0,2,0,aff93315-4e74-41b2-84a7-f597e1c55207,64BY,,0,0,1602714032437,0,0
plugin_ios_activity_recognition,,0,2,0,aff93315-4e74-41b2-84a7-f597e1c55207,64BY,,0,0,1602714035104,0,0
plugin_ios_activity_recognition,"[""walking""]",0,1,0,aff93315-4e74-41b2-84a7-f597e1c55207,64BY,,0,0,1602714036298,0,1
plugin_ios_activity_recognition,"[""walking""]",0,2,0,aff93315-4e74-41b2-84a7-f597e1c55207,64BY,,0,0,1602714039185,0,1
plugin_ios_activity_recognition,,0,2,0,aff93315-4e74-41b2-84a7-f597e1c55207,64BY,,0,0,1602714041443,0,0
plugin_ios_activity_recognition,"[""stationary""]",0,2,0,aff93315-4e74-41b2-84a7-f597e1c55207,64BY,,0,1,1602714064591,0,0
plugin_ios_activity_recognition,,0,2,0,aff93315-4e74-41b2-84a7-f597e1c55207,64BY,,0,0,1602714066516,0,0
plugin_ios_activity_recognition,"[""stationary""]",0,2,0,aff93315-4e74-41b2-84a7-f597e1c55207,64BY,,0,1,1602714079378,0,0
plugin_ios_activity_recognition,,0,2,0,aff93315-4e74-41b2-84a7-f597e1c55207,64BY,,0,0,1602714084524,0,0
plugin_ios_activity_recognition,"[""stationary""]",0,2,0,aff93315-4e74-41b2-84a7-f597e1c55207,64BY,,0,1,1602714110560,0,0
plugin_ios_activity_recognition,,0,2,0,aff93315-4e74-41b2-84a7-f597e1c55207,64BY,,0,0,1602714118276,0,0
plugin_ios_activity_recognition,"[""walking""]",0,1,0,aff93315-4e74-41b2-84a7-f597e1c55207,64BY,,0,0,1602714121172,0,1
plugin_ios_activity_recognition,"[""walking""]",0,2,0,aff93315-4e74-41b2-84a7-f597e1c55207,64BY,,0,0,1602714128890,0,1
plugin_ios_activity_recognition,,0,2,0,aff93315-4e74-41b2-84a7-f597e1c55207,64BY,,0,0,1602714180970,0,0
plugin_ios_activity_recognition,"[""stationary""]",0,2,0,aff93315-4e74-41b2-84a7-f597e1c55207,64BY,,0,1,1602714189964,0,0
plugin_ios_activity_recognition,,0,2,0,aff93315-4e74-41b2-84a7-f597e1c55207,64BY,,0,0,1602714200558,0,0
plugin_ios_activity_recognition,"[""stationary""]",0,2,0,aff93315-4e74-41b2-84a7-f597e1c55207,64BY,,0,1,1602714207310,0,0
plugin_ios_activity_recognition,,0,2,0,aff93315-4e74-41b2-84a7-f597e1c55207,64BY,,0,0,1602714209239,0,0
plugin_ios_activity_recognition,"[""walking""]",0,1,0,aff93315-4e74-41b2-84a7-f597e1c55207,64BY,,0,0,1602714213745,0,1
plugin_ios_activity_recognition,"[""walking""]",0,1,0,aff93315-4e74-41b2-84a7-f597e1c55207,64BY,,0,0,1602714214562,0,1
plugin_ios_activity_recognition,"[""walking""]",0,2,0,aff93315-4e74-41b2-84a7-f597e1c55207,64BY,,0,0,1602714220168,0,1
plugin_ios_activity_recognition,,0,2,0,aff93315-4e74-41b2-84a7-f597e1c55207,64BY,,0,0,1602714257471,0,0
plugin_ios_activity_recognition,"[""stationary""]",0,2,0,aff93315-4e74-41b2-84a7-f597e1c55207,64BY,,0,1,1602714304723,0,0
plugin_ios_activity_recognition,,0,2,0,aff93315-4e74-41b2-84a7-f597e1c55207,64BY,,0,0,1602714310510,0,0
plugin_ios_activity_recognition,"[""stationary""]",0,2,0,aff93315-4e74-41b2-84a7-f597e1c55207,64BY,,0,1,1602714314685,0,0
plugin_ios_activity_recognition,,0,2,0,aff93315-4e74-41b2-84a7-f597e1c55207,64BY,,0,0,1602714339357,0,0
plugin_ios_activity_recognition,"[""stationary""]",0,2,0,aff93315-4e74-41b2-84a7-f597e1c55207,64BY,,0,1,1602714343210,0,0
plugin_ios_activity_recognition,,0,2,0,aff93315-4e74-41b2-84a7-f597e1c55207,64BY,,0,0,1602714353484,0,0
plugin_ios_activity_recognition,"[""stationary""]",0,2,0,aff93315-4e74-41b2-84a7-f597e1c55207,64BY,,0,1,1602714370192,0,0
plugin_ios_activity_recognition,"[""stationary""]",0,2,0,aff93315-4e74-41b2-84a7-f597e1c55207,64BY,,0,1,1602714394480,0,0
plugin_ios_activity_recognition,,0,2,0,aff93315-4e74-41b2-84a7-f597e1c55207,64BY,,0,0,1602714403157,0,0
plugin_ios_activity_recognition,"[""stationary""]",0,2,0,aff93315-4e74-41b2-84a7-f597e1c55207,64BY,,0,1,1602714411522,0,0
plugin_ios_activity_recognition,,0,2,0,aff93315-4e74-41b2-84a7-f597e1c55207,64BY,,0,0,1602714423402,0,0
plugin_ios_activity_recognition,"[""walking""]",0,1,0,aff93315-4e74-41b2-84a7-f597e1c55207,64BY,,0,0,1602714426945,0,1
plugin_ios_activity_recognition,"[""stationary""]",0,2,0,aff93315-4e74-41b2-84a7-f597e1c55207,64BY,,0,1,1602714431119,0,0
plugin_ios_activity_recognition,"[""walking""]",0,2,0,aff93315-4e74-41b2-84a7-f597e1c55207,64BY,,0,0,1602714466119,0,1
plugin_ios_activity_recognition,"[""stationary""]",0,2,0,aff93315-4e74-41b2-84a7-f597e1c55207,64BY,,0,1,1602714479292,0,0
plugin_ios_activity_recognition,,0,2,0,aff93315-4e74-41b2-84a7-f597e1c55207,64BY,,0,0,1602714486675,0,0
plugin_ios_activity_recognition,"[""stationary""]",0,2,0,aff93315-4e74-41b2-84a7-f597e1c55207,64BY,,0,1,1602714493100,0,0
plugin_ios_activity_recognition,,0,2,0,aff93315-4e74-41b2-84a7-f597e1c55207,64BY,,0,0,1602714513017,0,0
plugin_ios_activity_recognition,"[""walking""]",0,1,0,aff93315-4e74-41b2-84a7-f597e1c55207,64BY,,0,0,1602714516883,0,1
plugin_ios_activity_recognition,"[""walking""]",0,2,0,aff93315-4e74-41b2-84a7-f597e1c55207,64BY,,0,0,1602714532309,0,1
plugin_ios_activity_recognition,"[""walking""]",0,2,0,aff93315-4e74-41b2-84a7-f597e1c55207,64BY,,0,0,1602714574467,0,1
plugin_ios_activity_recognition,"[""stationary""]",0,2,0,aff93315-4e74-41b2-84a7-f597e1c55207,64BY,,0,1,1602714599485,0,0
plugin_ios_activity_recognition,"[""walking""]",0,2,0,aff93315-4e74-41b2-84a7-f597e1c55207,64BY,,0,0,1602714602699,0,1
plugin_ios_activity_recognition,,0,2,0,aff93315-4e74-41b2-84a7-f597e1c55207,64BY,,0,0,1602714627457,0,0
plugin_ios_activity_recognition,,0,2,0,aff93315-4e74-41b2-84a7-f597e1c55207,64BY,,0,0,1602714754480,0,0
plugin_ios_activity_recognition,"[""automotive""]",1,2,0,aff93315-4e74-41b2-84a7-f597e1c55207,64BY,,0,0,1602714769537,0,0
plugin_ios_activity_recognition,"[""automotive""]",1,2,0,aff93315-4e74-41b2-84a7-f597e1c55207,64BY,,0,0,1602714797188,0,0
plugin_ios_activity_recognition,"[""automotive""]",1,2,0,aff93315-4e74-41b2-84a7-f597e1c55207,64BY,,0,0,1602714846056,0,0
plugin_ios_activity_recognition,"[""automotive""]",1,2,0,aff93315-4e74-41b2-84a7-f597e1c55207,64BY,,0,0,1602714861488,0,0
plugin_ios_activity_recognition,"[""automotive""]",1,2,0,aff93315-4e74-41b2-84a7-f597e1c55207,64BY,,0,0,1602714864375,0,0
plugin_ios_activity_recognition,"[""automotive""]",1,2,0,aff93315-4e74-41b2-84a7-f597e1c55207,64BY,,0,0,1602714907779,0,0
plugin_ios_activity_recognition,,0,2,0,aff93315-4e74-41b2-84a7-f597e1c55207,64BY,,0,0,1602714910351,0,0
plugin_ios_activity_recognition,"[""automotive""]",1,2,0,aff93315-4e74-41b2-84a7-f597e1c55207,64BY,,0,0,1602714928354,0,0
plugin_ios_activity_recognition,"[""automotive""]",1,2,0,aff93315-4e74-41b2-84a7-f597e1c55207,64BY,,0,0,1602714934681,0,0
plugin_ios_activity_recognition,,0,2,0,aff93315-4e74-41b2-84a7-f597e1c55207,64BY,,0,0,1602714959217,0,0
plugin_ios_activity_recognition,"[""automotive""]",1,2,0,aff93315-4e74-41b2-84a7-f597e1c55207,64BY,,0,0,1602715008084,0,0
plugin_ios_activity_recognition,"[""stationary"",""automotive""]",1,2,0,aff93315-4e74-41b2-84a7-f597e1c55207,64BY,,0,1,1602715046660,0,0
plugin_ios_activity_recognition,"[""automotive""]",1,2,0,aff93315-4e74-41b2-84a7-f597e1c55207,64BY,,0,0,1602715049871,0,0
plugin_ios_activity_recognition,,0,2,0,aff93315-4e74-41b2-84a7-f597e1c55207,64BY,,0,0,1602715051804,0,0
plugin_ios_activity_recognition,"[""stationary""]",0,2,0,aff93315-4e74-41b2-84a7-f597e1c55207,64BY,,0,1,1602715055337,0,0
plugin_ios_activity_recognition,,0,2,0,aff93315-4e74-41b2-84a7-f597e1c55207,64BY,,0,0,1602715060802,0,0
plugin_ios_activity_recognition,,0,2,0,aff93315-4e74-41b2-84a7-f597e1c55207,64BY,,0,0,1602715114467,0,0
plugin_ios_activity_recognition,"[""automotive""]",1,2,0,aff93315-4e74-41b2-84a7-f597e1c55207,64BY,,0,0,1602715146970,0,0
plugin_ios_activity_recognition,"[""automotive""]",1,2,0,aff93315-4e74-41b2-84a7-f597e1c55207,64BY,,0,0,1602715182978,0,0
plugin_ios_activity_recognition,"[""automotive""]",1,2,0,aff93315-4e74-41b2-84a7-f597e1c55207,64BY,,0,0,1602715224129,0,0
plugin_ios_activity_recognition,"[""automotive""]",1,2,0,aff93315-4e74-41b2-84a7-f597e1c55207,64BY,,0,0,1602715247278,0,0
plugin_ios_activity_recognition,"[""automotive""]",1,2,0,aff93315-4e74-41b2-84a7-f597e1c55207,64BY,,0,0,1602715294509,0,0
plugin_ios_activity_recognition,"[""automotive""]",1,2,0,aff93315-4e74-41b2-84a7-f597e1c55207,64BY,,0,0,1602715301292,0,0
plugin_ios_activity_recognition,"[""automotive""]",1,2,0,aff93315-4e74-41b2-84a7-f597e1c55207,64BY,,0,0,1602715319296,0,0
plugin_ios_activity_recognition,"[""automotive""]",1,2,0,aff93315-4e74-41b2-84a7-f597e1c55207,64BY,,0,0,1602715383597,0,0
plugin_ios_activity_recognition,"[""automotive""]",1,2,0,aff93315-4e74-41b2-84a7-f597e1c55207,64BY,,0,0,1602715417038,0,0
plugin_ios_activity_recognition,"[""automotive""]",1,2,0,aff93315-4e74-41b2-84a7-f597e1c55207,64BY,,0,0,1602715474465,0,0
plugin_ios_activity_recognition,,0,2,0,aff93315-4e74-41b2-84a7-f597e1c55207,64BY,,0,0,1602715492266,0,0
plugin_ios_activity_recognition,"[""automotive""]",1,2,0,aff93315-4e74-41b2-84a7-f597e1c55207,64BY,,0,0,1602715525064,0,0
plugin_ios_activity_recognition,"[""automotive""]",1,2,0,aff93315-4e74-41b2-84a7-f597e1c55207,64BY,,0,0,1602715566216,0,0
plugin_ios_activity_recognition,"[""automotive""]",1,2,0,aff93315-4e74-41b2-84a7-f597e1c55207,64BY,,0,0,1602715604800,0,0
plugin_ios_activity_recognition,"[""automotive""]",1,2,0,aff93315-4e74-41b2-84a7-f597e1c55207,64BY,,0,0,1602715609944,0,0
plugin_ios_activity_recognition,"[""automotive""]",1,2,0,aff93315-4e74-41b2-84a7-f597e1c55207,64BY,,0,0,1602715630835,0,0
plugin_ios_activity_recognition,"[""automotive""]",1,2,0,aff93315-4e74-41b2-84a7-f597e1c55207,64BY,,0,0,1602715654560,0,0
plugin_ios_activity_recognition,"[""automotive""]",1,2,0,aff93315-4e74-41b2-84a7-f597e1c55207,64BY,,0,0,1602715656237,0,0
plugin_ios_activity_recognition,"[""automotive""]",1,2,0,aff93315-4e74-41b2-84a7-f597e1c55207,64BY,,0,0,1602715669097,0,0
plugin_ios_activity_recognition,"[""automotive""]",1,2,0,aff93315-4e74-41b2-84a7-f597e1c55207,64BY,,0,0,1602715671671,0,0
plugin_ios_activity_recognition,"[""automotive""]",1,2,0,aff93315-4e74-41b2-84a7-f597e1c55207,64BY,,0,0,1602715694817,0,0
plugin_ios_activity_recognition,"[""automotive""]",1,2,0,aff93315-4e74-41b2-84a7-f597e1c55207,64BY,,0,0,1602715705106,0,0
plugin_ios_activity_recognition,"[""automotive""]",1,2,0,aff93315-4e74-41b2-84a7-f597e1c55207,64BY,,0,0,1602715723112,0,0
plugin_ios_activity_recognition,"[""automotive""]",1,2,0,aff93315-4e74-41b2-84a7-f597e1c55207,64BY,,0,0,1602715728256,0,0
plugin_ios_activity_recognition,"[""automotive""]",1,2,0,aff93315-4e74-41b2-84a7-f597e1c55207,64BY,,0,0,1602715741118,0,0
plugin_ios_activity_recognition,"[""automotive""]",1,2,0,aff93315-4e74-41b2-84a7-f597e1c55207,64BY,,0,0,1602715751408,0,0
plugin_ios_activity_recognition,"[""automotive""]",1,2,0,aff93315-4e74-41b2-84a7-f597e1c55207,64BY,,0,0,1602715792564,0,0
plugin_ios_activity_recognition,"[""automotive""]",1,2,0,aff93315-4e74-41b2-84a7-f597e1c55207,64BY,,0,0,1602715802851,0,0
plugin_ios_activity_recognition,"[""automotive""]",1,2,0,aff93315-4e74-41b2-84a7-f597e1c55207,64BY,,0,0,1602715815712,0,0
plugin_ios_activity_recognition,"[""automotive""]",1,2,0,aff93315-4e74-41b2-84a7-f597e1c55207,64BY,,0,0,1602715823430,0,0
plugin_ios_activity_recognition,"[""automotive""]",1,2,0,aff93315-4e74-41b2-84a7-f597e1c55207,64BY,,0,0,1602715834745,0,0
plugin_ios_activity_recognition,"[""automotive""]",1,2,0,aff93315-4e74-41b2-84a7-f597e1c55207,64BY,,0,0,1602715867157,0,0
plugin_ios_activity_recognition,"[""automotive""]",1,2,0,aff93315-4e74-41b2-84a7-f597e1c55207,64BY,,0,0,1602715877446,0,0
plugin_ios_activity_recognition,"[""automotive""]",1,2,0,aff93315-4e74-41b2-84a7-f597e1c55207,64BY,,0,0,1602715980328,0,0
plugin_ios_activity_recognition,"[""automotive""]",1,2,0,aff93315-4e74-41b2-84a7-f597e1c55207,64BY,,0,0,1602716013766,0,0
plugin_ios_activity_recognition,"[""automotive""]",1,2,0,aff93315-4e74-41b2-84a7-f597e1c55207,64BY,,0,0,1602716014510,0,0
plugin_ios_activity_recognition,"[""automotive""]",1,2,0,aff93315-4e74-41b2-84a7-f597e1c55207,64BY,,0,0,1602716126937,0,0
plugin_ios_activity_recognition,"[""automotive""]",1,2,0,aff93315-4e74-41b2-84a7-f597e1c55207,64BY,,0,0,1602716142368,0,0
plugin_ios_activity_recognition,"[""automotive""]",1,2,0,aff93315-4e74-41b2-84a7-f597e1c55207,64BY,,0,0,1602716194524,0,0
plugin_ios_activity_recognition,"[""automotive""]",1,2,0,aff93315-4e74-41b2-84a7-f597e1c55207,64BY,,0,0,1602716209243,0,0
plugin_ios_activity_recognition,"[""automotive""]",1,2,0,aff93315-4e74-41b2-84a7-f597e1c55207,64BY,,0,0,1602716234964,0,0
plugin_ios_activity_recognition,"[""automotive""]",1,2,0,aff93315-4e74-41b2-84a7-f597e1c55207,64BY,,0,0,1602716288977,0,0
plugin_ios_activity_recognition,"[""automotive""]",1,2,0,aff93315-4e74-41b2-84a7-f597e1c55207,64BY,,0,0,1602716335277,0,0
plugin_ios_activity_recognition,"[""automotive""]",1,2,0,aff93315-4e74-41b2-84a7-f597e1c55207,64BY,,0,0,1602716363569,0,0
plugin_ios_activity_recognition,"[""automotive""]",1,2,0,aff93315-4e74-41b2-84a7-f597e1c55207,64BY,,0,0,1602716374470,0,0
plugin_ios_activity_recognition,,0,2,0,aff93315-4e74-41b2-84a7-f597e1c55207,64BY,,0,0,1602716381574,0,0
plugin_ios_activity_recognition,"[""walking""]",0,2,0,aff93315-4e74-41b2-84a7-f597e1c55207,64BY,,0,0,1602716384146,0,1
plugin_ios_activity_recognition,,0,2,0,aff93315-4e74-41b2-84a7-f597e1c55207,64BY,,0,0,1602716494744,0,0
plugin_ios_activity_recognition,"[""walking""]",0,1,0,aff93315-4e74-41b2-84a7-f597e1c55207,64BY,,0,0,1602716499888,0,1
plugin_ios_activity_recognition,"[""stationary""]",0,2,0,aff93315-4e74-41b2-84a7-f597e1c55207,64BY,,0,1,1602716527847,0,0
plugin_ios_activity_recognition,"[""walking""]",0,2,0,aff93315-4e74-41b2-84a7-f597e1c55207,64BY,,0,0,1602716554170,0,1
plugin_ios_activity_recognition,"[""walking""]",0,2,0,aff93315-4e74-41b2-84a7-f597e1c55207,64BY,,0,0,1602716554471,0,1
plugin_ios_activity_recognition,,0,2,0,aff93315-4e74-41b2-84a7-f597e1c55207,64BY,,0,0,1602716602717,0,0
plugin_ios_activity_recognition,,0,2,0,aff93315-4e74-41b2-84a7-f597e1c55207,64BY,,0,0,1602716734900,0,0
plugin_ios_activity_recognition,"[""stationary""]",0,2,0,aff93315-4e74-41b2-84a7-f597e1c55207,64BY,,0,1,1602716865359,0,0
plugin_ios_activity_recognition,,0,2,0,aff93315-4e74-41b2-84a7-f597e1c55207,64BY,,0,0,1602716867283,0,0
plugin_ios_activity_recognition,,0,2,0,aff93315-4e74-41b2-84a7-f597e1c55207,64BY,,0,0,1602716914552,0,0
plugin_ios_activity_recognition,"[""walking""]",0,1,0,aff93315-4e74-41b2-84a7-f597e1c55207,64BY,,0,0,1602716939609,0,1
plugin_ios_activity_recognition,"[""walking""]",0,2,0,aff93315-4e74-41b2-84a7-f597e1c55207,64BY,,0,0,1602716942181,0,1
plugin_ios_activity_recognition,"[""running""]",0,2,0,aff93315-4e74-41b2-84a7-f597e1c55207,64BY,,1,0,1602717006478,0,0
plugin_ios_activity_recognition,"[""walking""]",0,1,0,aff93315-4e74-41b2-84a7-f597e1c55207,64BY,,0,0,1602717009050,0,1
plugin_ios_activity_recognition,"[""walking""]",0,2,0,aff93315-4e74-41b2-84a7-f597e1c55207,64BY,,0,0,1602717017080,0,1
plugin_ios_activity_recognition,,0,2,0,aff93315-4e74-41b2-84a7-f597e1c55207,64BY,,0,0,1602717068188,0,0
plugin_ios_activity_recognition,,0,2,0,aff93315-4e74-41b2-84a7-f597e1c55207,64BY,,0,0,1602717094534,0,0
plugin_ios_activity_recognition,"[""stationary""]",0,2,0,aff93315-4e74-41b2-84a7-f597e1c55207,64BY,,0,1,1602717153012,0,0
plugin_ios_activity_recognition,,0,2,0,aff93315-4e74-41b2-84a7-f597e1c55207,64BY,,0,0,1602717153968,0,0
plugin_ios_activity_recognition,,0,2,0,aff93315-4e74-41b2-84a7-f597e1c55207,64BY,,0,0,1602717274471,0,0
plugin_ios_activity_recognition,"[""walking""]",0,1,0,aff93315-4e74-41b2-84a7-f597e1c55207,64BY,,0,0,1602717291863,0,1
plugin_ios_activity_recognition,"[""walking""]",0,2,0,aff93315-4e74-41b2-84a7-f597e1c55207,64BY,,0,0,1602717301170,0,1
plugin_ios_activity_recognition,,0,2,0,aff93315-4e74-41b2-84a7-f597e1c55207,64BY,,0,0,1602717351626,0,0
plugin_ios_activity_recognition,"[""walking""]",0,1,0,aff93315-4e74-41b2-84a7-f597e1c55207,64BY,,0,0,1602717366411,0,1
plugin_ios_activity_recognition,"[""walking""]",0,2,0,aff93315-4e74-41b2-84a7-f597e1c55207,64BY,,0,0,1602717371556,0,1
plugin_ios_activity_recognition,"[""stationary""]",0,2,0,aff93315-4e74-41b2-84a7-f597e1c55207,64BY,,0,1,1602717394372,0,0
plugin_ios_activity_recognition,,0,2,0,aff93315-4e74-41b2-84a7-f597e1c55207,64BY,,0,0,1602717448334,0,0
plugin_ios_activity_recognition,,0,2,0,aff93315-4e74-41b2-84a7-f597e1c55207,64BY,,0,0,1602717454563,0,0
plugin_ios_activity_recognition,"[""stationary""]",0,2,0,aff93315-4e74-41b2-84a7-f597e1c55207,64BY,,0,1,1602717554431,0,0
plugin_ios_activity_recognition,,0,2,0,aff93315-4e74-41b2-84a7-f597e1c55207,64BY,,0,0,1602717555074,0,0
plugin_ios_activity_recognition,,0,2,0,aff93315-4e74-41b2-84a7-f597e1c55207,64BY,,0,0,1602717634768,0,0
plugin_ios_activity_recognition,,0,2,0,aff93315-4e74-41b2-84a7-f597e1c55207,64BY,,0,0,1602717814470,0,0
plugin_ios_activity_recognition,,0,2,0,aff93315-4e74-41b2-84a7-f597e1c55207,64BY,supplement,0,0,1602717994470,0,0
plugin_ios_activity_recognition,,0,2,0,aff93315-4e74-41b2-84a7-f597e1c55207,64BY,,0,0,1602717994542,0,0
plugin_ios_activity_recognition,"[""walking""]",0,1,0,aff93315-4e74-41b2-84a7-f597e1c55207,64BY,,0,0,1602718086526,0,1
plugin_ios_activity_recognition,"[""walking""]",0,2,0,aff93315-4e74-41b2-84a7-f597e1c55207,64BY,,0,0,1602718094242,0,1
plugin_ios_activity_recognition,"[""stationary""]",0,2,0,aff93315-4e74-41b2-84a7-f597e1c55207,64BY,,0,1,1602718099373,0,0
plugin_ios_activity_recognition,"[""walking""]",0,2,0,aff93315-4e74-41b2-84a7-f597e1c55207,64BY,,0,0,1602718103870,0,1
plugin_ios_activity_recognition,"[""stationary""]",0,2,0,aff93315-4e74-41b2-84a7-f597e1c55207,64BY,,0,1,1602718151131,0,0
plugin_ios_activity_recognition,,0,2,0,aff93315-4e74-41b2-84a7-f597e1c55207,64BY,,0,0,1602718160765,0,0
plugin_ios_activity_recognition,"[""stationary""]",0,2,0,aff93315-4e74-41b2-84a7-f597e1c55207,64BY,,0,1,1602718171043,0,0
plugin_ios_activity_recognition,,0,2,0,aff93315-4e74-41b2-84a7-f597e1c55207,64BY,,0,0,1602718171368,0,0
plugin_ios_activity_recognition,,0,2,0,aff93315-4e74-41b2-84a7-f597e1c55207,64BY,supplement,0,0,1602718174470,0,0
plugin_ios_activity_recognition,,0,2,0,aff93315-4e74-41b2-84a7-f597e1c55207,64BY,,0,0,1602718174530,0,0
plugin_ios_activity_recognition,"[""stationary""]",0,2,0,aff93315-4e74-41b2-84a7-f597e1c55207,64BY,,0,1,1602718212522,0,0
plugin_ios_activity_recognition,,0,2,0,aff93315-4e74-41b2-84a7-f597e1c55207,64BY,,0,0,1602718218627,0,0
plugin_ios_activity_recognition,,0,2,0,aff93315-4e74-41b2-84a7-f597e1c55207,64BY,,0,0,1602718354467,0,0
plugin_ios_activity_recognition,"[""stationary""]",0,2,0,aff93315-4e74-41b2-84a7-f597e1c55207,64BY,,0,1,1602718393216,0,0
plugin_ios_activity_recognition,,0,2,0,aff93315-4e74-41b2-84a7-f597e1c55207,64BY,,0,0,1602718398671,0,0
plugin_ios_activity_recognition,"[""stationary""]",0,2,0,aff93315-4e74-41b2-84a7-f597e1c55207,64BY,,0,1,1602718443039,0,0
plugin_ios_activity_recognition,,0,2,0,aff93315-4e74-41b2-84a7-f597e1c55207,64BY,,0,0,1602718444968,0,0
plugin_ios_activity_recognition,"[""walking""]",0,1,0,aff93315-4e74-41b2-84a7-f597e1c55207,64BY,,0,0,1602718449155,0,1
plugin_ios_activity_recognition,"[""walking""]",0,2,0,aff93315-4e74-41b2-84a7-f597e1c55207,64BY,,0,0,1602718469735,0,1
plugin_ios_activity_recognition,"[""stationary""]",0,2,0,aff93315-4e74-41b2-84a7-f597e1c55207,64BY,,0,1,1602718483871,0,0
plugin_ios_activity_recognition,"[""stationary""]",0,2,0,aff93315-4e74-41b2-84a7-f597e1c55207,64BY,,0,1,1602718534786,0,0
plugin_ios_activity_recognition,"[""stationary""]",0,2,0,aff93315-4e74-41b2-84a7-f597e1c55207,64BY,,0,1,1602718714470,0,0
plugin_ios_activity_recognition,"[""stationary""]",0,2,0,aff93315-4e74-41b2-84a7-f597e1c55207,64BY,supplement,0,1,1602718894470,0,0
plugin_ios_activity_recognition,"[""stationary""]",0,2,0,aff93315-4e74-41b2-84a7-f597e1c55207,64BY,,0,1,1602718894566,0,0
plugin_ios_activity_recognition,,0,2,0,aff93315-4e74-41b2-84a7-f597e1c55207,64BY,,0,0,1602718897313,0,0
plugin_ios_activity_recognition,"[""stationary""]",0,2,0,aff93315-4e74-41b2-84a7-f597e1c55207,64BY,,0,1,1602718901487,0,0
plugin_ios_activity_recognition,,0,2,0,aff93315-4e74-41b2-84a7-f597e1c55207,64BY,,0,0,1602718921335,0,0
plugin_ios_activity_recognition,"[""stationary""]",0,2,0,aff93315-4e74-41b2-84a7-f597e1c55207,64BY,,0,1,1602718928717,0,0
plugin_ios_activity_recognition,,0,2,0,aff93315-4e74-41b2-84a7-f597e1c55207,64BY,,0,0,1602718948897,0,0
plugin_ios_activity_recognition,"[""walking""]",0,1,0,aff93315-4e74-41b2-84a7-f597e1c55207,64BY,,0,0,1602718955973,0,1
plugin_ios_activity_recognition,"[""walking""]",0,2,0,aff93315-4e74-41b2-84a7-f597e1c55207,64BY,,0,0,1602718958859,0,1
plugin_ios_activity_recognition,,0,2,0,aff93315-4e74-41b2-84a7-f597e1c55207,64BY,,0,0,1602719009984,0,0
plugin_ios_activity_recognition,,0,2,0,aff93315-4e74-41b2-84a7-f597e1c55207,64BY,,0,0,1602719074466,0,0
plugin_ios_activity_recognition,"[""stationary""]",0,2,0,aff93315-4e74-41b2-84a7-f597e1c55207,64BY,supplement,0,1,1602719074470,0,0
plugin_ios_activity_recognition,"[""stationary""]",0,2,0,aff93315-4e74-41b2-84a7-f597e1c55207,64BY,,0,1,1602719076517,0,0
plugin_ios_activity_recognition,,0,2,0,aff93315-4e74-41b2-84a7-f597e1c55207,64BY,,0,0,1602719080687,0,0
plugin_ios_activity_recognition,"[""stationary""]",0,2,0,aff93315-4e74-41b2-84a7-f597e1c55207,64BY,,0,1,1602719113800,0,0
plugin_ios_activity_recognition,,0,2,0,aff93315-4e74-41b2-84a7-f597e1c55207,64BY,,0,0,1602719116362,0,0
plugin_ios_activity_recognition,"[""stationary""]",0,2,0,aff93315-4e74-41b2-84a7-f597e1c55207,64BY,,0,1,1602719177109,0,0
plugin_ios_activity_recognition,,0,2,0,aff93315-4e74-41b2-84a7-f597e1c55207,64BY,,0,0,1602719178381,0,0
plugin_ios_activity_recognition,"[""stationary""]",0,2,0,aff93315-4e74-41b2-84a7-f597e1c55207,64BY,,0,1,1602719186418,0,0
plugin_ios_activity_recognition,,0,2,0,aff93315-4e74-41b2-84a7-f597e1c55207,64BY,,0,0,1602719189302,0,0
plugin_ios_activity_recognition,"[""stationary""]",0,2,0,aff93315-4e74-41b2-84a7-f597e1c55207,64BY,,0,1,1602719206341,0,0
plugin_ios_activity_recognition,,0,2,0,aff93315-4e74-41b2-84a7-f597e1c55207,64BY,,0,0,1602719213087,0,0
plugin_ios_activity_recognition,"[""stationary""]",0,2,0,aff93315-4e74-41b2-84a7-f597e1c55207,64BY,,0,1,1602719226566,0,0
plugin_ios_activity_recognition,,0,2,0,aff93315-4e74-41b2-84a7-f597e1c55207,64BY,,0,0,1602719227851,0,0
plugin_ios_activity_recognition,,0,2,0,aff93315-4e74-41b2-84a7-f597e1c55207,64BY,,0,0,1602719254563,0,0
plugin_ios_activity_recognition,"[""stationary""]",0,2,0,aff93315-4e74-41b2-84a7-f597e1c55207,64BY,,0,1,1602719276705,0,0
plugin_ios_activity_recognition,,0,2,0,aff93315-4e74-41b2-84a7-f597e1c55207,64BY,,0,0,1602719278951,0,0
plugin_ios_activity_recognition,"[""stationary""]",0,2,0,aff93315-4e74-41b2-84a7-f597e1c55207,64BY,,0,1,1602719288576,0,0
plugin_ios_activity_recognition,,0,2,0,aff93315-4e74-41b2-84a7-f597e1c55207,64BY,,0,0,1602719302047,0,0
plugin_ios_activity_recognition,"[""stationary""]",0,2,0,aff93315-4e74-41b2-84a7-f597e1c55207,64BY,,0,1,1602719412626,0,0
plugin_ios_activity_recognition,,0,2,0,aff93315-4e74-41b2-84a7-f597e1c55207,64BY,,0,0,1602719416484,0,0
plugin_ios_activity_recognition,,0,2,0,aff93315-4e74-41b2-84a7-f597e1c55207,64BY,,0,0,1602719435194,0,0
plugin_ios_activity_recognition,,0,2,0,aff93315-4e74-41b2-84a7-f597e1c55207,64BY,,0,0,1602719614557,0,0
plugin_ios_activity_recognition,"[""stationary""]",0,2,0,aff93315-4e74-41b2-84a7-f597e1c55207,64BY,,0,1,1602719647649,0,0
plugin_ios_activity_recognition,,0,2,0,aff93315-4e74-41b2-84a7-f597e1c55207,64BY,,0,0,1602719649570,0,0
plugin_ios_activity_recognition,"[""stationary""]",0,2,0,aff93315-4e74-41b2-84a7-f597e1c55207,64BY,,0,1,1602719683626,0,0
plugin_ios_activity_recognition,,0,2,0,aff93315-4e74-41b2-84a7-f597e1c55207,64BY,,0,0,1602719684586,0,0
plugin_ios_activity_recognition,"[""stationary""]",0,2,0,aff93315-4e74-41b2-84a7-f597e1c55207,64BY,,0,1,1602719709646,0,0
plugin_ios_activity_recognition,,0,2,0,aff93315-4e74-41b2-84a7-f597e1c55207,64BY,,0,0,1602719712208,0,0
plugin_ios_activity_recognition,,0,2,0,aff93315-4e74-41b2-84a7-f597e1c55207,64BY,,0,0,1602719794559,0,0
plugin_ios_activity_recognition,"[""stationary""]",0,2,0,aff93315-4e74-41b2-84a7-f597e1c55207,64BY,,0,1,1602719909947,0,0
plugin_ios_activity_recognition,,0,2,0,aff93315-4e74-41b2-84a7-f597e1c55207,64BY,,0,0,1602719917339,0,0
plugin_ios_activity_recognition,,0,2,0,aff93315-4e74-41b2-84a7-f597e1c55207,64BY,,0,0,1602719974467,0,0
