name,activities,automotive,confidence,cycling,device_id,device_label,label,running,stationary,timestamp,unknown,walking
plugin_ios_activity_recognition,"[""walking""]",0,1,0,aff93315-4e74-41b2-84a7-f597e1c55207,64BY,,0,0,1606694558921,0,1
plugin_ios_activity_recognition,,0,2,0,aff93315-4e74-41b2-84a7-f597e1c55207,64BY,,0,0,1606694561496,0,0
plugin_ios_activity_recognition,,0,2,0,aff93315-4e74-41b2-84a7-f597e1c55207,64BY,,0,0,1606694575156,0,0
plugin_ios_activity_recognition,"[""walking""]",0,1,0,aff93315-4e74-41b2-84a7-f597e1c55207,64BY,,0,0,1606694682394,0,1
plugin_ios_activity_recognition,"[""walking""]",0,2,0,aff93315-4e74-41b2-84a7-f597e1c55207,64BY,,0,0,1606694687533,0,1
plugin_ios_activity_recognition,"[""stationary""]",0,2,0,aff93315-4e74-41b2-84a7-f597e1c55207,64BY,,0,1,1606694707783,0,0
plugin_ios_activity_recognition,"[""walking""]",0,2,0,aff93315-4e74-41b2-84a7-f597e1c55207,64BY,,0,0,1606694708108,0,1
plugin_ios_activity_recognition,,0,2,0,aff93315-4e74-41b2-84a7-f597e1c55207,64BY,,0,0,1606694738979,0,0
plugin_ios_activity_recognition,"[""walking""]",0,1,0,aff93315-4e74-41b2-84a7-f597e1c55207,64BY,,0,0,1606694746696,0,1
plugin_ios_activity_recognition,"[""walking""]",0,2,0,aff93315-4e74-41b2-84a7-f597e1c55207,64BY,,0,0,1606694749268,0,1
plugin_ios_activity_recognition,"[""walking""]",0,2,0,aff93315-4e74-41b2-84a7-f597e1c55207,64BY,,0,0,1606694755652,0,1
plugin_ios_activity_recognition,"[""stationary""]",0,2,0,aff93315-4e74-41b2-84a7-f597e1c55207,64BY,,0,1,1606694764700,0,0
plugin_ios_activity_recognition,"[""walking""]",0,2,0,aff93315-4e74-41b2-84a7-f597e1c55207,64BY,,0,0,1606694772084,0,1
plugin_ios_activity_recognition,,0,2,0,aff93315-4e74-41b2-84a7-f597e1c55207,64BY,,0,0,1606694772409,0,0
plugin_ios_activity_recognition,"[""walking""]",0,1,0,aff93315-4e74-41b2-84a7-f597e1c55207,64BY,,0,0,1606694785275,0,1
plugin_ios_activity_recognition,"[""walking""]",0,2,0,aff93315-4e74-41b2-84a7-f597e1c55207,64BY,,0,0,1606694790734,0,1
plugin_ios_activity_recognition,"[""stationary""]",0,2,0,aff93315-4e74-41b2-84a7-f597e1c55207,64BY,,0,1,1606694843140,0,0
plugin_ios_activity_recognition,,0,2,0,aff93315-4e74-41b2-84a7-f597e1c55207,64BY,,0,0,1606694852463,0,0
plugin_ios_activity_recognition,,0,2,0,aff93315-4e74-41b2-84a7-f597e1c55207,64BY,,0,0,1606694935111,0,0
plugin_ios_activity_recognition,"[""stationary""]",0,2,0,aff93315-4e74-41b2-84a7-f597e1c55207,64BY,,0,1,1606694949234,0,0
plugin_ios_activity_recognition,,0,2,0,aff93315-4e74-41b2-84a7-f597e1c55207,64BY,,0,0,1606694949556,0,0
plugin_ios_activity_recognition,,0,2,0,aff93315-4e74-41b2-84a7-f597e1c55207,64BY,,0,0,1606695115202,0,0
plugin_ios_activity_recognition,"[""walking""]",0,1,0,aff93315-4e74-41b2-84a7-f597e1c55207,64BY,,0,0,1606695122212,0,1
plugin_ios_activity_recognition,"[""walking""]",0,2,0,aff93315-4e74-41b2-84a7-f597e1c55207,64BY,,0,0,1606695124785,0,1
plugin_ios_activity_recognition,"[""stationary""]",0,2,0,aff93315-4e74-41b2-84a7-f597e1c55207,64BY,,0,1,1606695142467,0,0
plugin_ios_activity_recognition,"[""walking""]",0,2,0,aff93315-4e74-41b2-84a7-f597e1c55207,64BY,,0,0,1606695155328,0,1
plugin_ios_activity_recognition,"[""stationary""]",0,2,0,aff93315-4e74-41b2-84a7-f597e1c55207,64BY,,0,1,1606695166581,0,0
plugin_ios_activity_recognition,,0,2,0,aff93315-4e74-41b2-84a7-f597e1c55207,64BY,,0,0,1606695292734,0,0
plugin_ios_activity_recognition,,0,2,0,aff93315-4e74-41b2-84a7-f597e1c55207,64BY,,0,0,1606695295111,0,0
plugin_ios_activity_recognition,"[""walking""]",0,1,0,aff93315-4e74-41b2-84a7-f597e1c55207,64BY,,0,0,1606695299173,0,1
plugin_ios_activity_recognition,"[""walking""]",0,2,0,aff93315-4e74-41b2-84a7-f597e1c55207,64BY,,0,0,1606695301742,0,1
plugin_ios_activity_recognition,,0,2,0,aff93315-4e74-41b2-84a7-f597e1c55207,64BY,,0,0,1606695335178,0,0
plugin_ios_activity_recognition,"[""stationary""]",0,2,0,aff93315-4e74-41b2-84a7-f597e1c55207,64BY,,0,1,1606695367967,0,0
plugin_ios_activity_recognition,,0,2,0,aff93315-4e74-41b2-84a7-f597e1c55207,64BY,,0,0,1606695380802,0,0
plugin_ios_activity_recognition,"[""stationary""]",0,2,0,aff93315-4e74-41b2-84a7-f597e1c55207,64BY,,0,1,1606695387232,0,0
plugin_ios_activity_recognition,,0,2,0,aff93315-4e74-41b2-84a7-f597e1c55207,64BY,,0,0,1606695400055,0,0
plugin_ios_activity_recognition,"[""stationary""]",0,2,0,aff93315-4e74-41b2-84a7-f597e1c55207,64BY,,0,1,1606695403591,0,0
plugin_ios_activity_recognition,,0,2,0,aff93315-4e74-41b2-84a7-f597e1c55207,64BY,,0,0,1606695419632,0,0
plugin_ios_activity_recognition,"[""stationary""]",0,2,0,aff93315-4e74-41b2-84a7-f597e1c55207,64BY,,0,1,1606695437314,0,0
plugin_ios_activity_recognition,"[""stationary""]",0,2,0,aff93315-4e74-41b2-84a7-f597e1c55207,64BY,,0,1,1606695475116,0,0
plugin_ios_activity_recognition,,0,2,0,aff93315-4e74-41b2-84a7-f597e1c55207,64BY,,0,0,1606695481488,0,0
plugin_ios_activity_recognition,"[""stationary""]",0,2,0,aff93315-4e74-41b2-84a7-f597e1c55207,64BY,,0,1,1606695487593,0,0
plugin_ios_activity_recognition,,0,2,0,aff93315-4e74-41b2-84a7-f597e1c55207,64BY,,0,0,1606695495300,0,0
plugin_ios_activity_recognition,"[""stationary""]",0,2,0,aff93315-4e74-41b2-84a7-f597e1c55207,64BY,,0,1,1606695504626,0,0
plugin_ios_activity_recognition,,0,2,0,aff93315-4e74-41b2-84a7-f597e1c55207,64BY,,0,0,1606695543321,0,0
plugin_ios_activity_recognition,"[""stationary""]",0,2,0,aff93315-4e74-41b2-84a7-f597e1c55207,64BY,,0,1,1606695552966,0,0
plugin_ios_activity_recognition,,0,2,0,aff93315-4e74-41b2-84a7-f597e1c55207,64BY,,0,0,1606695600963,0,0
plugin_ios_activity_recognition,"[""stationary""]",0,2,0,aff93315-4e74-41b2-84a7-f597e1c55207,64BY,,0,1,1606695613822,0,0
plugin_ios_activity_recognition,,0,2,0,aff93315-4e74-41b2-84a7-f597e1c55207,64BY,,0,0,1606695615429,0,0
plugin_ios_activity_recognition,"[""stationary""]",0,2,0,aff93315-4e74-41b2-84a7-f597e1c55207,64BY,,0,1,1606695620894,0,0
plugin_ios_activity_recognition,,0,2,0,aff93315-4e74-41b2-84a7-f597e1c55207,64BY,,0,0,1606695631152,0,0
plugin_ios_activity_recognition,"[""stationary""]",0,2,0,aff93315-4e74-41b2-84a7-f597e1c55207,64BY,,0,1,1606695634688,0,0
plugin_ios_activity_recognition,,0,2,0,aff93315-4e74-41b2-84a7-f597e1c55207,64BY,,0,0,1606695644330,0,0
plugin_ios_activity_recognition,"[""stationary""]",0,2,0,aff93315-4e74-41b2-84a7-f597e1c55207,64BY,,0,1,1606695653010,0,0
plugin_ios_activity_recognition,"[""stationary""]",0,2,0,aff93315-4e74-41b2-84a7-f597e1c55207,64BY,,0,1,1606695655446,0,0
plugin_ios_activity_recognition,,0,2,0,aff93315-4e74-41b2-84a7-f597e1c55207,64BY,,0,0,1606695663273,0,0
plugin_ios_activity_recognition,"[""stationary""]",0,2,0,aff93315-4e74-41b2-84a7-f597e1c55207,64BY,,0,1,1606695677418,0,0
plugin_ios_activity_recognition,,0,2,0,aff93315-4e74-41b2-84a7-f597e1c55207,64BY,,0,0,1606695692478,0,0
plugin_ios_activity_recognition,"[""stationary""]",0,2,0,aff93315-4e74-41b2-84a7-f597e1c55207,64BY,,0,1,1606695696658,0,0
plugin_ios_activity_recognition,,0,2,0,aff93315-4e74-41b2-84a7-f597e1c55207,64BY,,0,0,1606695698908,0,0
plugin_ios_activity_recognition,"[""stationary""]",0,2,0,aff93315-4e74-41b2-84a7-f597e1c55207,64BY,,0,1,1606695705338,0,0
plugin_ios_activity_recognition,,0,2,0,aff93315-4e74-41b2-84a7-f597e1c55207,64BY,,0,0,1606695720447,0,0
plugin_ios_activity_recognition,"[""stationary""]",0,2,0,aff93315-4e74-41b2-84a7-f597e1c55207,64BY,,0,1,1606695730417,0,0
plugin_ios_activity_recognition,,0,2,0,aff93315-4e74-41b2-84a7-f597e1c55207,64BY,,0,0,1606695731056,0,0
plugin_ios_activity_recognition,"[""stationary""]",0,2,0,aff93315-4e74-41b2-84a7-f597e1c55207,64BY,,0,1,1606695735878,0,0
plugin_ios_activity_recognition,,0,2,0,aff93315-4e74-41b2-84a7-f597e1c55207,64BY,,0,0,1606695743267,0,0
plugin_ios_activity_recognition,"[""stationary""]",0,2,0,aff93315-4e74-41b2-84a7-f597e1c55207,64BY,,0,1,1606695758373,0,0
plugin_ios_activity_recognition,,0,2,0,aff93315-4e74-41b2-84a7-f597e1c55207,64BY,,0,0,1606695758701,0,0
plugin_ios_activity_recognition,,0,2,0,aff93315-4e74-41b2-84a7-f597e1c55207,64BY,,0,0,1606695835111,0,0
plugin_ios_activity_recognition,,0,2,0,aff93315-4e74-41b2-84a7-f597e1c55207,64BY,supplement,0,0,1606696015111,0,0
plugin_ios_activity_recognition,,0,2,0,aff93315-4e74-41b2-84a7-f597e1c55207,64BY,,0,0,1606696015161,0,0
plugin_ios_activity_recognition,"[""stationary""]",0,2,0,aff93315-4e74-41b2-84a7-f597e1c55207,64BY,,0,1,1606696056752,0,0
plugin_ios_activity_recognition,,0,2,0,aff93315-4e74-41b2-84a7-f597e1c55207,64BY,,0,0,1606696057717,0,0
plugin_ios_activity_recognition,"[""stationary""]",0,2,0,aff93315-4e74-41b2-84a7-f597e1c55207,64BY,,0,1,1606696075399,0,0
plugin_ios_activity_recognition,,0,2,0,aff93315-4e74-41b2-84a7-f597e1c55207,64BY,,0,0,1606696076041,0,0
plugin_ios_activity_recognition,"[""stationary""]",0,2,0,aff93315-4e74-41b2-84a7-f597e1c55207,64BY,,0,1,1606696099513,0,0
plugin_ios_activity_recognition,,0,2,0,aff93315-4e74-41b2-84a7-f597e1c55207,64BY,,0,0,1606696104336,0,0
plugin_ios_activity_recognition,,0,2,0,aff93315-4e74-41b2-84a7-f597e1c55207,64BY,supplement,0,0,1606696195111,0,0
plugin_ios_activity_recognition,,0,2,0,aff93315-4e74-41b2-84a7-f597e1c55207,64BY,,0,0,1606696195207,0,0
plugin_ios_activity_recognition,,0,2,0,aff93315-4e74-41b2-84a7-f597e1c55207,64BY,,0,0,1606696375166,0,0
plugin_ios_activity_recognition,"[""stationary""]",0,2,0,aff93315-4e74-41b2-84a7-f597e1c55207,64BY,,0,1,1606696424263,0,0
plugin_ios_activity_recognition,,0,2,0,aff93315-4e74-41b2-84a7-f597e1c55207,64BY,,0,0,1606696428443,0,0
plugin_ios_activity_recognition,"[""stationary""]",0,2,0,aff93315-4e74-41b2-84a7-f597e1c55207,64BY,,0,1,1606696432626,0,0
plugin_ios_activity_recognition,,0,2,0,aff93315-4e74-41b2-84a7-f597e1c55207,64BY,,0,0,1606696436803,0,0
plugin_ios_activity_recognition,"[""stationary""]",0,2,0,aff93315-4e74-41b2-84a7-f597e1c55207,64BY,,0,1,1606696452558,0,0
plugin_ios_activity_recognition,,0,2,0,aff93315-4e74-41b2-84a7-f597e1c55207,64BY,,0,0,1606696454810,0,0
plugin_ios_activity_recognition,"[""stationary""]",0,2,0,aff93315-4e74-41b2-84a7-f597e1c55207,64BY,,0,1,1606696459954,0,0
plugin_ios_activity_recognition,,0,2,0,aff93315-4e74-41b2-84a7-f597e1c55207,64BY,,0,0,1606696472489,0,0
plugin_ios_activity_recognition,"[""stationary""]",0,2,0,aff93315-4e74-41b2-84a7-f597e1c55207,64BY,,0,1,1606696476351,0,0
plugin_ios_activity_recognition,,0,2,0,aff93315-4e74-41b2-84a7-f597e1c55207,64BY,,0,0,1606696479885,0,0
plugin_ios_activity_recognition,"[""stationary""]",0,2,0,aff93315-4e74-41b2-84a7-f597e1c55207,64BY,,0,1,1606696488248,0,0
plugin_ios_activity_recognition,,0,2,0,aff93315-4e74-41b2-84a7-f597e1c55207,64BY,,0,0,1606696496932,0,0
plugin_ios_activity_recognition,,0,2,0,aff93315-4e74-41b2-84a7-f597e1c55207,64BY,,0,0,1606696555841,0,0
plugin_ios_activity_recognition,"[""stationary""]",0,2,0,aff93315-4e74-41b2-84a7-f597e1c55207,64BY,,0,1,1606696562522,0,0
plugin_ios_activity_recognition,,0,2,0,aff93315-4e74-41b2-84a7-f597e1c55207,64BY,,0,0,1606696565094,0,0
plugin_ios_activity_recognition,"[""stationary""]",0,2,0,aff93315-4e74-41b2-84a7-f597e1c55207,64BY,,0,1,1606696589852,0,0
plugin_ios_activity_recognition,,0,2,0,aff93315-4e74-41b2-84a7-f597e1c55207,64BY,,0,0,1606696591138,0,0
plugin_ios_activity_recognition,"[""stationary""]",0,2,0,aff93315-4e74-41b2-84a7-f597e1c55207,64BY,,0,1,1606696595961,0,0
plugin_ios_activity_recognition,,0,2,0,aff93315-4e74-41b2-84a7-f597e1c55207,64BY,,0,0,1606696618417,0,0
plugin_ios_activity_recognition,"[""stationary""]",0,2,0,aff93315-4e74-41b2-84a7-f597e1c55207,64BY,,0,1,1606696626776,0,0
plugin_ios_activity_recognition,,0,2,0,aff93315-4e74-41b2-84a7-f597e1c55207,64BY,,0,0,1606696646693,0,0
plugin_ios_activity_recognition,"[""stationary""]",0,2,0,aff93315-4e74-41b2-84a7-f597e1c55207,64BY,,0,1,1606696698459,0,0
plugin_ios_activity_recognition,,0,2,0,aff93315-4e74-41b2-84a7-f597e1c55207,64BY,,0,0,1606696719014,0,0
plugin_ios_activity_recognition,"[""stationary""]",0,2,0,aff93315-4e74-41b2-84a7-f597e1c55207,64BY,,0,1,1606696728017,0,0
plugin_ios_activity_recognition,"[""stationary""]",0,2,0,aff93315-4e74-41b2-84a7-f597e1c55207,64BY,,0,1,1606696735166,0,0
plugin_ios_activity_recognition,,0,2,0,aff93315-4e74-41b2-84a7-f597e1c55207,64BY,,0,0,1606696740228,0,0
plugin_ios_activity_recognition,"[""stationary""]",0,2,0,aff93315-4e74-41b2-84a7-f597e1c55207,64BY,,0,1,1606696755018,0,0
plugin_ios_activity_recognition,,0,2,0,aff93315-4e74-41b2-84a7-f597e1c55207,64BY,,0,0,1606696756305,0,0
plugin_ios_activity_recognition,"[""stationary""]",0,2,0,aff93315-4e74-41b2-84a7-f597e1c55207,64BY,,0,1,1606696769491,0,0
plugin_ios_activity_recognition,,0,2,0,aff93315-4e74-41b2-84a7-f597e1c55207,64BY,,0,0,1606696773667,0,0
plugin_ios_activity_recognition,"[""stationary""]",0,2,0,aff93315-4e74-41b2-84a7-f597e1c55207,64BY,,0,1,1606696779133,0,0
plugin_ios_activity_recognition,,0,2,0,aff93315-4e74-41b2-84a7-f597e1c55207,64BY,,0,0,1606696786850,0,0
plugin_ios_activity_recognition,"[""stationary""]",0,2,0,aff93315-4e74-41b2-84a7-f597e1c55207,64BY,,0,1,1606696801319,0,0
plugin_ios_activity_recognition,,0,2,0,aff93315-4e74-41b2-84a7-f597e1c55207,64BY,,0,0,1606696807107,0,0
plugin_ios_activity_recognition,"[""stationary""]",0,2,0,aff93315-4e74-41b2-84a7-f597e1c55207,64BY,,0,1,1606696823183,0,0
plugin_ios_activity_recognition,,0,2,0,aff93315-4e74-41b2-84a7-f597e1c55207,64BY,,0,0,1606696826081,0,0
plugin_ios_activity_recognition,"[""stationary""]",0,2,0,aff93315-4e74-41b2-84a7-f597e1c55207,64BY,,0,1,1606696842476,0,0
plugin_ios_activity_recognition,,0,2,0,aff93315-4e74-41b2-84a7-f597e1c55207,64BY,,0,0,1606696847620,0,0
plugin_ios_activity_recognition,"[""stationary""]",0,2,0,aff93315-4e74-41b2-84a7-f597e1c55207,64BY,,0,1,1606696852765,0,0
plugin_ios_activity_recognition,,0,2,0,aff93315-4e74-41b2-84a7-f597e1c55207,64BY,,0,0,1606696859521,0,0
plugin_ios_activity_recognition,"[""stationary""]",0,2,0,aff93315-4e74-41b2-84a7-f597e1c55207,64BY,,0,1,1606696863697,0,0
plugin_ios_activity_recognition,,0,2,0,aff93315-4e74-41b2-84a7-f597e1c55207,64BY,,0,0,1606696869485,0,0
plugin_ios_activity_recognition,"[""stationary""]",0,2,0,aff93315-4e74-41b2-84a7-f597e1c55207,64BY,,0,1,1606696877201,0,0
plugin_ios_activity_recognition,,0,2,0,aff93315-4e74-41b2-84a7-f597e1c55207,64BY,,0,0,1606696881381,0,0
plugin_ios_activity_recognition,"[""stationary""]",0,2,0,aff93315-4e74-41b2-84a7-f597e1c55207,64BY,,0,1,1606696905822,0,0
plugin_ios_activity_recognition,,0,2,0,aff93315-4e74-41b2-84a7-f597e1c55207,64BY,,0,0,1606696906139,0,0
plugin_ios_activity_recognition,"[""stationary""]",0,2,0,aff93315-4e74-41b2-84a7-f597e1c55207,64BY,,0,1,1606696909676,0,0
plugin_ios_activity_recognition,,0,2,0,aff93315-4e74-41b2-84a7-f597e1c55207,64BY,,0,0,1606696910966,0,0
plugin_ios_activity_recognition,,0,2,0,aff93315-4e74-41b2-84a7-f597e1c55207,64BY,,0,0,1606696915175,0,0
plugin_ios_activity_recognition,"[""stationary""]",0,2,0,aff93315-4e74-41b2-84a7-f597e1c55207,64BY,,0,1,1606696916110,0,0
plugin_ios_activity_recognition,,0,2,0,aff93315-4e74-41b2-84a7-f597e1c55207,64BY,,0,0,1606696918036,0,0
plugin_ios_activity_recognition,"[""stationary""]",0,2,0,aff93315-4e74-41b2-84a7-f597e1c55207,64BY,,0,1,1606696927360,0,0
plugin_ios_activity_recognition,,0,2,0,aff93315-4e74-41b2-84a7-f597e1c55207,64BY,,0,0,1606696935074,0,0
plugin_ios_activity_recognition,"[""stationary""]",0,2,0,aff93315-4e74-41b2-84a7-f597e1c55207,64BY,,0,1,1606696944402,0,0
plugin_ios_activity_recognition,,0,2,0,aff93315-4e74-41b2-84a7-f597e1c55207,64BY,,0,0,1606696950507,0,0
plugin_ios_activity_recognition,"[""stationary""]",0,2,0,aff93315-4e74-41b2-84a7-f597e1c55207,64BY,,0,1,1606696961761,0,0
plugin_ios_activity_recognition,,0,2,0,aff93315-4e74-41b2-84a7-f597e1c55207,64BY,,0,0,1606696969798,0,0
plugin_ios_activity_recognition,"[""stationary""]",0,2,0,aff93315-4e74-41b2-84a7-f597e1c55207,64BY,,0,1,1606697091666,0,0
plugin_ios_activity_recognition,,0,2,0,aff93315-4e74-41b2-84a7-f597e1c55207,64BY,,0,0,1606697093274,0,0
plugin_ios_activity_recognition,,0,2,0,aff93315-4e74-41b2-84a7-f597e1c55207,64BY,,0,0,1606697095117,0,0
plugin_ios_activity_recognition,"[""stationary""]",0,2,0,aff93315-4e74-41b2-84a7-f597e1c55207,64BY,,0,1,1606697103242,0,0
plugin_ios_activity_recognition,,0,2,0,aff93315-4e74-41b2-84a7-f597e1c55207,64BY,,0,0,1606697109034,0,0
plugin_ios_activity_recognition,"[""stationary""]",0,2,0,aff93315-4e74-41b2-84a7-f597e1c55207,64BY,,0,1,1606697148901,0,0
plugin_ios_activity_recognition,,0,2,0,aff93315-4e74-41b2-84a7-f597e1c55207,64BY,,0,0,1606697149865,0,0
plugin_ios_activity_recognition,"[""stationary""]",0,2,0,aff93315-4e74-41b2-84a7-f597e1c55207,64BY,,0,1,1606697158225,0,0
plugin_ios_activity_recognition,,0,2,0,aff93315-4e74-41b2-84a7-f597e1c55207,64BY,,0,0,1606697159511,0,0
plugin_ios_activity_recognition,"[""stationary""]",0,2,0,aff93315-4e74-41b2-84a7-f597e1c55207,64BY,,0,1,1606697169801,0,0
plugin_ios_activity_recognition,,0,2,0,aff93315-4e74-41b2-84a7-f597e1c55207,64BY,,0,0,1606697170122,0,0
plugin_ios_activity_recognition,,0,2,0,aff93315-4e74-41b2-84a7-f597e1c55207,64BY,,0,0,1606697275113,0,0
plugin_ios_activity_recognition,"[""stationary""]",0,2,0,aff93315-4e74-41b2-84a7-f597e1c55207,64BY,,0,1,1606697334755,0,0
plugin_ios_activity_recognition,,0,2,0,aff93315-4e74-41b2-84a7-f597e1c55207,64BY,,0,0,1606697349463,0,0
plugin_ios_activity_recognition,"[""stationary""]",0,2,0,aff93315-4e74-41b2-84a7-f597e1c55207,64BY,,0,1,1606697352980,0,0
plugin_ios_activity_recognition,,0,2,0,aff93315-4e74-41b2-84a7-f597e1c55207,64BY,,0,0,1606697354251,0,0
plugin_ios_activity_recognition,"[""stationary""]",0,2,0,aff93315-4e74-41b2-84a7-f597e1c55207,64BY,,0,1,1606697363579,0,0
plugin_ios_activity_recognition,,0,2,0,aff93315-4e74-41b2-84a7-f597e1c55207,64BY,,0,0,1606697364861,0,0
plugin_ios_activity_recognition,"[""stationary""]",0,2,0,aff93315-4e74-41b2-84a7-f597e1c55207,64BY,,0,1,1606697386081,0,0
plugin_ios_activity_recognition,,0,2,0,aff93315-4e74-41b2-84a7-f597e1c55207,64BY,,0,0,1606697408787,0,0
plugin_ios_activity_recognition,"[""stationary""]",0,2,0,aff93315-4e74-41b2-84a7-f597e1c55207,64BY,,0,1,1606697413609,0,0
plugin_ios_activity_recognition,,0,2,0,aff93315-4e74-41b2-84a7-f597e1c55207,64BY,,0,0,1606697417146,0,0
plugin_ios_activity_recognition,"[""stationary""]",0,2,0,aff93315-4e74-41b2-84a7-f597e1c55207,64BY,,0,1,1606697435708,0,0
plugin_ios_activity_recognition,,0,2,0,aff93315-4e74-41b2-84a7-f597e1c55207,64BY,,0,0,1606697436340,0,0
plugin_ios_activity_recognition,"[""stationary""]",0,2,0,aff93315-4e74-41b2-84a7-f597e1c55207,64BY,,0,1,1606697449201,0,0
plugin_ios_activity_recognition,"[""stationary""]",0,2,0,aff93315-4e74-41b2-84a7-f597e1c55207,64BY,,0,1,1606697455415,0,0
plugin_ios_activity_recognition,,0,2,0,aff93315-4e74-41b2-84a7-f597e1c55207,64BY,,0,0,1606697471607,0,0
plugin_ios_activity_recognition,"[""stationary""]",0,2,0,aff93315-4e74-41b2-84a7-f597e1c55207,64BY,,0,1,1606697476433,0,0
plugin_ios_activity_recognition,,0,2,0,aff93315-4e74-41b2-84a7-f597e1c55207,64BY,,0,0,1606697485431,0,0
plugin_ios_activity_recognition,"[""stationary""]",0,2,0,aff93315-4e74-41b2-84a7-f597e1c55207,64BY,,0,1,1606697508167,0,0
plugin_ios_activity_recognition,,0,2,0,aff93315-4e74-41b2-84a7-f597e1c55207,64BY,,0,0,1606697513922,0,0
plugin_ios_activity_recognition,,0,2,0,aff93315-4e74-41b2-84a7-f597e1c55207,64BY,,0,0,1606697635127,0,0
plugin_ios_activity_recognition,"[""walking""]",0,1,0,aff93315-4e74-41b2-84a7-f597e1c55207,64BY,,0,0,1606697786785,0,1
plugin_ios_activity_recognition,"[""walking""]",0,2,0,aff93315-4e74-41b2-84a7-f597e1c55207,64BY,,0,0,1606697790318,0,1
plugin_ios_activity_recognition,"[""walking""]",0,2,0,aff93315-4e74-41b2-84a7-f597e1c55207,64BY,,0,0,1606697815206,0,1
plugin_ios_activity_recognition,,0,2,0,aff93315-4e74-41b2-84a7-f597e1c55207,64BY,,0,0,1606697840808,0,0
plugin_ios_activity_recognition,,0,2,0,aff93315-4e74-41b2-84a7-f597e1c55207,64BY,,0,0,1606697995115,0,0
plugin_ios_activity_recognition,"[""walking""]",0,1,0,aff93315-4e74-41b2-84a7-f597e1c55207,64BY,,0,0,1606698041433,0,1
plugin_ios_activity_recognition,"[""walking""]",0,2,0,aff93315-4e74-41b2-84a7-f597e1c55207,64BY,,0,0,1606698044320,0,1
plugin_ios_activity_recognition,"[""stationary""]",0,2,0,aff93315-4e74-41b2-84a7-f597e1c55207,64BY,,0,1,1606698054609,0,0
plugin_ios_activity_recognition,,0,2,0,aff93315-4e74-41b2-84a7-f597e1c55207,64BY,,0,0,1606698094799,0,0
plugin_ios_activity_recognition,"[""stationary""]",0,2,0,aff93315-4e74-41b2-84a7-f597e1c55207,64BY,,0,1,1606698099622,0,0
plugin_ios_activity_recognition,"[""stationary""]",0,2,0,aff93315-4e74-41b2-84a7-f597e1c55207,64BY,,0,1,1606698175206,0,0
plugin_ios_activity_recognition,,0,2,0,aff93315-4e74-41b2-84a7-f597e1c55207,64BY,,0,0,1606698275692,0,0
plugin_ios_activity_recognition,"[""stationary""]",0,2,0,aff93315-4e74-41b2-84a7-f597e1c55207,64BY,,0,1,1606698281801,0,0
plugin_ios_activity_recognition,,0,2,0,aff93315-4e74-41b2-84a7-f597e1c55207,64BY,,0,0,1606698324881,0,0
plugin_ios_activity_recognition,,0,2,0,aff93315-4e74-41b2-84a7-f597e1c55207,64BY,,0,0,1606698355493,0,0
plugin_ios_activity_recognition,"[""stationary""]",0,2,0,aff93315-4e74-41b2-84a7-f597e1c55207,64BY,,0,1,1606698499140,0,0
plugin_ios_activity_recognition,,0,2,0,aff93315-4e74-41b2-84a7-f597e1c55207,64BY,,0,0,1606698516133,0,0
plugin_ios_activity_recognition,"[""stationary""]",0,2,0,aff93315-4e74-41b2-84a7-f597e1c55207,64BY,,0,1,1606698521599,0,0
plugin_ios_activity_recognition,,0,2,0,aff93315-4e74-41b2-84a7-f597e1c55207,64BY,,0,0,1606698522563,0,0
plugin_ios_activity_recognition,,0,2,0,aff93315-4e74-41b2-84a7-f597e1c55207,64BY,,0,0,1606698535118,0,0
plugin_ios_activity_recognition,"[""stationary""]",0,2,0,aff93315-4e74-41b2-84a7-f597e1c55207,64BY,,0,1,1606698551177,0,0
plugin_ios_activity_recognition,,0,2,0,aff93315-4e74-41b2-84a7-f597e1c55207,64BY,,0,0,1606698552789,0,0
plugin_ios_activity_recognition,"[""stationary""]",0,2,0,aff93315-4e74-41b2-84a7-f597e1c55207,64BY,,0,1,1606698566609,0,0
plugin_ios_activity_recognition,,0,2,0,aff93315-4e74-41b2-84a7-f597e1c55207,64BY,,0,0,1606698603514,0,0
plugin_ios_activity_recognition,"[""stationary""]",0,2,0,aff93315-4e74-41b2-84a7-f597e1c55207,64BY,,0,1,1606698638235,0,0
plugin_ios_activity_recognition,,0,2,0,aff93315-4e74-41b2-84a7-f597e1c55207,64BY,,0,0,1606698638878,0,0
plugin_ios_activity_recognition,"[""stationary""]",0,2,0,aff93315-4e74-41b2-84a7-f597e1c55207,64BY,,0,1,1606698644343,0,0
plugin_ios_activity_recognition,,0,2,0,aff93315-4e74-41b2-84a7-f597e1c55207,64BY,,0,0,1606698646915,0,0
plugin_ios_activity_recognition,,0,2,0,aff93315-4e74-41b2-84a7-f597e1c55207,64BY,,0,0,1606698715173,0,0
plugin_ios_activity_recognition,"[""stationary""]",0,2,0,aff93315-4e74-41b2-84a7-f597e1c55207,64BY,,0,1,1606698892895,0,0
plugin_ios_activity_recognition,"[""stationary""]",0,2,0,aff93315-4e74-41b2-84a7-f597e1c55207,64BY,,0,1,1606698895159,0,0
plugin_ios_activity_recognition,,0,2,0,aff93315-4e74-41b2-84a7-f597e1c55207,64BY,,0,0,1606698895464,0,0
plugin_ios_activity_recognition,"[""stationary""]",0,2,0,aff93315-4e74-41b2-84a7-f597e1c55207,64BY,,0,1,1606698909607,0,0
plugin_ios_activity_recognition,,0,2,0,aff93315-4e74-41b2-84a7-f597e1c55207,64BY,,0,0,1606699042195,0,0
plugin_ios_activity_recognition,"[""stationary""]",0,2,0,aff93315-4e74-41b2-84a7-f597e1c55207,64BY,,0,1,1606699048304,0,0
plugin_ios_activity_recognition,,0,2,0,aff93315-4e74-41b2-84a7-f597e1c55207,64BY,,0,0,1606699063414,0,0
plugin_ios_activity_recognition,"[""stationary""]",0,2,0,aff93315-4e74-41b2-84a7-f597e1c55207,64BY,,0,1,1606699067593,0,0
plugin_ios_activity_recognition,"[""stationary""]",0,2,0,aff93315-4e74-41b2-84a7-f597e1c55207,64BY,,0,1,1606699075206,0,0
plugin_ios_activity_recognition,,0,2,0,aff93315-4e74-41b2-84a7-f597e1c55207,64BY,,0,0,1606699083004,0,0
plugin_ios_activity_recognition,"[""stationary""]",0,2,0,aff93315-4e74-41b2-84a7-f597e1c55207,64BY,,0,1,1606699086541,0,0
plugin_ios_activity_recognition,,0,2,0,aff93315-4e74-41b2-84a7-f597e1c55207,64BY,,0,0,1606699238210,0,0
plugin_ios_activity_recognition,,0,2,0,aff93315-4e74-41b2-84a7-f597e1c55207,64BY,,0,0,1606699255481,0,0
plugin_ios_activity_recognition,"[""walking""]",0,1,0,aff93315-4e74-41b2-84a7-f597e1c55207,64BY,,0,0,1606699267481,0,1
plugin_ios_activity_recognition,"[""walking""]",0,2,0,aff93315-4e74-41b2-84a7-f597e1c55207,64BY,,0,0,1606699276799,0,1
plugin_ios_activity_recognition,"[""stationary""]",0,2,0,aff93315-4e74-41b2-84a7-f597e1c55207,64BY,,0,1,1606699285157,0,0
plugin_ios_activity_recognition,"[""walking""]",0,2,0,aff93315-4e74-41b2-84a7-f597e1c55207,64BY,,0,0,1606699291909,0,1
plugin_ios_activity_recognition,"[""stationary""]",0,2,0,aff93315-4e74-41b2-84a7-f597e1c55207,64BY,,0,1,1606699320842,0,0
plugin_ios_activity_recognition,,0,2,0,aff93315-4e74-41b2-84a7-f597e1c55207,64BY,,0,0,1606699337559,0,0
plugin_ios_activity_recognition,"[""stationary""]",0,2,0,aff93315-4e74-41b2-84a7-f597e1c55207,64BY,,0,1,1606699341739,0,0
plugin_ios_activity_recognition,,0,2,0,aff93315-4e74-41b2-84a7-f597e1c55207,64BY,,0,0,1606699346239,0,0
plugin_ios_activity_recognition,"[""stationary""]",0,2,0,aff93315-4e74-41b2-84a7-f597e1c55207,64BY,,0,1,1606699349779,0,0
plugin_ios_activity_recognition,,0,2,0,aff93315-4e74-41b2-84a7-f597e1c55207,64BY,,0,0,1606699367393,0,0
plugin_ios_activity_recognition,"[""stationary""]",0,2,0,aff93315-4e74-41b2-84a7-f597e1c55207,64BY,,0,1,1606699378967,0,0
plugin_ios_activity_recognition,,0,2,0,aff93315-4e74-41b2-84a7-f597e1c55207,64BY,,0,0,1606699399542,0,0
plugin_ios_activity_recognition,"[""stationary""]",0,2,0,aff93315-4e74-41b2-84a7-f597e1c55207,64BY,,0,1,1606699411759,0,0
plugin_ios_activity_recognition,,0,2,0,aff93315-4e74-41b2-84a7-f597e1c55207,64BY,,0,0,1606699414639,0,0
plugin_ios_activity_recognition,"[""stationary""]",0,2,0,aff93315-4e74-41b2-84a7-f597e1c55207,64BY,,0,1,1606699422033,0,0
plugin_ios_activity_recognition,,0,2,0,aff93315-4e74-41b2-84a7-f597e1c55207,64BY,,0,0,1606699431333,0,0
plugin_ios_activity_recognition,,0,2,0,aff93315-4e74-41b2-84a7-f597e1c55207,64BY,,0,0,1606699435118,0,0
plugin_ios_activity_recognition,"[""stationary""]",0,2,0,aff93315-4e74-41b2-84a7-f597e1c55207,64BY,,0,1,1606699437112,0,0
plugin_ios_activity_recognition,,0,2,0,aff93315-4e74-41b2-84a7-f597e1c55207,64BY,,0,0,1606699455332,0,0
plugin_ios_activity_recognition,"[""stationary""]",0,2,0,aff93315-4e74-41b2-84a7-f597e1c55207,64BY,,0,1,1606699475590,0,0
plugin_ios_activity_recognition,,0,2,0,aff93315-4e74-41b2-84a7-f597e1c55207,64BY,,0,0,1606699485231,0,0
plugin_ios_activity_recognition,"[""stationary""]",0,2,0,aff93315-4e74-41b2-84a7-f597e1c55207,64BY,,0,1,1606699533777,0,0
plugin_ios_activity_recognition,,0,2,0,aff93315-4e74-41b2-84a7-f597e1c55207,64BY,,0,0,1606699537630,0,0
plugin_ios_activity_recognition,,0,2,0,aff93315-4e74-41b2-84a7-f597e1c55207,64BY,,0,0,1606699615202,0,0
plugin_ios_activity_recognition,"[""stationary""]",0,2,0,aff93315-4e74-41b2-84a7-f597e1c55207,64BY,,0,1,1606699784875,0,0
plugin_ios_activity_recognition,,0,2,0,aff93315-4e74-41b2-84a7-f597e1c55207,64BY,,0,0,1606699785839,0,0
plugin_ios_activity_recognition,,0,2,0,aff93315-4e74-41b2-84a7-f597e1c55207,64BY,,0,0,1606699795118,0,0
plugin_ios_activity_recognition,"[""stationary""]",0,2,0,aff93315-4e74-41b2-84a7-f597e1c55207,64BY,,0,1,1606699832783,0,0
plugin_ios_activity_recognition,,0,2,0,aff93315-4e74-41b2-84a7-f597e1c55207,64BY,,0,0,1606699835999,0,0
plugin_ios_activity_recognition,"[""stationary""]",0,2,0,aff93315-4e74-41b2-84a7-f597e1c55207,64BY,,0,1,1606699840178,0,0
plugin_ios_activity_recognition,,0,2,0,aff93315-4e74-41b2-84a7-f597e1c55207,64BY,,0,0,1606699841464,0,0
plugin_ios_activity_recognition,"[""stationary""]",0,2,0,aff93315-4e74-41b2-84a7-f597e1c55207,64BY,,0,1,1606699868793,0,0
plugin_ios_activity_recognition,,0,2,0,aff93315-4e74-41b2-84a7-f597e1c55207,64BY,,0,0,1606699869757,0,0
plugin_ios_activity_recognition,"[""stationary""]",0,2,0,aff93315-4e74-41b2-84a7-f597e1c55207,64BY,,0,1,1606699882296,0,0
plugin_ios_activity_recognition,,0,2,0,aff93315-4e74-41b2-84a7-f597e1c55207,64BY,,0,0,1606699890963,0,0
plugin_ios_activity_recognition,,0,2,0,aff93315-4e74-41b2-84a7-f597e1c55207,64BY,,0,0,1606699975154,0,0
plugin_ios_activity_recognition,"[""stationary""]",0,2,0,aff93315-4e74-41b2-84a7-f597e1c55207,64BY,,0,1,1606700021828,0,0
plugin_ios_activity_recognition,,0,2,0,aff93315-4e74-41b2-84a7-f597e1c55207,64BY,,0,0,1606700023439,0,0
plugin_ios_activity_recognition,"[""walking""]",0,1,0,aff93315-4e74-41b2-84a7-f597e1c55207,64BY,,0,0,1606700062020,0,1
plugin_ios_activity_recognition,"[""walking""]",0,2,0,aff93315-4e74-41b2-84a7-f597e1c55207,64BY,,0,0,1606700064589,0,1
plugin_ios_activity_recognition,,0,2,0,aff93315-4e74-41b2-84a7-f597e1c55207,64BY,,0,0,1606700110891,0,0
plugin_ios_activity_recognition,"[""stationary""]",0,2,0,aff93315-4e74-41b2-84a7-f597e1c55207,64BY,,0,1,1606700152682,0,0
plugin_ios_activity_recognition,,0,2,0,aff93315-4e74-41b2-84a7-f597e1c55207,64BY,,0,0,1606700154289,0,0
plugin_ios_activity_recognition,,0,2,0,aff93315-4e74-41b2-84a7-f597e1c55207,64BY,,0,0,1606700155411,0,0
plugin_ios_activity_recognition,"[""walking""]",0,1,0,aff93315-4e74-41b2-84a7-f597e1c55207,64BY,,0,0,1606700190634,0,1
plugin_ios_activity_recognition,"[""walking""]",0,2,0,aff93315-4e74-41b2-84a7-f597e1c55207,64BY,,0,0,1606700193207,0,1
plugin_ios_activity_recognition,,0,2,0,aff93315-4e74-41b2-84a7-f597e1c55207,64BY,,0,0,1606700244650,0,0
plugin_ios_activity_recognition,"[""walking""]",0,1,0,aff93315-4e74-41b2-84a7-f597e1c55207,64BY,,0,0,1606700270373,0,1
plugin_ios_activity_recognition,"[""walking""]",0,2,0,aff93315-4e74-41b2-84a7-f597e1c55207,64BY,,0,0,1606700275518,0,1
plugin_ios_activity_recognition,,0,2,0,aff93315-4e74-41b2-84a7-f597e1c55207,64BY,,0,0,1606700288380,0,0
plugin_ios_activity_recognition,,0,2,0,aff93315-4e74-41b2-84a7-f597e1c55207,64BY,,0,0,1606700335181,0,0
plugin_ios_activity_recognition,,0,2,0,aff93315-4e74-41b2-84a7-f597e1c55207,64BY,supplement,0,0,1606700515181,0,0
plugin_ios_activity_recognition,,0,2,0,aff93315-4e74-41b2-84a7-f597e1c55207,64BY,,0,0,1606700515210,0,0
plugin_ios_activity_recognition,"[""stationary""]",0,2,0,aff93315-4e74-41b2-84a7-f597e1c55207,64BY,,0,1,1606700587416,0,0
plugin_ios_activity_recognition,,0,2,0,aff93315-4e74-41b2-84a7-f597e1c55207,64BY,,0,0,1606700590310,0,0
plugin_ios_activity_recognition,"[""walking""]",0,1,0,aff93315-4e74-41b2-84a7-f597e1c55207,64BY,,0,0,1606700594495,0,1
plugin_ios_activity_recognition,"[""walking""]",0,2,0,aff93315-4e74-41b2-84a7-f597e1c55207,64BY,,0,0,1606700597068,0,1
plugin_ios_activity_recognition,,0,2,0,aff93315-4e74-41b2-84a7-f597e1c55207,64BY,,0,0,1606700627931,0,0
plugin_ios_activity_recognition,"[""stationary""]",0,2,0,aff93315-4e74-41b2-84a7-f597e1c55207,64BY,,0,1,1606700633392,0,0
plugin_ios_activity_recognition,,0,2,0,aff93315-4e74-41b2-84a7-f597e1c55207,64BY,,0,0,1606700634357,0,0
plugin_ios_activity_recognition,"[""stationary""]",0,2,0,aff93315-4e74-41b2-84a7-f597e1c55207,64BY,,0,1,1606700638537,0,0
plugin_ios_activity_recognition,,0,2,0,aff93315-4e74-41b2-84a7-f597e1c55207,64BY,,0,0,1606700645290,0,0
plugin_ios_activity_recognition,,0,2,0,aff93315-4e74-41b2-84a7-f597e1c55207,64BY,,0,0,1606700695118,0,0
plugin_ios_activity_recognition,,0,2,0,aff93315-4e74-41b2-84a7-f597e1c55207,64BY,supplement,0,0,1606700695181,0,0
plugin_ios_activity_recognition,"[""stationary""]",0,2,0,aff93315-4e74-41b2-84a7-f597e1c55207,64BY,,0,1,1606700753651,0,0
plugin_ios_activity_recognition,,0,2,0,aff93315-4e74-41b2-84a7-f597e1c55207,64BY,,0,0,1606700755901,0,0
plugin_ios_activity_recognition,"[""stationary""]",0,2,0,aff93315-4e74-41b2-84a7-f597e1c55207,64BY,,0,1,1606700848190,0,0
plugin_ios_activity_recognition,,0,2,0,aff93315-4e74-41b2-84a7-f597e1c55207,64BY,,0,0,1606700848833,0,0
plugin_ios_activity_recognition,"[""stationary""]",0,2,0,aff93315-4e74-41b2-84a7-f597e1c55207,64BY,,0,1,1606700871985,0,0
plugin_ios_activity_recognition,,0,2,0,aff93315-4e74-41b2-84a7-f597e1c55207,64BY,,0,0,1606700872628,0,0
plugin_ios_activity_recognition,,0,2,0,aff93315-4e74-41b2-84a7-f597e1c55207,64BY,,0,0,1606700875119,0,0
plugin_ios_activity_recognition,"[""stationary""]",0,2,0,aff93315-4e74-41b2-84a7-f597e1c55207,64BY,,0,1,1606700879702,0,0
plugin_ios_activity_recognition,,0,2,0,aff93315-4e74-41b2-84a7-f597e1c55207,64BY,,0,0,1606700881631,0,0
plugin_ios_activity_recognition,"[""stationary""]",0,2,0,aff93315-4e74-41b2-84a7-f597e1c55207,64BY,,0,1,1606700889670,0,0
plugin_ios_activity_recognition,,0,2,0,aff93315-4e74-41b2-84a7-f597e1c55207,64BY,,0,0,1606700890317,0,0
plugin_ios_activity_recognition,,0,2,0,aff93315-4e74-41b2-84a7-f597e1c55207,64BY,,0,0,1606701055637,0,0
plugin_ios_activity_recognition,"[""walking""]",0,1,0,aff93315-4e74-41b2-84a7-f597e1c55207,64BY,,0,0,1606701181001,0,1
plugin_ios_activity_recognition,"[""walking""]",0,2,0,aff93315-4e74-41b2-84a7-f597e1c55207,64BY,,0,0,1606701191291,0,1
plugin_ios_activity_recognition,"[""stationary""]",0,2,0,aff93315-4e74-41b2-84a7-f597e1c55207,64BY,,0,1,1606701209298,0,0
plugin_ios_activity_recognition,"[""stationary""]",0,2,0,aff93315-4e74-41b2-84a7-f597e1c55207,64BY,,0,1,1606701235213,0,0
plugin_ios_activity_recognition,"[""walking""]",0,2,0,aff93315-4e74-41b2-84a7-f597e1c55207,64BY,,0,0,1606701255134,0,1
plugin_ios_activity_recognition,,0,2,0,aff93315-4e74-41b2-84a7-f597e1c55207,64BY,,0,0,1606701255459,0,0
plugin_ios_activity_recognition,"[""stationary""]",0,2,0,aff93315-4e74-41b2-84a7-f597e1c55207,64BY,,0,1,1606701262530,0,0
plugin_ios_activity_recognition,,0,2,0,aff93315-4e74-41b2-84a7-f597e1c55207,64BY,,0,0,1606701309630,0,0
plugin_ios_activity_recognition,"[""stationary""]",0,2,0,aff93315-4e74-41b2-84a7-f597e1c55207,64BY,,0,1,1606701314132,0,0
plugin_ios_activity_recognition,"[""stationary""]",0,2,0,aff93315-4e74-41b2-84a7-f597e1c55207,64BY,,0,1,1606701415196,0,0
plugin_ios_activity_recognition,,0,2,0,aff93315-4e74-41b2-84a7-f597e1c55207,64BY,,0,0,1606701421974,0,0
plugin_ios_activity_recognition,"[""stationary""]",0,2,0,aff93315-4e74-41b2-84a7-f597e1c55207,64BY,,0,1,1606701426471,0,0
plugin_ios_activity_recognition,"[""stationary""]",0,2,0,aff93315-4e74-41b2-84a7-f597e1c55207,64BY,,0,1,1606701595124,0,0
plugin_ios_activity_recognition,"[""stationary""]",0,2,0,aff93315-4e74-41b2-84a7-f597e1c55207,64BY,supplement,0,1,1606701775124,0,0
plugin_ios_activity_recognition,"[""stationary""]",0,2,0,aff93315-4e74-41b2-84a7-f597e1c55207,64BY,,0,1,1606701775125,0,0
plugin_ios_activity_recognition,"[""stationary""]",0,2,0,aff93315-4e74-41b2-84a7-f597e1c55207,64BY,supplement,0,1,1606701955124,0,0
plugin_ios_activity_recognition,"[""stationary""]",0,2,0,aff93315-4e74-41b2-84a7-f597e1c55207,64BY,supplement,0,1,1606701955125,0,0
plugin_ios_activity_recognition,"[""stationary""]",0,2,0,aff93315-4e74-41b2-84a7-f597e1c55207,64BY,,0,1,1606701955473,0,0
plugin_ios_activity_recognition,,0,2,0,aff93315-4e74-41b2-84a7-f597e1c55207,64BY,,0,0,1606701992666,0,0
plugin_ios_activity_recognition,"[""stationary""]",0,2,0,aff93315-4e74-41b2-84a7-f597e1c55207,64BY,,0,1,1606702001020,0,0
plugin_ios_activity_recognition,,0,2,0,aff93315-4e74-41b2-84a7-f597e1c55207,64BY,,0,0,1606702073096,0,0
plugin_ios_activity_recognition,"[""walking""]",0,1,0,aff93315-4e74-41b2-84a7-f597e1c55207,64BY,,0,0,1606702079855,0,1
plugin_ios_activity_recognition,"[""walking""]",0,2,0,aff93315-4e74-41b2-84a7-f597e1c55207,64BY,,0,0,1606702082430,0,1
plugin_ios_activity_recognition,"[""walking""]",0,2,0,aff93315-4e74-41b2-84a7-f597e1c55207,64BY,,0,0,1606702135125,0,1
plugin_ios_activity_recognition,"[""stationary""]",0,2,0,aff93315-4e74-41b2-84a7-f597e1c55207,64BY,,0,1,1606702140936,0,0
plugin_ios_activity_recognition,,0,2,0,aff93315-4e74-41b2-84a7-f597e1c55207,64BY,,0,0,1606702147045,0,0
plugin_ios_activity_recognition,"[""stationary""]",0,2,0,aff93315-4e74-41b2-84a7-f597e1c55207,64BY,,0,1,1606702156368,0,0
plugin_ios_activity_recognition,,0,2,0,aff93315-4e74-41b2-84a7-f597e1c55207,64BY,,0,0,1606702229346,0,0
plugin_ios_activity_recognition,"[""walking""]",0,2,0,aff93315-4e74-41b2-84a7-f597e1c55207,64BY,,0,0,1606702245743,0,1
plugin_ios_activity_recognition,"[""stationary""]",0,2,0,aff93315-4e74-41b2-84a7-f597e1c55207,64BY,,0,1,1606702249279,0,0
plugin_ios_activity_recognition,"[""walking""]",0,2,0,aff93315-4e74-41b2-84a7-f597e1c55207,64BY,,0,0,1606702250887,0,1
plugin_ios_activity_recognition,"[""stationary""]",0,2,0,aff93315-4e74-41b2-84a7-f597e1c55207,64BY,,0,1,1606702257320,0,0
plugin_ios_activity_recognition,"[""walking""]",0,2,0,aff93315-4e74-41b2-84a7-f597e1c55207,64BY,,0,0,1606702260532,0,1
plugin_ios_activity_recognition,,0,2,0,aff93315-4e74-41b2-84a7-f597e1c55207,64BY,,0,0,1606702262464,0,0
plugin_ios_activity_recognition,"[""stationary""]",0,2,0,aff93315-4e74-41b2-84a7-f597e1c55207,64BY,,0,1,1606702273070,0,0
plugin_ios_activity_recognition,"[""stationary""]",0,2,0,aff93315-4e74-41b2-84a7-f597e1c55207,64BY,,0,1,1606702315227,0,0
plugin_ios_activity_recognition,,0,2,0,aff93315-4e74-41b2-84a7-f597e1c55207,64BY,,0,0,1606702316475,0,0
plugin_ios_activity_recognition,"[""stationary""]",0,2,0,aff93315-4e74-41b2-84a7-f597e1c55207,64BY,,0,1,1606702321619,0,0
plugin_ios_activity_recognition,,0,2,0,aff93315-4e74-41b2-84a7-f597e1c55207,64BY,,0,0,1606702416133,0,0
plugin_ios_activity_recognition,"[""stationary""]",0,2,0,aff93315-4e74-41b2-84a7-f597e1c55207,64BY,,0,1,1606702423206,0,0
plugin_ios_activity_recognition,,0,2,0,aff93315-4e74-41b2-84a7-f597e1c55207,64BY,,0,0,1606702435745,0,0
plugin_ios_activity_recognition,"[""stationary""]",0,2,0,aff93315-4e74-41b2-84a7-f597e1c55207,64BY,,0,1,1606702441853,0,0
plugin_ios_activity_recognition,,0,2,0,aff93315-4e74-41b2-84a7-f597e1c55207,64BY,,0,0,1606702448283,0,0
plugin_ios_activity_recognition,"[""walking""]",0,1,0,aff93315-4e74-41b2-84a7-f597e1c55207,64BY,,0,0,1606702474323,0,1
plugin_ios_activity_recognition,"[""walking""]",0,1,0,aff93315-4e74-41b2-84a7-f597e1c55207,64BY,,0,0,1606702495175,0,1
plugin_ios_activity_recognition,"[""stationary""]",0,2,0,aff93315-4e74-41b2-84a7-f597e1c55207,64BY,,0,1,1606702503258,0,0
plugin_ios_activity_recognition,,0,2,0,aff93315-4e74-41b2-84a7-f597e1c55207,64BY,,0,0,1606702541194,0,0
plugin_ios_activity_recognition,"[""stationary""]",0,2,0,aff93315-4e74-41b2-84a7-f597e1c55207,64BY,,0,1,1606702557912,0,0
plugin_ios_activity_recognition,,0,2,0,aff93315-4e74-41b2-84a7-f597e1c55207,64BY,,0,0,1606702572701,0,0
plugin_ios_activity_recognition,"[""stationary""]",0,2,0,aff93315-4e74-41b2-84a7-f597e1c55207,64BY,,0,1,1606702589419,0,0
plugin_ios_activity_recognition,,0,2,0,aff93315-4e74-41b2-84a7-f597e1c55207,64BY,,0,0,1606702608387,0,0
plugin_ios_activity_recognition,"[""stationary""]",0,2,0,aff93315-4e74-41b2-84a7-f597e1c55207,64BY,,0,1,1606702621569,0,0
plugin_ios_activity_recognition,,0,2,0,aff93315-4e74-41b2-84a7-f597e1c55207,64BY,,0,0,1606702637641,0,0
plugin_ios_activity_recognition,"[""stationary""]",0,2,0,aff93315-4e74-41b2-84a7-f597e1c55207,64BY,,0,1,1606702645682,0,0
plugin_ios_activity_recognition,,0,2,0,aff93315-4e74-41b2-84a7-f597e1c55207,64BY,,0,0,1606702660146,0,0
plugin_ios_activity_recognition,"[""stationary""]",0,2,0,aff93315-4e74-41b2-84a7-f597e1c55207,64BY,,0,1,1606702665611,0,0
plugin_ios_activity_recognition,"[""stationary""]",0,2,0,aff93315-4e74-41b2-84a7-f597e1c55207,64BY,,0,1,1606702675194,0,0
plugin_ios_activity_recognition,,0,2,0,aff93315-4e74-41b2-84a7-f597e1c55207,64BY,,0,0,1606702786494,0,0
plugin_ios_activity_recognition,"[""stationary""]",0,2,0,aff93315-4e74-41b2-84a7-f597e1c55207,64BY,,0,1,1606702823467,0,0
plugin_ios_activity_recognition,,0,2,0,aff93315-4e74-41b2-84a7-f597e1c55207,64BY,,0,0,1606702833756,0,0
plugin_ios_activity_recognition,,0,2,0,aff93315-4e74-41b2-84a7-f597e1c55207,64BY,,0,0,1606702855897,0,0
plugin_ios_activity_recognition,"[""stationary""]",0,2,0,aff93315-4e74-41b2-84a7-f597e1c55207,64BY,,0,1,1606702880697,0,0
plugin_ios_activity_recognition,,0,2,0,aff93315-4e74-41b2-84a7-f597e1c55207,64BY,,0,0,1606702932139,0,0
plugin_ios_activity_recognition,"[""stationary""]",0,2,0,aff93315-4e74-41b2-84a7-f597e1c55207,64BY,,0,1,1606702939534,0,0
plugin_ios_activity_recognition,,0,2,0,aff93315-4e74-41b2-84a7-f597e1c55207,64BY,,0,0,1606702941785,0,0
plugin_ios_activity_recognition,"[""stationary""]",0,2,0,aff93315-4e74-41b2-84a7-f597e1c55207,64BY,,0,1,1606702967189,0,0
plugin_ios_activity_recognition,,0,2,0,aff93315-4e74-41b2-84a7-f597e1c55207,64BY,,0,0,1606702975222,0,0
plugin_ios_activity_recognition,"[""stationary""]",0,2,0,aff93315-4e74-41b2-84a7-f597e1c55207,64BY,,0,1,1606702986153,0,0
plugin_ios_activity_recognition,"[""stationary""]",0,2,0,aff93315-4e74-41b2-84a7-f597e1c55207,64BY,,0,1,1606703035129,0,0
plugin_ios_activity_recognition,"[""stationary""]",0,2,0,aff93315-4e74-41b2-84a7-f597e1c55207,64BY,supplement,0,1,1606703215129,0,0
plugin_ios_activity_recognition,"[""stationary""]",0,2,0,aff93315-4e74-41b2-84a7-f597e1c55207,64BY,,0,1,1606703215217,0,0
plugin_ios_activity_recognition,"[""stationary""]",0,2,0,aff93315-4e74-41b2-84a7-f597e1c55207,64BY,supplement,0,1,1606703395129,0,0
plugin_ios_activity_recognition,"[""stationary""]",0,2,0,aff93315-4e74-41b2-84a7-f597e1c55207,64BY,,0,1,1606703395137,0,0
plugin_ios_activity_recognition,,0,2,0,aff93315-4e74-41b2-84a7-f597e1c55207,64BY,,0,0,1606703427324,0,0
plugin_ios_activity_recognition,"[""walking""]",0,1,0,aff93315-4e74-41b2-84a7-f597e1c55207,64BY,,0,0,1606703437937,0,1
plugin_ios_activity_recognition,"[""walking""]",0,2,0,aff93315-4e74-41b2-84a7-f597e1c55207,64BY,,0,0,1606703440513,0,1
plugin_ios_activity_recognition,"[""stationary""]",0,2,0,aff93315-4e74-41b2-84a7-f597e1c55207,64BY,,0,1,1606703505767,0,0
plugin_ios_activity_recognition,"[""walking""]",0,2,0,aff93315-4e74-41b2-84a7-f597e1c55207,64BY,,0,0,1606703508339,0,1
plugin_ios_activity_recognition,,0,2,0,aff93315-4e74-41b2-84a7-f597e1c55207,64BY,,0,0,1606703533100,0,0
plugin_ios_activity_recognition,,0,2,0,aff93315-4e74-41b2-84a7-f597e1c55207,64BY,,0,0,1606703575194,0,0
plugin_ios_activity_recognition,"[""stationary""]",0,2,0,aff93315-4e74-41b2-84a7-f597e1c55207,64BY,,0,1,1606703610249,0,0
plugin_ios_activity_recognition,,0,2,0,aff93315-4e74-41b2-84a7-f597e1c55207,64BY,,0,0,1606703612496,0,0
plugin_ios_activity_recognition,"[""stationary""]",0,2,0,aff93315-4e74-41b2-84a7-f597e1c55207,64BY,,0,1,1606703617965,0,0
plugin_ios_activity_recognition,,0,2,0,aff93315-4e74-41b2-84a7-f597e1c55207,64BY,,0,0,1606703625032,0,0
plugin_ios_activity_recognition,"[""walking""]",0,1,0,aff93315-4e74-41b2-84a7-f597e1c55207,64BY,,0,0,1606703720844,0,1
plugin_ios_activity_recognition,"[""walking""]",0,2,0,aff93315-4e74-41b2-84a7-f597e1c55207,64BY,,0,0,1606703725989,0,1
plugin_ios_activity_recognition,"[""stationary""]",0,2,0,aff93315-4e74-41b2-84a7-f597e1c55207,64BY,,0,1,1606703754598,0,0
plugin_ios_activity_recognition,"[""stationary""]",0,2,0,aff93315-4e74-41b2-84a7-f597e1c55207,64BY,,0,1,1606703755477,0,0
plugin_ios_activity_recognition,"[""stationary""]",0,2,0,aff93315-4e74-41b2-84a7-f597e1c55207,64BY,,0,1,1606703935124,0,0
plugin_ios_activity_recognition,,0,2,0,aff93315-4e74-41b2-84a7-f597e1c55207,64BY,,0,0,1606703941983,0,0
plugin_ios_activity_recognition,"[""stationary""]",0,2,0,aff93315-4e74-41b2-84a7-f597e1c55207,64BY,,0,1,1606703957727,0,0
plugin_ios_activity_recognition,,0,2,0,aff93315-4e74-41b2-84a7-f597e1c55207,64BY,,0,0,1606704085102,0,0
plugin_ios_activity_recognition,"[""stationary""]",0,2,0,aff93315-4e74-41b2-84a7-f597e1c55207,64BY,,0,1,1606704100536,0,0
plugin_ios_activity_recognition,"[""stationary""]",0,2,0,aff93315-4e74-41b2-84a7-f597e1c55207,64BY,,0,1,1606704115216,0,0
plugin_ios_activity_recognition,,0,2,0,aff93315-4e74-41b2-84a7-f597e1c55207,64BY,,0,0,1606704129750,0,0
plugin_ios_activity_recognition,"[""stationary""]",0,2,0,aff93315-4e74-41b2-84a7-f597e1c55207,64BY,,0,1,1606704137145,0,0
plugin_ios_activity_recognition,,0,2,0,aff93315-4e74-41b2-84a7-f597e1c55207,64BY,,0,0,1606704146789,0,0
plugin_ios_activity_recognition,"[""stationary""]",0,2,0,aff93315-4e74-41b2-84a7-f597e1c55207,64BY,,0,1,1606704161899,0,0
plugin_ios_activity_recognition,"[""stationary""]",0,2,0,aff93315-4e74-41b2-84a7-f597e1c55207,64BY,,0,1,1606704295117,0,0
plugin_ios_activity_recognition,,0,2,0,aff93315-4e74-41b2-84a7-f597e1c55207,64BY,,0,0,1606704402531,0,0
plugin_ios_activity_recognition,"[""stationary""]",0,2,0,aff93315-4e74-41b2-84a7-f597e1c55207,64BY,,0,1,1606704406710,0,0
plugin_ios_activity_recognition,,0,2,0,aff93315-4e74-41b2-84a7-f597e1c55207,64BY,,0,0,1606704458055,0,0
plugin_ios_activity_recognition,"[""stationary""]",0,2,0,aff93315-4e74-41b2-84a7-f597e1c55207,64BY,,0,1,1606704463849,0,0
plugin_ios_activity_recognition,,0,2,0,aff93315-4e74-41b2-84a7-f597e1c55207,64BY,,0,0,1606704470593,0,0
plugin_ios_activity_recognition,,0,2,0,aff93315-4e74-41b2-84a7-f597e1c55207,64BY,,0,0,1606704475118,0,0
plugin_ios_activity_recognition,"[""stationary""]",0,2,0,aff93315-4e74-41b2-84a7-f597e1c55207,64BY,,0,1,1606704487631,0,0
plugin_ios_activity_recognition,"[""stationary""]",0,2,0,aff93315-4e74-41b2-84a7-f597e1c55207,64BY,,0,1,1606704656034,0,0
plugin_ios_activity_recognition,,0,2,0,aff93315-4e74-41b2-84a7-f597e1c55207,64BY,,0,0,1606704760108,0,0
plugin_ios_activity_recognition,"[""stationary""]",0,2,0,aff93315-4e74-41b2-84a7-f597e1c55207,64BY,,0,1,1606704764609,0,0
plugin_ios_activity_recognition,"[""stationary""]",0,2,0,aff93315-4e74-41b2-84a7-f597e1c55207,64BY,,0,1,1606704835172,0,0
plugin_ios_activity_recognition,"[""stationary""]",0,2,0,aff93315-4e74-41b2-84a7-f597e1c55207,64BY,supplement,0,1,1606705015172,0,0
plugin_ios_activity_recognition,"[""stationary""]",0,2,0,aff93315-4e74-41b2-84a7-f597e1c55207,64BY,,0,1,1606705015210,0,0
plugin_ios_activity_recognition,"[""stationary""]",0,2,0,aff93315-4e74-41b2-84a7-f597e1c55207,64BY,,0,1,1606705195165,0,0
plugin_ios_activity_recognition,"[""stationary""]",0,2,0,aff93315-4e74-41b2-84a7-f597e1c55207,64BY,supplement,0,1,1606705195172,0,0
plugin_ios_activity_recognition,,0,2,0,aff93315-4e74-41b2-84a7-f597e1c55207,64BY,,0,0,1606705251825,0,0
plugin_ios_activity_recognition,"[""stationary""]",0,2,0,aff93315-4e74-41b2-84a7-f597e1c55207,64BY,,0,1,1606705256322,0,0
plugin_ios_activity_recognition,"[""stationary""]",0,2,0,aff93315-4e74-41b2-84a7-f597e1c55207,64BY,,0,1,1606705375175,0,0
plugin_ios_activity_recognition,,0,2,0,aff93315-4e74-41b2-84a7-f597e1c55207,64BY,,0,0,1606705404985,0,0
plugin_ios_activity_recognition,"[""stationary""]",0,2,0,aff93315-4e74-41b2-84a7-f597e1c55207,64BY,,0,1,1606705408842,0,0
plugin_ios_activity_recognition,"[""stationary""]",0,2,0,aff93315-4e74-41b2-84a7-f597e1c55207,64BY,,0,1,1606705555891,0,0
plugin_ios_activity_recognition,,0,2,0,aff93315-4e74-41b2-84a7-f597e1c55207,64BY,,0,0,1606705620390,0,0
plugin_ios_activity_recognition,"[""stationary""]",0,2,0,aff93315-4e74-41b2-84a7-f597e1c55207,64BY,,0,1,1606705624891,0,0
plugin_ios_activity_recognition,"[""stationary""]",0,2,0,aff93315-4e74-41b2-84a7-f597e1c55207,64BY,,0,1,1606705735116,0,0
plugin_ios_activity_recognition,"[""stationary""]",0,2,0,aff93315-4e74-41b2-84a7-f597e1c55207,64BY,,0,1,1606705915114,0,0
plugin_ios_activity_recognition,,0,2,0,aff93315-4e74-41b2-84a7-f597e1c55207,64BY,,0,0,1606705961782,0,0
plugin_ios_activity_recognition,"[""stationary""]",0,2,0,aff93315-4e74-41b2-84a7-f597e1c55207,64BY,,0,1,1606705965639,0,0
plugin_ios_activity_recognition,,0,2,0,aff93315-4e74-41b2-84a7-f597e1c55207,64BY,,0,0,1606706036690,0,0
plugin_ios_activity_recognition,"[""stationary""]",0,2,0,aff93315-4e74-41b2-84a7-f597e1c55207,64BY,,0,1,1606706045370,0,0
plugin_ios_activity_recognition,"[""stationary""]",0,2,0,aff93315-4e74-41b2-84a7-f597e1c55207,64BY,,0,1,1606706095209,0,0
plugin_ios_activity_recognition,,0,2,0,aff93315-4e74-41b2-84a7-f597e1c55207,64BY,,0,0,1606706215109,0,0
plugin_ios_activity_recognition,,0,2,0,aff93315-4e74-41b2-84a7-f597e1c55207,64BY,,0,0,1606706275160,0,0
plugin_ios_activity_recognition,"[""stationary""]",0,2,0,aff93315-4e74-41b2-84a7-f597e1c55207,64BY,,0,1,1606706307379,0,0
plugin_ios_activity_recognition,,0,2,0,aff93315-4e74-41b2-84a7-f597e1c55207,64BY,,0,0,1606706443124,0,0
plugin_ios_activity_recognition,"[""stationary""]",0,2,0,aff93315-4e74-41b2-84a7-f597e1c55207,64BY,,0,1,1606706450197,0,0
plugin_ios_activity_recognition,"[""stationary""]",0,2,0,aff93315-4e74-41b2-84a7-f597e1c55207,64BY,,0,1,1606706455869,0,0
plugin_ios_activity_recognition,,0,2,0,aff93315-4e74-41b2-84a7-f597e1c55207,64BY,,0,0,1606706592901,0,0
plugin_ios_activity_recognition,"[""stationary""]",0,2,0,aff93315-4e74-41b2-84a7-f597e1c55207,64BY,,0,1,1606706597401,0,0
plugin_ios_activity_recognition,"[""stationary""]",0,2,0,aff93315-4e74-41b2-84a7-f597e1c55207,64BY,,0,1,1606706635170,0,0
plugin_ios_activity_recognition,"[""stationary""]",0,2,0,aff93315-4e74-41b2-84a7-f597e1c55207,64BY,supplement,0,1,1606706815170,0,0
plugin_ios_activity_recognition,"[""stationary""]",0,2,0,aff93315-4e74-41b2-84a7-f597e1c55207,64BY,,0,1,1606706815175,0,0
plugin_ios_activity_recognition,,0,2,0,aff93315-4e74-41b2-84a7-f597e1c55207,64BY,,0,0,1606706845595,0,0
plugin_ios_activity_recognition,"[""stationary""]",0,2,0,aff93315-4e74-41b2-84a7-f597e1c55207,64BY,,0,1,1606706849453,0,0
plugin_ios_activity_recognition,,0,2,0,aff93315-4e74-41b2-84a7-f597e1c55207,64BY,,0,0,1606706932242,0,0
plugin_ios_activity_recognition,"[""stationary""]",0,2,0,aff93315-4e74-41b2-84a7-f597e1c55207,64BY,,0,1,1606706936100,0,0
plugin_ios_activity_recognition,,0,2,0,aff93315-4e74-41b2-84a7-f597e1c55207,64BY,,0,0,1606706949924,0,0
plugin_ios_activity_recognition,"[""walking""]",0,1,0,aff93315-4e74-41b2-84a7-f597e1c55207,64BY,,0,0,1606706954430,0,1
plugin_ios_activity_recognition,"[""walking""]",0,2,0,aff93315-4e74-41b2-84a7-f597e1c55207,64BY,,0,0,1606706959882,0,1
plugin_ios_activity_recognition,"[""stationary""]",0,2,0,aff93315-4e74-41b2-84a7-f597e1c55207,64BY,,0,1,1606706986577,0,0
plugin_ios_activity_recognition,"[""walking""]",0,2,0,aff93315-4e74-41b2-84a7-f597e1c55207,64BY,,0,0,1606706990756,0,1
plugin_ios_activity_recognition,"[""walking""]",0,2,0,aff93315-4e74-41b2-84a7-f597e1c55207,64BY,,0,0,1606706995116,0,1
plugin_ios_activity_recognition,"[""stationary""]",0,2,0,aff93315-4e74-41b2-84a7-f597e1c55207,64BY,supplement,0,1,1606706995170,0,0
plugin_ios_activity_recognition,,0,2,0,aff93315-4e74-41b2-84a7-f597e1c55207,64BY,,0,0,1606707011014,0,0
plugin_ios_activity_recognition,"[""stationary""]",0,2,0,aff93315-4e74-41b2-84a7-f597e1c55207,64BY,,0,1,1606707076269,0,0
plugin_ios_activity_recognition,,0,2,0,aff93315-4e74-41b2-84a7-f597e1c55207,64BY,,0,0,1606707096174,0,0
plugin_ios_activity_recognition,"[""stationary""]",0,2,0,aff93315-4e74-41b2-84a7-f597e1c55207,64BY,,0,1,1606707105826,0,0
plugin_ios_activity_recognition,,0,2,0,aff93315-4e74-41b2-84a7-f597e1c55207,64BY,,0,0,1606707146805,0,0
plugin_ios_activity_recognition,"[""walking""]",0,1,0,aff93315-4e74-41b2-84a7-f597e1c55207,64BY,,0,0,1606707149704,0,1
plugin_ios_activity_recognition,"[""walking""]",0,2,0,aff93315-4e74-41b2-84a7-f597e1c55207,64BY,,0,0,1606707152278,0,1
plugin_ios_activity_recognition,"[""walking""]",0,2,0,aff93315-4e74-41b2-84a7-f597e1c55207,64BY,,0,0,1606707175119,0,1
plugin_ios_activity_recognition,"[""stationary""]",0,2,0,aff93315-4e74-41b2-84a7-f597e1c55207,64BY,,0,1,1606707187969,0,0
plugin_ios_activity_recognition,"[""walking""]",0,2,0,aff93315-4e74-41b2-84a7-f597e1c55207,64BY,,0,0,1606707189256,0,1
plugin_ios_activity_recognition,,0,2,0,aff93315-4e74-41b2-84a7-f597e1c55207,64BY,,0,0,1606707203728,0,0
plugin_ios_activity_recognition,"[""stationary""]",0,2,0,aff93315-4e74-41b2-84a7-f597e1c55207,64BY,,0,1,1606707311767,0,0
plugin_ios_activity_recognition,,0,2,0,aff93315-4e74-41b2-84a7-f597e1c55207,64BY,,0,0,1606707312085,0,0
plugin_ios_activity_recognition,"[""stationary""]",0,2,0,aff93315-4e74-41b2-84a7-f597e1c55207,64BY,,0,1,1606707339740,0,0
plugin_ios_activity_recognition,,0,2,0,aff93315-4e74-41b2-84a7-f597e1c55207,64BY,,0,0,1606707347128,0,0
plugin_ios_activity_recognition,"[""stationary""]",0,2,0,aff93315-4e74-41b2-84a7-f597e1c55207,64BY,,0,1,1606707351309,0,0
plugin_ios_activity_recognition,,0,2,0,aff93315-4e74-41b2-84a7-f597e1c55207,64BY,,0,0,1606707355811,0,0
plugin_ios_activity_recognition,,0,2,0,aff93315-4e74-41b2-84a7-f597e1c55207,64BY,,0,0,1606707355864,0,0
plugin_ios_activity_recognition,"[""stationary""]",0,2,0,aff93315-4e74-41b2-84a7-f597e1c55207,64BY,,0,1,1606707368356,0,0
plugin_ios_activity_recognition,,0,2,0,aff93315-4e74-41b2-84a7-f597e1c55207,64BY,,0,0,1606707371246,0,0
plugin_ios_activity_recognition,"[""stationary""]",0,2,0,aff93315-4e74-41b2-84a7-f597e1c55207,64BY,,0,1,1606707392469,0,0
plugin_ios_activity_recognition,,0,2,0,aff93315-4e74-41b2-84a7-f597e1c55207,64BY,,0,0,1606707395685,0,0
plugin_ios_activity_recognition,,0,2,0,aff93315-4e74-41b2-84a7-f597e1c55207,64BY,,0,0,1606707535172,0,0
plugin_ios_activity_recognition,"[""stationary""]",0,2,0,aff93315-4e74-41b2-84a7-f597e1c55207,64BY,,0,1,1606707549074,0,0
plugin_ios_activity_recognition,,0,2,0,aff93315-4e74-41b2-84a7-f597e1c55207,64BY,,0,0,1606707561588,0,0
plugin_ios_activity_recognition,"[""stationary""]",0,2,0,aff93315-4e74-41b2-84a7-f597e1c55207,64BY,,0,1,1606707569306,0,0
plugin_ios_activity_recognition,,0,2,0,aff93315-4e74-41b2-84a7-f597e1c55207,64BY,,0,0,1606707575738,0,0
plugin_ios_activity_recognition,"[""walking""]",0,1,0,aff93315-4e74-41b2-84a7-f597e1c55207,64BY,,0,0,1606707584429,0,1
plugin_ios_activity_recognition,"[""walking""]",0,2,0,aff93315-4e74-41b2-84a7-f597e1c55207,64BY,,0,0,1606707589568,0,1
plugin_ios_activity_recognition,"[""stationary""]",0,2,0,aff93315-4e74-41b2-84a7-f597e1c55207,64BY,,0,1,1606707620118,0,0
plugin_ios_activity_recognition,"[""walking""]",0,2,0,aff93315-4e74-41b2-84a7-f597e1c55207,64BY,,0,0,1606707633595,0,1
plugin_ios_activity_recognition,"[""stationary""]",0,2,0,aff93315-4e74-41b2-84a7-f597e1c55207,64BY,,0,1,1606707637132,0,0
plugin_ios_activity_recognition,"[""walking""]",0,2,0,aff93315-4e74-41b2-84a7-f597e1c55207,64BY,,0,0,1606707642920,0,1
plugin_ios_activity_recognition,,0,2,0,aff93315-4e74-41b2-84a7-f597e1c55207,64BY,,0,0,1606707643567,0,0
plugin_ios_activity_recognition,"[""stationary""]",0,2,0,aff93315-4e74-41b2-84a7-f597e1c55207,64BY,,0,1,1606707659320,0,0
plugin_ios_activity_recognition,,0,2,0,aff93315-4e74-41b2-84a7-f597e1c55207,64BY,,0,0,1606707674751,0,0
plugin_ios_activity_recognition,"[""stationary""]",0,2,0,aff93315-4e74-41b2-84a7-f597e1c55207,64BY,,0,1,1606707678931,0,0
plugin_ios_activity_recognition,,0,2,0,aff93315-4e74-41b2-84a7-f597e1c55207,64BY,,0,0,1606707697533,0,0
plugin_ios_activity_recognition,"[""walking""]",0,1,0,aff93315-4e74-41b2-84a7-f597e1c55207,64BY,,0,0,1606707700107,0,1
plugin_ios_activity_recognition,"[""walking""]",0,1,0,aff93315-4e74-41b2-84a7-f597e1c55207,64BY,,0,0,1606707715211,0,1
plugin_ios_activity_recognition,"[""stationary""]",0,2,0,aff93315-4e74-41b2-84a7-f597e1c55207,64BY,,0,1,1606707718117,0,0
plugin_ios_activity_recognition,"[""walking""]",0,2,0,aff93315-4e74-41b2-84a7-f597e1c55207,64BY,,0,0,1606707720363,0,1
plugin_ios_activity_recognition,"[""stationary""]",0,2,0,aff93315-4e74-41b2-84a7-f597e1c55207,64BY,,0,1,1606707731301,0,0
plugin_ios_activity_recognition,"[""walking""]",0,2,0,aff93315-4e74-41b2-84a7-f597e1c55207,64BY,,0,0,1606707737406,0,1
plugin_ios_activity_recognition,,0,2,0,aff93315-4e74-41b2-84a7-f597e1c55207,64BY,,0,0,1606707741275,0,0
plugin_ios_activity_recognition,"[""stationary""]",0,2,0,aff93315-4e74-41b2-84a7-f597e1c55207,64BY,,0,1,1606707755099,0,0
plugin_ios_activity_recognition,,0,2,0,aff93315-4e74-41b2-84a7-f597e1c55207,64BY,,0,0,1606707769552,0,0
plugin_ios_activity_recognition,"[""stationary""]",0,2,0,aff93315-4e74-41b2-84a7-f597e1c55207,64BY,,0,1,1606707773085,0,0
plugin_ios_activity_recognition,,0,2,0,aff93315-4e74-41b2-84a7-f597e1c55207,64BY,,0,0,1606707779196,0,0
plugin_ios_activity_recognition,"[""stationary""]",0,2,0,aff93315-4e74-41b2-84a7-f597e1c55207,64BY,,0,1,1606707785305,0,0
plugin_ios_activity_recognition,,0,2,0,aff93315-4e74-41b2-84a7-f597e1c55207,64BY,,0,0,1606707789808,0,0
plugin_ios_activity_recognition,"[""stationary""]",0,2,0,aff93315-4e74-41b2-84a7-f597e1c55207,64BY,,0,1,1606707797525,0,0
plugin_ios_activity_recognition,,0,2,0,aff93315-4e74-41b2-84a7-f597e1c55207,64BY,,0,0,1606707812275,0,0
plugin_ios_activity_recognition,"[""stationary""]",0,2,0,aff93315-4e74-41b2-84a7-f597e1c55207,64BY,,0,1,1606707816455,0,0
plugin_ios_activity_recognition,,0,2,0,aff93315-4e74-41b2-84a7-f597e1c55207,64BY,,0,0,1606707827388,0,0
plugin_ios_activity_recognition,"[""stationary""]",0,2,0,aff93315-4e74-41b2-84a7-f597e1c55207,64BY,,0,1,1606707871438,0,0
plugin_ios_activity_recognition,,0,2,0,aff93315-4e74-41b2-84a7-f597e1c55207,64BY,,0,0,1606707874011,0,0
plugin_ios_activity_recognition,,0,2,0,aff93315-4e74-41b2-84a7-f597e1c55207,64BY,,0,0,1606707895121,0,0
plugin_ios_activity_recognition,"[""stationary""]",0,2,0,aff93315-4e74-41b2-84a7-f597e1c55207,64BY,,0,1,1606707927404,0,0
plugin_ios_activity_recognition,,0,2,0,aff93315-4e74-41b2-84a7-f597e1c55207,64BY,,0,0,1606707966519,0,0
plugin_ios_activity_recognition,"[""stationary""]",0,2,0,aff93315-4e74-41b2-84a7-f597e1c55207,64BY,,0,1,1606707986454,0,0
plugin_ios_activity_recognition,,0,2,0,aff93315-4e74-41b2-84a7-f597e1c55207,64BY,,0,0,1606707990630,0,0
plugin_ios_activity_recognition,"[""stationary""]",0,2,0,aff93315-4e74-41b2-84a7-f597e1c55207,64BY,,0,1,1606708002524,0,0
plugin_ios_activity_recognition,,0,2,0,aff93315-4e74-41b2-84a7-f597e1c55207,64BY,,0,0,1606708013426,0,0
plugin_ios_activity_recognition,"[""walking""]",0,1,0,aff93315-4e74-41b2-84a7-f597e1c55207,64BY,,0,0,1606708018890,0,1
plugin_ios_activity_recognition,"[""walking""]",0,2,0,aff93315-4e74-41b2-84a7-f597e1c55207,64BY,,0,0,1606708021469,0,1
plugin_ios_activity_recognition,"[""stationary""]",0,2,0,aff93315-4e74-41b2-84a7-f597e1c55207,64BY,,0,1,1606708053301,0,0
plugin_ios_activity_recognition,"[""walking""]",0,2,0,aff93315-4e74-41b2-84a7-f597e1c55207,64BY,,0,0,1606708059411,0,1
plugin_ios_activity_recognition,"[""stationary""]",0,2,0,aff93315-4e74-41b2-84a7-f597e1c55207,64BY,,0,1,1606708062949,0,0
plugin_ios_activity_recognition,"[""stationary""]",0,2,0,aff93315-4e74-41b2-84a7-f597e1c55207,64BY,,0,1,1606708075178,0,0
plugin_ios_activity_recognition,,0,2,0,aff93315-4e74-41b2-84a7-f597e1c55207,64BY,,0,0,1606708087355,0,0
plugin_ios_activity_recognition,"[""stationary""]",0,2,0,aff93315-4e74-41b2-84a7-f597e1c55207,64BY,,0,1,1606708109544,0,0
plugin_ios_activity_recognition,,0,2,0,aff93315-4e74-41b2-84a7-f597e1c55207,64BY,,0,0,1606708146756,0,0
plugin_ios_activity_recognition,"[""stationary""]",0,2,0,aff93315-4e74-41b2-84a7-f597e1c55207,64BY,,0,1,1606708166372,0,0
plugin_ios_activity_recognition,,0,2,0,aff93315-4e74-41b2-84a7-f597e1c55207,64BY,,0,0,1606708187879,0,0
plugin_ios_activity_recognition,"[""stationary""]",0,2,0,aff93315-4e74-41b2-84a7-f597e1c55207,64BY,,0,1,1606708193346,0,0
plugin_ios_activity_recognition,,0,2,0,aff93315-4e74-41b2-84a7-f597e1c55207,64BY,,0,0,1606708210046,0,0
plugin_ios_activity_recognition,"[""stationary""]",0,2,0,aff93315-4e74-41b2-84a7-f597e1c55207,64BY,,0,1,1606708219693,0,0
plugin_ios_activity_recognition,,0,2,0,aff93315-4e74-41b2-84a7-f597e1c55207,64BY,,0,0,1606708254054,0,0
plugin_ios_activity_recognition,,0,2,0,aff93315-4e74-41b2-84a7-f597e1c55207,64BY,,0,0,1606708256043,0,0
plugin_ios_activity_recognition,"[""stationary""]",0,2,0,aff93315-4e74-41b2-84a7-f597e1c55207,64BY,,0,1,1606708273353,0,0
plugin_ios_activity_recognition,,0,2,0,aff93315-4e74-41b2-84a7-f597e1c55207,64BY,,0,0,1606708320279,0,0
plugin_ios_activity_recognition,"[""stationary""]",0,2,0,aff93315-4e74-41b2-84a7-f597e1c55207,64BY,,0,1,1606708352759,0,0
plugin_ios_activity_recognition,,0,2,0,aff93315-4e74-41b2-84a7-f597e1c55207,64BY,,0,0,1606708356618,0,0
plugin_ios_activity_recognition,"[""stationary""]",0,2,0,aff93315-4e74-41b2-84a7-f597e1c55207,64BY,,0,1,1606708374305,0,0
plugin_ios_activity_recognition,,0,2,0,aff93315-4e74-41b2-84a7-f597e1c55207,64BY,,0,0,1606708374948,0,0
plugin_ios_activity_recognition,"[""stationary""]",0,2,0,aff93315-4e74-41b2-84a7-f597e1c55207,64BY,,0,1,1606708382345,0,0
plugin_ios_activity_recognition,,0,2,0,aff93315-4e74-41b2-84a7-f597e1c55207,64BY,,0,0,1606708407690,0,0
plugin_ios_activity_recognition,"[""stationary""]",0,2,0,aff93315-4e74-41b2-84a7-f597e1c55207,64BY,,0,1,1606708428271,0,0
plugin_ios_activity_recognition,"[""stationary""]",0,2,0,aff93315-4e74-41b2-84a7-f597e1c55207,64BY,,0,1,1606708435126,0,0
plugin_ios_activity_recognition,,0,2,0,aff93315-4e74-41b2-84a7-f597e1c55207,64BY,,0,0,1606708451425,0,0
plugin_ios_activity_recognition,"[""stationary""]",0,2,0,aff93315-4e74-41b2-84a7-f597e1c55207,64BY,,0,1,1606708454962,0,0
plugin_ios_activity_recognition,,0,2,0,aff93315-4e74-41b2-84a7-f597e1c55207,64BY,,0,0,1606708469103,0,0
plugin_ios_activity_recognition,"[""walking""]",0,1,0,aff93315-4e74-41b2-84a7-f597e1c55207,64BY,,0,0,1606708545969,0,1
plugin_ios_activity_recognition,"[""walking""]",0,2,0,aff93315-4e74-41b2-84a7-f597e1c55207,64BY,,0,0,1606708576841,0,1
plugin_ios_activity_recognition,"[""walking""]",0,2,0,aff93315-4e74-41b2-84a7-f597e1c55207,64BY,,0,0,1606708615226,0,1
plugin_ios_activity_recognition,,0,2,0,aff93315-4e74-41b2-84a7-f597e1c55207,64BY,,0,0,1606708630864,0,0
plugin_ios_activity_recognition,"[""stationary""]",0,2,0,aff93315-4e74-41b2-84a7-f597e1c55207,64BY,,0,1,1606708644043,0,0
plugin_ios_activity_recognition,,0,2,0,aff93315-4e74-41b2-84a7-f597e1c55207,64BY,,0,0,1606708654655,0,0
plugin_ios_activity_recognition,"[""stationary""]",0,2,0,aff93315-4e74-41b2-84a7-f597e1c55207,64BY,,0,1,1606708658192,0,0
plugin_ios_activity_recognition,,0,2,0,aff93315-4e74-41b2-84a7-f597e1c55207,64BY,,0,0,1606708675830,0,0
plugin_ios_activity_recognition,"[""stationary""]",0,2,0,aff93315-4e74-41b2-84a7-f597e1c55207,64BY,,0,1,1606708732752,0,0
plugin_ios_activity_recognition,,0,2,0,aff93315-4e74-41b2-84a7-f597e1c55207,64BY,,0,0,1606708738219,0,0
plugin_ios_activity_recognition,"[""stationary""]",0,2,0,aff93315-4e74-41b2-84a7-f597e1c55207,64BY,,0,1,1606708746259,0,0
plugin_ios_activity_recognition,,0,2,0,aff93315-4e74-41b2-84a7-f597e1c55207,64BY,,0,0,1606708747545,0,0
plugin_ios_activity_recognition,"[""stationary""]",0,2,0,aff93315-4e74-41b2-84a7-f597e1c55207,64BY,,0,1,1606708751729,0,0
plugin_ios_activity_recognition,,0,2,0,aff93315-4e74-41b2-84a7-f597e1c55207,64BY,,0,0,1606708758158,0,0
plugin_ios_activity_recognition,"[""stationary""]",0,2,0,aff93315-4e74-41b2-84a7-f597e1c55207,64BY,,0,1,1606708761695,0,0
plugin_ios_activity_recognition,"[""stationary""]",0,2,0,aff93315-4e74-41b2-84a7-f597e1c55207,64BY,,0,1,1606708795194,0,0
plugin_ios_activity_recognition,,0,2,0,aff93315-4e74-41b2-84a7-f597e1c55207,64BY,,0,0,1606708796343,0,0
plugin_ios_activity_recognition,"[""stationary""]",0,2,0,aff93315-4e74-41b2-84a7-f597e1c55207,64BY,,0,1,1606708800527,0,0
plugin_ios_activity_recognition,,0,2,0,aff93315-4e74-41b2-84a7-f597e1c55207,64BY,,0,0,1606708817232,0,0
plugin_ios_activity_recognition,"[""stationary""]",0,2,0,aff93315-4e74-41b2-84a7-f597e1c55207,64BY,,0,1,1606708820770,0,0
plugin_ios_activity_recognition,,0,2,0,aff93315-4e74-41b2-84a7-f597e1c55207,64BY,,0,0,1606708825915,0,0
plugin_ios_activity_recognition,"[""stationary""]",0,2,0,aff93315-4e74-41b2-84a7-f597e1c55207,64BY,,0,1,1606708835562,0,0
plugin_ios_activity_recognition,,0,2,0,aff93315-4e74-41b2-84a7-f597e1c55207,64BY,,0,0,1606708844567,0,0
plugin_ios_activity_recognition,"[""stationary""]",0,2,0,aff93315-4e74-41b2-84a7-f597e1c55207,64BY,,0,1,1606708849395,0,0
plugin_ios_activity_recognition,,0,2,0,aff93315-4e74-41b2-84a7-f597e1c55207,64BY,,0,0,1606708859339,0,0
plugin_ios_activity_recognition,"[""stationary""]",0,2,0,aff93315-4e74-41b2-84a7-f597e1c55207,64BY,,0,1,1606708884750,0,0
plugin_ios_activity_recognition,,0,2,0,aff93315-4e74-41b2-84a7-f597e1c55207,64BY,,0,0,1606708895352,0,0
plugin_ios_activity_recognition,"[""stationary""]",0,2,0,aff93315-4e74-41b2-84a7-f597e1c55207,64BY,,0,1,1606708902105,0,0
plugin_ios_activity_recognition,,0,2,0,aff93315-4e74-41b2-84a7-f597e1c55207,64BY,,0,0,1606708914309,0,0
plugin_ios_activity_recognition,"[""stationary""]",0,2,0,aff93315-4e74-41b2-84a7-f597e1c55207,64BY,,0,1,1606708931678,0,0
plugin_ios_activity_recognition,,0,2,0,aff93315-4e74-41b2-84a7-f597e1c55207,64BY,,0,0,1606708939059,0,0
plugin_ios_activity_recognition,"[""stationary""]",0,2,0,aff93315-4e74-41b2-84a7-f597e1c55207,64BY,,0,1,1606708948706,0,0
plugin_ios_activity_recognition,,0,2,0,aff93315-4e74-41b2-84a7-f597e1c55207,64BY,,0,0,1606708975039,0,0
plugin_ios_activity_recognition,,0,2,0,aff93315-4e74-41b2-84a7-f597e1c55207,64BY,,0,0,1606708975165,0,0
plugin_ios_activity_recognition,"[""stationary""]",0,2,0,aff93315-4e74-41b2-84a7-f597e1c55207,64BY,,0,1,1606709013301,0,0
plugin_ios_activity_recognition,,0,2,0,aff93315-4e74-41b2-84a7-f597e1c55207,64BY,,0,0,1606709015877,0,0
plugin_ios_activity_recognition,"[""stationary""]",0,2,0,aff93315-4e74-41b2-84a7-f597e1c55207,64BY,,0,1,1606709108496,0,0
plugin_ios_activity_recognition,,0,2,0,aff93315-4e74-41b2-84a7-f597e1c55207,64BY,,0,0,1606709110425,0,0
plugin_ios_activity_recognition,"[""walking""]",0,1,0,aff93315-4e74-41b2-84a7-f597e1c55207,64BY,,0,0,1606709129728,0,1
plugin_ios_activity_recognition,"[""walking""]",0,2,0,aff93315-4e74-41b2-84a7-f597e1c55207,64BY,,0,0,1606709137450,0,1
plugin_ios_activity_recognition,"[""walking""]",0,2,0,aff93315-4e74-41b2-84a7-f597e1c55207,64BY,,0,0,1606709155827,0,1
plugin_ios_activity_recognition,"[""stationary""]",0,2,0,aff93315-4e74-41b2-84a7-f597e1c55207,64BY,,0,1,1606709164447,0,0
plugin_ios_activity_recognition,"[""walking""]",0,2,0,aff93315-4e74-41b2-84a7-f597e1c55207,64BY,,0,0,1606709164769,0,1
plugin_ios_activity_recognition,"[""stationary""]",0,2,0,aff93315-4e74-41b2-84a7-f597e1c55207,64BY,,0,1,1606709200144,0,0
plugin_ios_activity_recognition,"[""walking""]",0,2,0,aff93315-4e74-41b2-84a7-f597e1c55207,64BY,,0,0,1606709200787,0,1
plugin_ios_activity_recognition,"[""stationary""]",0,2,0,aff93315-4e74-41b2-84a7-f597e1c55207,64BY,,0,1,1606709206908,0,0
plugin_ios_activity_recognition,"[""walking""]",0,2,0,aff93315-4e74-41b2-84a7-f597e1c55207,64BY,,0,0,1606709210109,0,1
plugin_ios_activity_recognition,,0,2,0,aff93315-4e74-41b2-84a7-f597e1c55207,64BY,,0,0,1606709219760,0,0
plugin_ios_activity_recognition,"[""stationary""]",0,2,0,aff93315-4e74-41b2-84a7-f597e1c55207,64BY,,0,1,1606709243232,0,0
plugin_ios_activity_recognition,,0,2,0,aff93315-4e74-41b2-84a7-f597e1c55207,64BY,,0,0,1606709251272,0,0
plugin_ios_activity_recognition,"[""stationary""]",0,2,0,aff93315-4e74-41b2-84a7-f597e1c55207,64BY,,0,1,1606709300473,0,0
plugin_ios_activity_recognition,,0,2,0,aff93315-4e74-41b2-84a7-f597e1c55207,64BY,,0,0,1606709301117,0,0
plugin_ios_activity_recognition,"[""stationary""]",0,2,0,aff93315-4e74-41b2-84a7-f597e1c55207,64BY,,0,1,1606709313336,0,0
plugin_ios_activity_recognition,"[""stationary""]",0,2,0,aff93315-4e74-41b2-84a7-f597e1c55207,64BY,,0,1,1606709335140,0,0
plugin_ios_activity_recognition,,0,2,0,aff93315-4e74-41b2-84a7-f597e1c55207,64BY,,0,0,1606709343808,0,0
plugin_ios_activity_recognition,"[""stationary""]",0,2,0,aff93315-4e74-41b2-84a7-f597e1c55207,64BY,,0,1,1606709359236,0,0
plugin_ios_activity_recognition,,0,2,0,aff93315-4e74-41b2-84a7-f597e1c55207,64BY,,0,0,1606709382642,0,0
plugin_ios_activity_recognition,"[""stationary""]",0,2,0,aff93315-4e74-41b2-84a7-f597e1c55207,64BY,,0,1,1606709407082,0,0
plugin_ios_activity_recognition,,0,2,0,aff93315-4e74-41b2-84a7-f597e1c55207,64BY,,0,0,1606709413193,0,0
plugin_ios_activity_recognition,"[""stationary""]",0,2,0,aff93315-4e74-41b2-84a7-f597e1c55207,64BY,,0,1,1606709425091,0,0
plugin_ios_activity_recognition,,0,2,0,aff93315-4e74-41b2-84a7-f597e1c55207,64BY,,0,0,1606709450462,0,0
plugin_ios_activity_recognition,"[""walking""]",0,1,0,aff93315-4e74-41b2-84a7-f597e1c55207,64BY,,0,0,1606709497417,0,1
plugin_ios_activity_recognition,"[""walking""]",0,2,0,aff93315-4e74-41b2-84a7-f597e1c55207,64BY,,0,0,1606709499989,0,1
plugin_ios_activity_recognition,"[""walking""]",0,2,0,aff93315-4e74-41b2-84a7-f597e1c55207,64BY,,0,0,1606709515160,0,1
plugin_ios_activity_recognition,,0,2,0,aff93315-4e74-41b2-84a7-f597e1c55207,64BY,,0,0,1606709590993,0,0
plugin_ios_activity_recognition,"[""stationary""]",0,2,0,aff93315-4e74-41b2-84a7-f597e1c55207,64BY,,0,1,1606709601927,0,0
plugin_ios_activity_recognition,,0,2,0,aff93315-4e74-41b2-84a7-f597e1c55207,64BY,,0,0,1606709616719,0,0
plugin_ios_activity_recognition,"[""walking""]",0,1,0,aff93315-4e74-41b2-84a7-f597e1c55207,64BY,,0,0,1606709620906,0,1
plugin_ios_activity_recognition,"[""walking""]",0,2,0,aff93315-4e74-41b2-84a7-f597e1c55207,64BY,,0,0,1606709623478,0,1
plugin_ios_activity_recognition,"[""stationary""]",0,2,0,aff93315-4e74-41b2-84a7-f597e1c55207,64BY,,0,1,1606709651129,0,0
plugin_ios_activity_recognition,"[""walking""]",0,2,0,aff93315-4e74-41b2-84a7-f597e1c55207,64BY,,0,0,1606709654660,0,1
plugin_ios_activity_recognition,"[""stationary""]",0,2,0,aff93315-4e74-41b2-84a7-f597e1c55207,64BY,,0,1,1606709662378,0,0
plugin_ios_activity_recognition,"[""walking""]",0,2,0,aff93315-4e74-41b2-84a7-f597e1c55207,64BY,,0,0,1606709663342,0,1
plugin_ios_activity_recognition,"[""stationary""]",0,2,0,aff93315-4e74-41b2-84a7-f597e1c55207,64BY,,0,1,1606709667523,0,0
plugin_ios_activity_recognition,,0,2,0,aff93315-4e74-41b2-84a7-f597e1c55207,64BY,,0,0,1606709680994,0,0
plugin_ios_activity_recognition,,0,2,0,aff93315-4e74-41b2-84a7-f597e1c55207,64BY,,0,0,1606709695142,0,0
plugin_ios_activity_recognition,"[""stationary""]",0,2,0,aff93315-4e74-41b2-84a7-f597e1c55207,64BY,,0,1,1606709704148,0,0
plugin_ios_activity_recognition,,0,2,0,aff93315-4e74-41b2-84a7-f597e1c55207,64BY,,0,0,1606709714111,0,0
plugin_ios_activity_recognition,"[""stationary""]",0,2,0,aff93315-4e74-41b2-84a7-f597e1c55207,64BY,,0,1,1606709717648,0,0
plugin_ios_activity_recognition,,0,2,0,aff93315-4e74-41b2-84a7-f597e1c55207,64BY,,0,0,1606709730818,0,0
plugin_ios_activity_recognition,"[""stationary""]",0,2,0,aff93315-4e74-41b2-84a7-f597e1c55207,64BY,,0,1,1606709753972,0,0
plugin_ios_activity_recognition,,0,2,0,aff93315-4e74-41b2-84a7-f597e1c55207,64BY,,0,0,1606709759764,0,0
plugin_ios_activity_recognition,"[""stationary""]",0,2,0,aff93315-4e74-41b2-84a7-f597e1c55207,64BY,,0,1,1606709768122,0,0
plugin_ios_activity_recognition,,0,2,0,aff93315-4e74-41b2-84a7-f597e1c55207,64BY,,0,0,1606709774875,0,0
plugin_ios_activity_recognition,"[""stationary""]",0,2,0,aff93315-4e74-41b2-84a7-f597e1c55207,64BY,,0,1,1606709802209,0,0
plugin_ios_activity_recognition,,0,2,0,aff93315-4e74-41b2-84a7-f597e1c55207,64BY,,0,0,1606709803499,0,0
plugin_ios_activity_recognition,"[""stationary""]",0,2,0,aff93315-4e74-41b2-84a7-f597e1c55207,64BY,,0,1,1606709807683,0,0
plugin_ios_activity_recognition,,0,2,0,aff93315-4e74-41b2-84a7-f597e1c55207,64BY,,0,0,1606709819203,0,0
plugin_ios_activity_recognition,"[""stationary""]",0,2,0,aff93315-4e74-41b2-84a7-f597e1c55207,64BY,,0,1,1606709852004,0,0
plugin_ios_activity_recognition,,0,2,0,aff93315-4e74-41b2-84a7-f597e1c55207,64BY,,0,0,1606709856506,0,0
plugin_ios_activity_recognition,"[""stationary""]",0,2,0,aff93315-4e74-41b2-84a7-f597e1c55207,64BY,,0,1,1606709871620,0,0
plugin_ios_activity_recognition,"[""stationary""]",0,2,0,aff93315-4e74-41b2-84a7-f597e1c55207,64BY,,0,1,1606709875205,0,0
plugin_ios_activity_recognition,,0,2,0,aff93315-4e74-41b2-84a7-f597e1c55207,64BY,,0,0,1606709879660,0,0
plugin_ios_activity_recognition,"[""stationary""]",0,2,0,aff93315-4e74-41b2-84a7-f597e1c55207,64BY,,0,1,1606709892505,0,0
plugin_ios_activity_recognition,,0,2,0,aff93315-4e74-41b2-84a7-f597e1c55207,64BY,,0,0,1606709903105,0,0
plugin_ios_activity_recognition,"[""stationary""]",0,2,0,aff93315-4e74-41b2-84a7-f597e1c55207,64BY,,0,1,1606709916933,0,0
plugin_ios_activity_recognition,,0,2,0,aff93315-4e74-41b2-84a7-f597e1c55207,64BY,,0,0,1606709923997,0,0
plugin_ios_activity_recognition,"[""stationary""]",0,2,0,aff93315-4e74-41b2-84a7-f597e1c55207,64BY,,0,1,1606709928177,0,0
plugin_ios_activity_recognition,,0,2,0,aff93315-4e74-41b2-84a7-f597e1c55207,64BY,,0,0,1606709933644,0,0
plugin_ios_activity_recognition,"[""stationary""]",0,2,0,aff93315-4e74-41b2-84a7-f597e1c55207,64BY,,0,1,1606709946190,0,0
plugin_ios_activity_recognition,,0,2,0,aff93315-4e74-41b2-84a7-f597e1c55207,64BY,,0,0,1606709951002,0,0
plugin_ios_activity_recognition,"[""stationary""]",0,2,0,aff93315-4e74-41b2-84a7-f597e1c55207,64BY,,0,1,1606709963852,0,0
plugin_ios_activity_recognition,,0,2,0,aff93315-4e74-41b2-84a7-f597e1c55207,64BY,,0,0,1606709978644,0,0
plugin_ios_activity_recognition,"[""stationary""]",0,2,0,aff93315-4e74-41b2-84a7-f597e1c55207,64BY,,0,1,1606709982181,0,0
plugin_ios_activity_recognition,,0,2,0,aff93315-4e74-41b2-84a7-f597e1c55207,64BY,,0,0,1606709983146,0,0
plugin_ios_activity_recognition,"[""stationary""]",0,2,0,aff93315-4e74-41b2-84a7-f597e1c55207,64BY,,0,1,1606709990864,0,0
plugin_ios_activity_recognition,,0,2,0,aff93315-4e74-41b2-84a7-f597e1c55207,64BY,,0,0,1606709993115,0,0
plugin_ios_activity_recognition,"[""stationary""]",0,2,0,aff93315-4e74-41b2-84a7-f597e1c55207,64BY,,0,1,1606710009515,0,0
plugin_ios_activity_recognition,,0,2,0,aff93315-4e74-41b2-84a7-f597e1c55207,64BY,,0,0,1606710011445,0,0
plugin_ios_activity_recognition,,0,2,0,aff93315-4e74-41b2-84a7-f597e1c55207,64BY,,0,0,1606710055520,0,0
plugin_ios_activity_recognition,"[""stationary""]",0,2,0,aff93315-4e74-41b2-84a7-f597e1c55207,64BY,,0,1,1606710062902,0,0
plugin_ios_activity_recognition,,0,2,0,aff93315-4e74-41b2-84a7-f597e1c55207,64BY,,0,0,1606710066439,0,0
plugin_ios_activity_recognition,"[""stationary""]",0,2,0,aff93315-4e74-41b2-84a7-f597e1c55207,64BY,,0,1,1606710116286,0,0
plugin_ios_activity_recognition,,0,2,0,aff93315-4e74-41b2-84a7-f597e1c55207,64BY,,0,0,1606710127543,0,0
plugin_ios_activity_recognition,"[""stationary""]",0,2,0,aff93315-4e74-41b2-84a7-f597e1c55207,64BY,,0,1,1606710134936,0,0
plugin_ios_activity_recognition,,0,2,0,aff93315-4e74-41b2-84a7-f597e1c55207,64BY,,0,0,1606710144905,0,0
plugin_ios_activity_recognition,"[""stationary""]",0,2,0,aff93315-4e74-41b2-84a7-f597e1c55207,64BY,,0,1,1606710151015,0,0
plugin_ios_activity_recognition,"[""stationary""]",0,2,0,aff93315-4e74-41b2-84a7-f597e1c55207,64BY,,0,1,1606710235195,0,0
plugin_ios_activity_recognition,"[""stationary""]",0,2,0,aff93315-4e74-41b2-84a7-f597e1c55207,64BY,supplement,0,1,1606710415195,0,0
plugin_ios_activity_recognition,"[""stationary""]",0,2,0,aff93315-4e74-41b2-84a7-f597e1c55207,64BY,,0,1,1606710415232,0,0
plugin_ios_activity_recognition,"[""stationary""]",0,2,0,aff93315-4e74-41b2-84a7-f597e1c55207,64BY,,0,1,1606710595154,0,0
plugin_ios_activity_recognition,"[""stationary""]",0,2,0,aff93315-4e74-41b2-84a7-f597e1c55207,64BY,supplement,0,1,1606710595195,0,0
plugin_ios_activity_recognition,"[""stationary""]",0,2,0,aff93315-4e74-41b2-84a7-f597e1c55207,64BY,,0,1,1606710775154,0,0
plugin_ios_activity_recognition,"[""stationary""]",0,2,0,aff93315-4e74-41b2-84a7-f597e1c55207,64BY,supplement,0,1,1606710955154,0,0
plugin_ios_activity_recognition,"[""stationary""]",0,2,0,aff93315-4e74-41b2-84a7-f597e1c55207,64BY,,0,1,1606710955524,0,0
plugin_ios_activity_recognition,"[""stationary""]",0,2,0,aff93315-4e74-41b2-84a7-f597e1c55207,64BY,supplement,0,1,1606711135154,0,0
plugin_ios_activity_recognition,"[""stationary""]",0,2,0,aff93315-4e74-41b2-84a7-f597e1c55207,64BY,,0,1,1606711135181,0,0
plugin_ios_activity_recognition,"[""stationary""]",0,2,0,aff93315-4e74-41b2-84a7-f597e1c55207,64BY,supplement,0,1,1606711315181,0,0
plugin_ios_activity_recognition,"[""stationary""]",0,2,0,aff93315-4e74-41b2-84a7-f597e1c55207,64BY,,0,1,1606711315242,0,0
plugin_ios_activity_recognition,"[""stationary""]",0,2,0,aff93315-4e74-41b2-84a7-f597e1c55207,64BY,,0,1,1606711495160,0,0
plugin_ios_activity_recognition,"[""stationary""]",0,2,0,aff93315-4e74-41b2-84a7-f597e1c55207,64BY,supplement,0,1,1606711495181,0,0
plugin_ios_activity_recognition,"[""stationary""]",0,2,0,aff93315-4e74-41b2-84a7-f597e1c55207,64BY,supplement,0,1,1606711675160,0,0
plugin_ios_activity_recognition,"[""stationary""]",0,2,0,aff93315-4e74-41b2-84a7-f597e1c55207,64BY,,0,1,1606711675178,0,0
plugin_ios_activity_recognition,"[""stationary""]",0,2,0,aff93315-4e74-41b2-84a7-f597e1c55207,64BY,supplement,0,1,1606711855160,0,0
plugin_ios_activity_recognition,"[""stationary""]",0,2,0,aff93315-4e74-41b2-84a7-f597e1c55207,64BY,supplement,0,1,1606711855178,0,0
plugin_ios_activity_recognition,"[""stationary""]",0,2,0,aff93315-4e74-41b2-84a7-f597e1c55207,64BY,,0,1,1606711855549,0,0
plugin_ios_activity_recognition,"[""stationary""]",0,2,0,aff93315-4e74-41b2-84a7-f597e1c55207,64BY,,0,1,1606712035169,0,0
plugin_ios_activity_recognition,"[""stationary""]",0,2,0,aff93315-4e74-41b2-84a7-f597e1c55207,64BY,supplement,0,1,1606712035178,0,0
plugin_ios_activity_recognition,"[""stationary""]",0,2,0,aff93315-4e74-41b2-84a7-f597e1c55207,64BY,supplement,0,1,1606712215169,0,0
plugin_ios_activity_recognition,"[""stationary""]",0,2,0,aff93315-4e74-41b2-84a7-f597e1c55207,64BY,,0,1,1606712215249,0,0
plugin_ios_activity_recognition,"[""stationary""]",0,2,0,aff93315-4e74-41b2-84a7-f597e1c55207,64BY,supplement,0,1,1606712395169,0,0
plugin_ios_activity_recognition,"[""stationary""]",0,2,0,aff93315-4e74-41b2-84a7-f597e1c55207,64BY,,0,1,1606712395223,0,0
plugin_ios_activity_recognition,"[""stationary""]",0,2,0,aff93315-4e74-41b2-84a7-f597e1c55207,64BY,,0,1,1606712575171,0,0
plugin_ios_activity_recognition,"[""stationary""]",0,2,0,aff93315-4e74-41b2-84a7-f597e1c55207,64BY,supplement,0,1,1606712755171,0,0
plugin_ios_activity_recognition,"[""stationary""]",0,2,0,aff93315-4e74-41b2-84a7-f597e1c55207,64BY,,0,1,1606712755559,0,0
plugin_ios_activity_recognition,"[""stationary""]",0,2,0,aff93315-4e74-41b2-84a7-f597e1c55207,64BY,,0,1,1606712935161,0,0
plugin_ios_activity_recognition,"[""stationary""]",0,2,0,aff93315-4e74-41b2-84a7-f597e1c55207,64BY,supplement,0,1,1606712935171,0,0
plugin_ios_activity_recognition,"[""stationary""]",0,2,0,aff93315-4e74-41b2-84a7-f597e1c55207,64BY,supplement,0,1,1606713115161,0,0
plugin_ios_activity_recognition,"[""stationary""]",0,2,0,aff93315-4e74-41b2-84a7-f597e1c55207,64BY,,0,1,1606713115239,0,0
plugin_ios_activity_recognition,"[""stationary""]",0,2,0,aff93315-4e74-41b2-84a7-f597e1c55207,64BY,supplement,0,1,1606713295161,0,0
plugin_ios_activity_recognition,"[""stationary""]",0,2,0,aff93315-4e74-41b2-84a7-f597e1c55207,64BY,,0,1,1606713295186,0,0
plugin_ios_activity_recognition,"[""stationary""]",0,2,0,aff93315-4e74-41b2-84a7-f597e1c55207,64BY,supplement,0,1,1606713475186,0,0
plugin_ios_activity_recognition,"[""stationary""]",0,2,0,aff93315-4e74-41b2-84a7-f597e1c55207,64BY,,0,1,1606713475217,0,0
plugin_ios_activity_recognition,"[""stationary""]",0,2,0,aff93315-4e74-41b2-84a7-f597e1c55207,64BY,supplement,0,1,1606713655186,0,0
plugin_ios_activity_recognition,"[""stationary""]",0,2,0,aff93315-4e74-41b2-84a7-f597e1c55207,64BY,supplement,0,1,1606713655217,0,0
plugin_ios_activity_recognition,"[""stationary""]",0,2,0,aff93315-4e74-41b2-84a7-f597e1c55207,64BY,,0,1,1606713655544,0,0
plugin_ios_activity_recognition,"[""stationary""]",0,2,0,aff93315-4e74-41b2-84a7-f597e1c55207,64BY,,0,1,1606713835172,0,0
plugin_ios_activity_recognition,"[""stationary""]",0,2,0,aff93315-4e74-41b2-84a7-f597e1c55207,64BY,supplement,0,1,1606713835217,0,0
plugin_ios_activity_recognition,"[""stationary""]",0,2,0,aff93315-4e74-41b2-84a7-f597e1c55207,64BY,supplement,0,1,1606714015172,0,0
plugin_ios_activity_recognition,"[""stationary""]",0,2,0,aff93315-4e74-41b2-84a7-f597e1c55207,64BY,,0,1,1606714015239,0,0
plugin_ios_activity_recognition,"[""stationary""]",0,2,0,aff93315-4e74-41b2-84a7-f597e1c55207,64BY,,0,1,1606714195159,0,0
plugin_ios_activity_recognition,"[""stationary""]",0,2,0,aff93315-4e74-41b2-84a7-f597e1c55207,64BY,supplement,0,1,1606714195172,0,0
plugin_ios_activity_recognition,"[""stationary""]",0,2,0,aff93315-4e74-41b2-84a7-f597e1c55207,64BY,,0,1,1606714375127,0,0
plugin_ios_activity_recognition,"[""stationary""]",0,2,0,aff93315-4e74-41b2-84a7-f597e1c55207,64BY,supplement,0,1,1606714555127,0,0
plugin_ios_activity_recognition,"[""stationary""]",0,2,0,aff93315-4e74-41b2-84a7-f597e1c55207,64BY,,0,1,1606714555612,0,0
plugin_ios_activity_recognition,"[""stationary""]",0,2,0,aff93315-4e74-41b2-84a7-f597e1c55207,64BY,,0,1,1606714735125,0,0
plugin_ios_activity_recognition,"[""stationary""]",0,2,0,aff93315-4e74-41b2-84a7-f597e1c55207,64BY,supplement,0,1,1606714735127,0,0
plugin_ios_activity_recognition,"[""stationary""]",0,2,0,aff93315-4e74-41b2-84a7-f597e1c55207,64BY,supplement,0,1,1606714915125,0,0
plugin_ios_activity_recognition,"[""stationary""]",0,2,0,aff93315-4e74-41b2-84a7-f597e1c55207,64BY,,0,1,1606714915190,0,0
plugin_ios_activity_recognition,"[""stationary""]",0,2,0,aff93315-4e74-41b2-84a7-f597e1c55207,64BY,,0,1,1606715095108,0,0
plugin_ios_activity_recognition,"[""stationary""]",0,2,0,aff93315-4e74-41b2-84a7-f597e1c55207,64BY,supplement,0,1,1606715095125,0,0
plugin_ios_activity_recognition,"[""stationary""]",0,2,0,aff93315-4e74-41b2-84a7-f597e1c55207,64BY,supplement,0,1,1606715275108,0,0
plugin_ios_activity_recognition,"[""stationary""]",0,2,0,aff93315-4e74-41b2-84a7-f597e1c55207,64BY,,0,1,1606715275117,0,0
plugin_ios_activity_recognition,"[""stationary""]",0,2,0,aff93315-4e74-41b2-84a7-f597e1c55207,64BY,supplement,0,1,1606715455108,0,0
plugin_ios_activity_recognition,"[""stationary""]",0,2,0,aff93315-4e74-41b2-84a7-f597e1c55207,64BY,supplement,0,1,1606715455117,0,0
plugin_ios_activity_recognition,"[""stationary""]",0,2,0,aff93315-4e74-41b2-84a7-f597e1c55207,64BY,,0,1,1606715455492,0,0
plugin_ios_activity_recognition,"[""stationary""]",0,2,0,aff93315-4e74-41b2-84a7-f597e1c55207,64BY,,0,1,1606715635105,0,0
plugin_ios_activity_recognition,"[""stationary""]",0,2,0,aff93315-4e74-41b2-84a7-f597e1c55207,64BY,supplement,0,1,1606715635117,0,0
plugin_ios_activity_recognition,"[""stationary""]",0,2,0,aff93315-4e74-41b2-84a7-f597e1c55207,64BY,supplement,0,1,1606715815105,0,0
plugin_ios_activity_recognition,"[""stationary""]",0,2,0,aff93315-4e74-41b2-84a7-f597e1c55207,64BY,,0,1,1606715815218,0,0
plugin_ios_activity_recognition,"[""stationary""]",0,2,0,aff93315-4e74-41b2-84a7-f597e1c55207,64BY,supplement,0,1,1606715995105,0,0
plugin_ios_activity_recognition,"[""stationary""]",0,2,0,aff93315-4e74-41b2-84a7-f597e1c55207,64BY,,0,1,1606715995154,0,0
plugin_ios_activity_recognition,"[""stationary""]",0,2,0,aff93315-4e74-41b2-84a7-f597e1c55207,64BY,supplement,0,1,1606716175154,0,0
plugin_ios_activity_recognition,"[""stationary""]",0,2,0,aff93315-4e74-41b2-84a7-f597e1c55207,64BY,,0,1,1606716175189,0,0
plugin_ios_activity_recognition,"[""stationary""]",0,2,0,aff93315-4e74-41b2-84a7-f597e1c55207,64BY,supplement,0,1,1606716355154,0,0
plugin_ios_activity_recognition,"[""stationary""]",0,2,0,aff93315-4e74-41b2-84a7-f597e1c55207,64BY,supplement,0,1,1606716355189,0,0
plugin_ios_activity_recognition,"[""stationary""]",0,2,0,aff93315-4e74-41b2-84a7-f597e1c55207,64BY,,0,1,1606716355572,0,0
plugin_ios_activity_recognition,"[""stationary""]",0,2,0,aff93315-4e74-41b2-84a7-f597e1c55207,64BY,,0,1,1606716535144,0,0
plugin_ios_activity_recognition,"[""stationary""]",0,2,0,aff93315-4e74-41b2-84a7-f597e1c55207,64BY,supplement,0,1,1606716535189,0,0
plugin_ios_activity_recognition,,0,2,0,aff93315-4e74-41b2-84a7-f597e1c55207,64BY,,0,0,1606716635621,0,0
plugin_ios_activity_recognition,"[""stationary""]",0,2,0,aff93315-4e74-41b2-84a7-f597e1c55207,64BY,,0,1,1606716640443,0,0
plugin_ios_activity_recognition,"[""stationary""]",0,2,0,aff93315-4e74-41b2-84a7-f597e1c55207,64BY,,0,1,1606716715220,0,0
plugin_ios_activity_recognition,"[""stationary""]",0,2,0,aff93315-4e74-41b2-84a7-f597e1c55207,64BY,,0,1,1606716895146,0,0
plugin_ios_activity_recognition,"[""stationary""]",0,2,0,aff93315-4e74-41b2-84a7-f597e1c55207,64BY,supplement,0,1,1606717075146,0,0
plugin_ios_activity_recognition,"[""stationary""]",0,2,0,aff93315-4e74-41b2-84a7-f597e1c55207,64BY,,0,1,1606717075151,0,0
plugin_ios_activity_recognition,"[""stationary""]",0,2,0,aff93315-4e74-41b2-84a7-f597e1c55207,64BY,supplement,0,1,1606717255146,0,0
plugin_ios_activity_recognition,"[""stationary""]",0,2,0,aff93315-4e74-41b2-84a7-f597e1c55207,64BY,supplement,0,1,1606717255151,0,0
plugin_ios_activity_recognition,"[""stationary""]",0,2,0,aff93315-4e74-41b2-84a7-f597e1c55207,64BY,,0,1,1606717255569,0,0
plugin_ios_activity_recognition,,0,2,0,aff93315-4e74-41b2-84a7-f597e1c55207,64BY,,0,0,1606717310942,0,0
plugin_ios_activity_recognition,"[""stationary""]",0,2,0,aff93315-4e74-41b2-84a7-f597e1c55207,64BY,,0,1,1606717319616,0,0
plugin_ios_activity_recognition,"[""stationary""]",0,2,0,aff93315-4e74-41b2-84a7-f597e1c55207,64BY,supplement,0,1,1606717435151,0,0
plugin_ios_activity_recognition,"[""stationary""]",0,2,0,aff93315-4e74-41b2-84a7-f597e1c55207,64BY,,0,1,1606717435239,0,0
plugin_ios_activity_recognition,"[""stationary""]",0,2,0,aff93315-4e74-41b2-84a7-f597e1c55207,64BY,,0,1,1606717615216,0,0
plugin_ios_activity_recognition,"[""stationary""]",0,2,0,aff93315-4e74-41b2-84a7-f597e1c55207,64BY,,0,1,1606717795141,0,0
plugin_ios_activity_recognition,"[""stationary""]",0,2,0,aff93315-4e74-41b2-84a7-f597e1c55207,64BY,supplement,0,1,1606717975141,0,0
plugin_ios_activity_recognition,"[""stationary""]",0,2,0,aff93315-4e74-41b2-84a7-f597e1c55207,64BY,,0,1,1606717975144,0,0
plugin_ios_activity_recognition,"[""stationary""]",0,2,0,aff93315-4e74-41b2-84a7-f597e1c55207,64BY,supplement,0,1,1606718155141,0,0
plugin_ios_activity_recognition,"[""stationary""]",0,2,0,aff93315-4e74-41b2-84a7-f597e1c55207,64BY,supplement,0,1,1606718155144,0,0
plugin_ios_activity_recognition,"[""stationary""]",0,2,0,aff93315-4e74-41b2-84a7-f597e1c55207,64BY,,0,1,1606718155763,0,0
plugin_ios_activity_recognition,"[""stationary""]",0,2,0,aff93315-4e74-41b2-84a7-f597e1c55207,64BY,,0,1,1606718335125,0,0
plugin_ios_activity_recognition,"[""stationary""]",0,2,0,aff93315-4e74-41b2-84a7-f597e1c55207,64BY,supplement,0,1,1606718335144,0,0
plugin_ios_activity_recognition,,0,2,0,aff93315-4e74-41b2-84a7-f597e1c55207,64BY,,0,0,1606718464149,0,0
plugin_ios_activity_recognition,"[""stationary""]",0,2,0,aff93315-4e74-41b2-84a7-f597e1c55207,64BY,,0,1,1606718472184,0,0
plugin_ios_activity_recognition,"[""stationary""]",0,2,0,aff93315-4e74-41b2-84a7-f597e1c55207,64BY,,0,1,1606718515197,0,0
plugin_ios_activity_recognition,"[""stationary""]",0,2,0,aff93315-4e74-41b2-84a7-f597e1c55207,64BY,,0,1,1606718695124,0,0
plugin_ios_activity_recognition,"[""stationary""]",0,2,0,aff93315-4e74-41b2-84a7-f597e1c55207,64BY,supplement,0,1,1606718875124,0,0
plugin_ios_activity_recognition,"[""stationary""]",0,2,0,aff93315-4e74-41b2-84a7-f597e1c55207,64BY,,0,1,1606718875210,0,0
plugin_ios_activity_recognition,"[""stationary""]",0,2,0,aff93315-4e74-41b2-84a7-f597e1c55207,64BY,supplement,0,1,1606719055124,0,0
plugin_ios_activity_recognition,"[""stationary""]",0,2,0,aff93315-4e74-41b2-84a7-f597e1c55207,64BY,supplement,0,1,1606719055210,0,0
plugin_ios_activity_recognition,"[""stationary""]",0,2,0,aff93315-4e74-41b2-84a7-f597e1c55207,64BY,,0,1,1606719055574,0,0
plugin_ios_activity_recognition,"[""stationary""]",0,2,0,aff93315-4e74-41b2-84a7-f597e1c55207,64BY,,0,1,1606719235120,0,0
plugin_ios_activity_recognition,"[""stationary""]",0,2,0,aff93315-4e74-41b2-84a7-f597e1c55207,64BY,supplement,0,1,1606719235210,0,0
plugin_ios_activity_recognition,"[""stationary""]",0,2,0,aff93315-4e74-41b2-84a7-f597e1c55207,64BY,supplement,0,1,1606719415120,0,0
plugin_ios_activity_recognition,"[""stationary""]",0,2,0,aff93315-4e74-41b2-84a7-f597e1c55207,64BY,,0,1,1606719415128,0,0
plugin_ios_activity_recognition,"[""stationary""]",0,2,0,aff93315-4e74-41b2-84a7-f597e1c55207,64BY,supplement,0,1,1606719595120,0,0
plugin_ios_activity_recognition,"[""stationary""]",0,2,0,aff93315-4e74-41b2-84a7-f597e1c55207,64BY,supplement,0,1,1606719595128,0,0
plugin_ios_activity_recognition,"[""stationary""]",0,2,0,aff93315-4e74-41b2-84a7-f597e1c55207,64BY,,0,1,1606719595205,0,0
plugin_ios_activity_recognition,"[""stationary""]",0,2,0,aff93315-4e74-41b2-84a7-f597e1c55207,64BY,supplement,0,1,1606719775128,0,0
plugin_ios_activity_recognition,"[""stationary""]",0,2,0,aff93315-4e74-41b2-84a7-f597e1c55207,64BY,supplement,0,1,1606719775205,0,0
plugin_ios_activity_recognition,"[""stationary""]",0,2,0,aff93315-4e74-41b2-84a7-f597e1c55207,64BY,,0,1,1606719775221,0,0
plugin_ios_activity_recognition,"[""stationary""]",0,2,0,aff93315-4e74-41b2-84a7-f597e1c55207,64BY,supplement,0,1,1606719955205,0,0
plugin_ios_activity_recognition,"[""stationary""]",0,2,0,aff93315-4e74-41b2-84a7-f597e1c55207,64BY,supplement,0,1,1606719955221,0,0
plugin_ios_activity_recognition,"[""stationary""]",0,2,0,aff93315-4e74-41b2-84a7-f597e1c55207,64BY,,0,1,1606719955533,0,0
plugin_ios_activity_recognition,,0,2,0,aff93315-4e74-41b2-84a7-f597e1c55207,64BY,,0,0,1606720018375,0,0
plugin_ios_activity_recognition,"[""stationary""]",0,2,0,aff93315-4e74-41b2-84a7-f597e1c55207,64BY,,0,1,1606720021910,0,0
plugin_ios_activity_recognition,"[""stationary""]",0,2,0,aff93315-4e74-41b2-84a7-f597e1c55207,64BY,,0,1,1606720135126,0,0
plugin_ios_activity_recognition,"[""stationary""]",0,2,0,aff93315-4e74-41b2-84a7-f597e1c55207,64BY,supplement,0,1,1606720135221,0,0
plugin_ios_activity_recognition,"[""stationary""]",0,2,0,aff93315-4e74-41b2-84a7-f597e1c55207,64BY,supplement,0,1,1606720315126,0,0
plugin_ios_activity_recognition,"[""stationary""]",0,2,0,aff93315-4e74-41b2-84a7-f597e1c55207,64BY,,0,1,1606720315134,0,0
plugin_ios_activity_recognition,"[""stationary""]",0,2,0,aff93315-4e74-41b2-84a7-f597e1c55207,64BY,,0,1,1606720495125,0,0
plugin_ios_activity_recognition,"[""stationary""]",0,2,0,aff93315-4e74-41b2-84a7-f597e1c55207,64BY,supplement,0,1,1606720495126,0,0
plugin_ios_activity_recognition,"[""stationary""]",0,2,0,aff93315-4e74-41b2-84a7-f597e1c55207,64BY,,0,1,1606720675124,0,0
plugin_ios_activity_recognition,,0,2,0,aff93315-4e74-41b2-84a7-f597e1c55207,64BY,,0,0,1606720678661,0,0
plugin_ios_activity_recognition,"[""stationary""]",0,2,0,aff93315-4e74-41b2-84a7-f597e1c55207,64BY,,0,1,1606720684128,0,0
plugin_ios_activity_recognition,,0,2,0,aff93315-4e74-41b2-84a7-f597e1c55207,64BY,,0,0,1606720685410,0,0
plugin_ios_activity_recognition,"[""stationary""]",0,2,0,aff93315-4e74-41b2-84a7-f597e1c55207,64BY,,0,1,1606720693445,0,0
plugin_ios_activity_recognition,"[""stationary""]",0,2,0,aff93315-4e74-41b2-84a7-f597e1c55207,64BY,,0,1,1606720855534,0,0
plugin_ios_activity_recognition,,0,2,0,aff93315-4e74-41b2-84a7-f597e1c55207,64BY,,0,0,1606720913839,0,0
plugin_ios_activity_recognition,"[""stationary""]",0,2,0,aff93315-4e74-41b2-84a7-f597e1c55207,64BY,,0,1,1606720919945,0,0
plugin_ios_activity_recognition,"[""stationary""]",0,2,0,aff93315-4e74-41b2-84a7-f597e1c55207,64BY,,0,1,1606721035214,0,0
plugin_ios_activity_recognition,"[""stationary""]",0,2,0,aff93315-4e74-41b2-84a7-f597e1c55207,64BY,,0,1,1606721215198,0,0
plugin_ios_activity_recognition,"[""stationary""]",0,2,0,aff93315-4e74-41b2-84a7-f597e1c55207,64BY,,0,1,1606721395122,0,0
plugin_ios_activity_recognition,"[""stationary""]",0,2,0,aff93315-4e74-41b2-84a7-f597e1c55207,64BY,,0,1,1606721575121,0,0
plugin_ios_activity_recognition,,0,2,0,aff93315-4e74-41b2-84a7-f597e1c55207,64BY,,0,0,1606721726162,0,0
plugin_ios_activity_recognition,"[""stationary""]",0,2,0,aff93315-4e74-41b2-84a7-f597e1c55207,64BY,,0,1,1606721731305,0,0
plugin_ios_activity_recognition,"[""stationary""]",0,2,0,aff93315-4e74-41b2-84a7-f597e1c55207,64BY,,0,1,1606721755708,0,0
plugin_ios_activity_recognition,,0,2,0,aff93315-4e74-41b2-84a7-f597e1c55207,64BY,,0,0,1606721853426,0,0
plugin_ios_activity_recognition,"[""stationary""]",0,2,0,aff93315-4e74-41b2-84a7-f597e1c55207,64BY,,0,1,1606721862104,0,0
plugin_ios_activity_recognition,"[""stationary""]",0,2,0,aff93315-4e74-41b2-84a7-f597e1c55207,64BY,,0,1,1606721935106,0,0
plugin_ios_activity_recognition,"[""stationary""]",0,2,0,aff93315-4e74-41b2-84a7-f597e1c55207,64BY,supplement,0,1,1606722115106,0,0
plugin_ios_activity_recognition,"[""stationary""]",0,2,0,aff93315-4e74-41b2-84a7-f597e1c55207,64BY,,0,1,1606722115176,0,0
plugin_ios_activity_recognition,"[""stationary""]",0,2,0,aff93315-4e74-41b2-84a7-f597e1c55207,64BY,,0,1,1606722295101,0,0
plugin_ios_activity_recognition,"[""stationary""]",0,2,0,aff93315-4e74-41b2-84a7-f597e1c55207,64BY,supplement,0,1,1606722295106,0,0
plugin_ios_activity_recognition,"[""stationary""]",0,2,0,aff93315-4e74-41b2-84a7-f597e1c55207,64BY,supplement,0,1,1606722475101,0,0
plugin_ios_activity_recognition,"[""stationary""]",0,2,0,aff93315-4e74-41b2-84a7-f597e1c55207,64BY,,0,1,1606722475191,0,0
plugin_ios_activity_recognition,"[""stationary""]",0,2,0,aff93315-4e74-41b2-84a7-f597e1c55207,64BY,supplement,0,1,1606722655101,0,0
plugin_ios_activity_recognition,"[""stationary""]",0,2,0,aff93315-4e74-41b2-84a7-f597e1c55207,64BY,supplement,0,1,1606722655191,0,0
plugin_ios_activity_recognition,"[""stationary""]",0,2,0,aff93315-4e74-41b2-84a7-f597e1c55207,64BY,,0,1,1606722655531,0,0
plugin_ios_activity_recognition,,0,2,0,aff93315-4e74-41b2-84a7-f597e1c55207,64BY,,0,0,1606722808203,0,0
plugin_ios_activity_recognition,"[""stationary""]",0,2,0,aff93315-4e74-41b2-84a7-f597e1c55207,64BY,,0,1,1606722812381,0,0
plugin_ios_activity_recognition,"[""stationary""]",0,2,0,aff93315-4e74-41b2-84a7-f597e1c55207,64BY,,0,1,1606722835095,0,0
plugin_ios_activity_recognition,"[""stationary""]",0,2,0,aff93315-4e74-41b2-84a7-f597e1c55207,64BY,supplement,0,1,1606722835191,0,0
plugin_ios_activity_recognition,,0,2,0,aff93315-4e74-41b2-84a7-f597e1c55207,64BY,,0,0,1606722945058,0,0
plugin_ios_activity_recognition,"[""stationary""]",0,2,0,aff93315-4e74-41b2-84a7-f597e1c55207,64BY,,0,1,1606722959521,0,0
plugin_ios_activity_recognition,"[""stationary""]",0,2,0,aff93315-4e74-41b2-84a7-f597e1c55207,64BY,,0,1,1606723015093,0,0
plugin_ios_activity_recognition,,0,2,0,aff93315-4e74-41b2-84a7-f597e1c55207,64BY,,0,0,1606723058574,0,0
plugin_ios_activity_recognition,"[""stationary""]",0,2,0,aff93315-4e74-41b2-84a7-f597e1c55207,64BY,,0,1,1606723067892,0,0
plugin_ios_activity_recognition,"[""stationary""]",0,2,0,aff93315-4e74-41b2-84a7-f597e1c55207,64BY,,0,1,1606723195092,0,0
plugin_ios_activity_recognition,,0,2,0,aff93315-4e74-41b2-84a7-f597e1c55207,64BY,,0,0,1606723268607,0,0
plugin_ios_activity_recognition,"[""stationary""]",0,2,0,aff93315-4e74-41b2-84a7-f597e1c55207,64BY,,0,1,1606723272142,0,0
plugin_ios_activity_recognition,"[""stationary""]",0,2,0,aff93315-4e74-41b2-84a7-f597e1c55207,64BY,,0,1,1606723375182,0,0
plugin_ios_activity_recognition,,0,2,0,aff93315-4e74-41b2-84a7-f597e1c55207,64BY,,0,0,1606723405663,0,0
plugin_ios_activity_recognition,"[""stationary""]",0,2,0,aff93315-4e74-41b2-84a7-f597e1c55207,64BY,,0,1,1606723411127,0,0
plugin_ios_activity_recognition,"[""stationary""]",0,2,0,aff93315-4e74-41b2-84a7-f597e1c55207,64BY,,0,1,1606723555495,0,0
plugin_ios_activity_recognition,"[""stationary""]",0,2,0,aff93315-4e74-41b2-84a7-f597e1c55207,64BY,supplement,0,1,1606723735495,0,0
plugin_ios_activity_recognition,"[""stationary""]",0,2,0,aff93315-4e74-41b2-84a7-f597e1c55207,64BY,,0,1,1606723735966,0,0
plugin_ios_activity_recognition,,0,2,0,aff93315-4e74-41b2-84a7-f597e1c55207,64BY,,0,0,1606723877168,0,0
plugin_ios_activity_recognition,"[""stationary""]",0,2,0,aff93315-4e74-41b2-84a7-f597e1c55207,64BY,,0,1,1606723893882,0,0
plugin_ios_activity_recognition,"[""stationary""]",0,2,0,aff93315-4e74-41b2-84a7-f597e1c55207,64BY,,0,1,1606723915128,0,0
plugin_ios_activity_recognition,"[""stationary""]",0,2,0,aff93315-4e74-41b2-84a7-f597e1c55207,64BY,supplement,0,1,1606723915495,0,0
plugin_ios_activity_recognition,,0,2,0,aff93315-4e74-41b2-84a7-f597e1c55207,64BY,,0,0,1606723927455,0,0
plugin_ios_activity_recognition,"[""stationary""]",0,2,0,aff93315-4e74-41b2-84a7-f597e1c55207,64BY,,0,1,1606723931633,0,0
plugin_ios_activity_recognition,"[""stationary""]",0,2,0,aff93315-4e74-41b2-84a7-f597e1c55207,64BY,,0,1,1606724095039,0,0
plugin_ios_activity_recognition,,0,2,0,aff93315-4e74-41b2-84a7-f597e1c55207,64BY,,0,0,1606724160374,0,0
plugin_ios_activity_recognition,"[""stationary""]",0,2,0,aff93315-4e74-41b2-84a7-f597e1c55207,64BY,,0,1,1606724164554,0,0
plugin_ios_activity_recognition,"[""stationary""]",0,2,0,aff93315-4e74-41b2-84a7-f597e1c55207,64BY,,0,1,1606724275035,0,0
plugin_ios_activity_recognition,"[""stationary""]",0,2,0,aff93315-4e74-41b2-84a7-f597e1c55207,64BY,supplement,0,1,1606724455035,0,0
plugin_ios_activity_recognition,"[""stationary""]",0,2,0,aff93315-4e74-41b2-84a7-f597e1c55207,64BY,,0,1,1606724455687,0,0
plugin_ios_activity_recognition,,0,2,0,aff93315-4e74-41b2-84a7-f597e1c55207,64BY,,0,0,1606724532523,0,0
plugin_ios_activity_recognition,"[""stationary""]",0,2,0,aff93315-4e74-41b2-84a7-f597e1c55207,64BY,,0,1,1606724536702,0,0
plugin_ios_activity_recognition,"[""stationary""]",0,2,0,aff93315-4e74-41b2-84a7-f597e1c55207,64BY,supplement,0,1,1606724635035,0,0
plugin_ios_activity_recognition,"[""stationary""]",0,2,0,aff93315-4e74-41b2-84a7-f597e1c55207,64BY,,0,1,1606724635117,0,0
plugin_ios_activity_recognition,,0,2,0,aff93315-4e74-41b2-84a7-f597e1c55207,64BY,,0,0,1606724639887,0,0
plugin_ios_activity_recognition,"[""stationary""]",0,2,0,aff93315-4e74-41b2-84a7-f597e1c55207,64BY,,0,1,1606724643743,0,0
plugin_ios_activity_recognition,,0,2,0,aff93315-4e74-41b2-84a7-f597e1c55207,64BY,,0,0,1606724809279,0,0
plugin_ios_activity_recognition,,0,2,0,aff93315-4e74-41b2-84a7-f597e1c55207,64BY,,0,0,1606724815098,0,0
plugin_ios_activity_recognition,"[""stationary""]",0,2,0,aff93315-4e74-41b2-84a7-f597e1c55207,64BY,,0,1,1606724835318,0,0
plugin_ios_activity_recognition,"[""stationary""]",0,2,0,aff93315-4e74-41b2-84a7-f597e1c55207,64BY,,0,1,1606724995023,0,0
plugin_ios_activity_recognition,"[""stationary""]",0,2,0,aff93315-4e74-41b2-84a7-f597e1c55207,64BY,supplement,0,1,1606725175023,0,0
plugin_ios_activity_recognition,"[""stationary""]",0,2,0,aff93315-4e74-41b2-84a7-f597e1c55207,64BY,,0,1,1606725175106,0,0
plugin_ios_activity_recognition,"[""stationary""]",0,2,0,aff93315-4e74-41b2-84a7-f597e1c55207,64BY,supplement,0,1,1606725355023,0,0
plugin_ios_activity_recognition,"[""stationary""]",0,2,0,aff93315-4e74-41b2-84a7-f597e1c55207,64BY,supplement,0,1,1606725355106,0,0
plugin_ios_activity_recognition,"[""stationary""]",0,2,0,aff93315-4e74-41b2-84a7-f597e1c55207,64BY,,0,1,1606725355424,0,0
plugin_ios_activity_recognition,,0,2,0,aff93315-4e74-41b2-84a7-f597e1c55207,64BY,,0,0,1606725410855,0,0
plugin_ios_activity_recognition,"[""stationary""]",0,2,0,aff93315-4e74-41b2-84a7-f597e1c55207,64BY,,0,1,1606725421462,0,0
plugin_ios_activity_recognition,"[""stationary""]",0,2,0,aff93315-4e74-41b2-84a7-f597e1c55207,64BY,,0,1,1606725535017,0,0
plugin_ios_activity_recognition,"[""stationary""]",0,2,0,aff93315-4e74-41b2-84a7-f597e1c55207,64BY,supplement,0,1,1606725535106,0,0
plugin_ios_activity_recognition,"[""stationary""]",0,2,0,aff93315-4e74-41b2-84a7-f597e1c55207,64BY,supplement,0,1,1606725715017,0,0
plugin_ios_activity_recognition,"[""stationary""]",0,2,0,aff93315-4e74-41b2-84a7-f597e1c55207,64BY,,0,1,1606725715109,0,0
plugin_ios_activity_recognition,"[""stationary""]",0,2,0,aff93315-4e74-41b2-84a7-f597e1c55207,64BY,supplement,0,1,1606725895017,0,0
plugin_ios_activity_recognition,"[""stationary""]",0,2,0,aff93315-4e74-41b2-84a7-f597e1c55207,64BY,,0,1,1606725895088,0,0
plugin_ios_activity_recognition,,0,2,0,aff93315-4e74-41b2-84a7-f597e1c55207,64BY,,0,0,1606726018129,0,0
plugin_ios_activity_recognition,"[""stationary""]",0,2,0,aff93315-4e74-41b2-84a7-f597e1c55207,64BY,,0,1,1606726024236,0,0
plugin_ios_activity_recognition,"[""stationary""]",0,2,0,aff93315-4e74-41b2-84a7-f597e1c55207,64BY,,0,1,1606726075083,0,0
plugin_ios_activity_recognition,"[""stationary""]",0,2,0,aff93315-4e74-41b2-84a7-f597e1c55207,64BY,supplement,0,1,1606726255083,0,0
plugin_ios_activity_recognition,"[""stationary""]",0,2,0,aff93315-4e74-41b2-84a7-f597e1c55207,64BY,,0,1,1606726255393,0,0
plugin_ios_activity_recognition,,0,2,0,aff93315-4e74-41b2-84a7-f597e1c55207,64BY,,0,0,1606726392787,0,0
plugin_ios_activity_recognition,"[""stationary""]",0,2,0,aff93315-4e74-41b2-84a7-f597e1c55207,64BY,,0,1,1606726398250,0,0
plugin_ios_activity_recognition,"[""stationary""]",0,2,0,aff93315-4e74-41b2-84a7-f597e1c55207,64BY,,0,1,1606726434979,0,0
plugin_ios_activity_recognition,"[""stationary""]",0,2,0,aff93315-4e74-41b2-84a7-f597e1c55207,64BY,supplement,0,1,1606726435083,0,0
plugin_ios_activity_recognition,"[""stationary""]",0,2,0,aff93315-4e74-41b2-84a7-f597e1c55207,64BY,supplement,0,1,1606726614979,0,0
plugin_ios_activity_recognition,"[""stationary""]",0,2,0,aff93315-4e74-41b2-84a7-f597e1c55207,64BY,,0,1,1606726615070,0,0
plugin_ios_activity_recognition,,0,2,0,aff93315-4e74-41b2-84a7-f597e1c55207,64BY,,0,0,1606726688245,0,0
plugin_ios_activity_recognition,"[""stationary""]",0,2,0,aff93315-4e74-41b2-84a7-f597e1c55207,64BY,,0,1,1606726693676,0,0
plugin_ios_activity_recognition,,0,2,0,aff93315-4e74-41b2-84a7-f597e1c55207,64BY,,0,0,1606726730401,0,0
plugin_ios_activity_recognition,"[""stationary""]",0,2,0,aff93315-4e74-41b2-84a7-f597e1c55207,64BY,,0,1,1606726735543,0,0
plugin_ios_activity_recognition,"[""stationary""]",0,2,0,aff93315-4e74-41b2-84a7-f597e1c55207,64BY,,0,1,1606726794971,0,0
plugin_ios_activity_recognition,"[""stationary""]",0,2,0,aff93315-4e74-41b2-84a7-f597e1c55207,64BY,supplement,0,1,1606726794979,0,0
plugin_ios_activity_recognition,,0,2,0,aff93315-4e74-41b2-84a7-f597e1c55207,64BY,,0,0,1606726870092,0,0
plugin_ios_activity_recognition,"[""stationary""]",0,2,0,aff93315-4e74-41b2-84a7-f597e1c55207,64BY,,0,1,1606726874255,0,0
plugin_ios_activity_recognition,"[""stationary""]",0,2,0,aff93315-4e74-41b2-84a7-f597e1c55207,64BY,,0,1,1606726975110,0,0
plugin_ios_activity_recognition,"[""stationary""]",0,2,0,aff93315-4e74-41b2-84a7-f597e1c55207,64BY,supplement,0,1,1606727155110,0,0
plugin_ios_activity_recognition,"[""stationary""]",0,2,0,aff93315-4e74-41b2-84a7-f597e1c55207,64BY,,0,1,1606727155475,0,0
plugin_ios_activity_recognition,"[""stationary""]",0,2,0,aff93315-4e74-41b2-84a7-f597e1c55207,64BY,,0,1,1606727335046,0,0
plugin_ios_activity_recognition,"[""stationary""]",0,2,0,aff93315-4e74-41b2-84a7-f597e1c55207,64BY,supplement,0,1,1606727335110,0,0
plugin_ios_activity_recognition,"[""stationary""]",0,2,0,aff93315-4e74-41b2-84a7-f597e1c55207,64BY,supplement,0,1,1606727515046,0,0
plugin_ios_activity_recognition,"[""stationary""]",0,2,0,aff93315-4e74-41b2-84a7-f597e1c55207,64BY,,0,1,1606727515102,0,0
plugin_ios_activity_recognition,"[""stationary""]",0,2,0,aff93315-4e74-41b2-84a7-f597e1c55207,64BY,,0,1,1606727695007,0,0
plugin_ios_activity_recognition,"[""stationary""]",0,2,0,aff93315-4e74-41b2-84a7-f597e1c55207,64BY,supplement,0,1,1606727695046,0,0
plugin_ios_activity_recognition,,0,2,0,aff93315-4e74-41b2-84a7-f597e1c55207,64BY,,0,0,1606727785077,0,0
plugin_ios_activity_recognition,"[""stationary""]",0,2,0,aff93315-4e74-41b2-84a7-f597e1c55207,64BY,,0,1,1606727790220,0,0
plugin_ios_activity_recognition,"[""stationary""]",0,2,0,aff93315-4e74-41b2-84a7-f597e1c55207,64BY,,0,1,1606727875003,0,0
plugin_ios_activity_recognition,,0,2,0,aff93315-4e74-41b2-84a7-f597e1c55207,64BY,,0,0,1606727945190,0,0
plugin_ios_activity_recognition,"[""stationary""]",0,2,0,aff93315-4e74-41b2-84a7-f597e1c55207,64BY,,0,1,1606727950650,0,0
plugin_ios_activity_recognition,"[""stationary""]",0,2,0,aff93315-4e74-41b2-84a7-f597e1c55207,64BY,,0,1,1606728055689,0,0
plugin_ios_activity_recognition,"[""stationary""]",0,2,0,aff93315-4e74-41b2-84a7-f597e1c55207,64BY,,0,1,1606728235104,0,0
plugin_ios_activity_recognition,"[""stationary""]",0,2,0,aff93315-4e74-41b2-84a7-f597e1c55207,64BY,,0,1,1606728415102,0,0
plugin_ios_activity_recognition,,0,2,0,aff93315-4e74-41b2-84a7-f597e1c55207,64BY,,0,0,1606728563313,0,0
plugin_ios_activity_recognition,"[""stationary""]",0,2,0,aff93315-4e74-41b2-84a7-f597e1c55207,64BY,,0,1,1606728574230,0,0
plugin_ios_activity_recognition,"[""stationary""]",0,2,0,aff93315-4e74-41b2-84a7-f597e1c55207,64BY,,0,1,1606728595010,0,0
plugin_ios_activity_recognition,"[""stationary""]",0,2,0,aff93315-4e74-41b2-84a7-f597e1c55207,64BY,supplement,0,1,1606728775010,0,0
plugin_ios_activity_recognition,"[""stationary""]",0,2,0,aff93315-4e74-41b2-84a7-f597e1c55207,64BY,,0,1,1606728775099,0,0
plugin_ios_activity_recognition,"[""stationary""]",0,2,0,aff93315-4e74-41b2-84a7-f597e1c55207,64BY,supplement,0,1,1606728955010,0,0
plugin_ios_activity_recognition,"[""stationary""]",0,2,0,aff93315-4e74-41b2-84a7-f597e1c55207,64BY,supplement,0,1,1606728955099,0,0
plugin_ios_activity_recognition,"[""stationary""]",0,2,0,aff93315-4e74-41b2-84a7-f597e1c55207,64BY,,0,1,1606728955394,0,0
plugin_ios_activity_recognition,"[""stationary""]",0,2,0,aff93315-4e74-41b2-84a7-f597e1c55207,64BY,,0,1,1606729135005,0,0
plugin_ios_activity_recognition,"[""stationary""]",0,2,0,aff93315-4e74-41b2-84a7-f597e1c55207,64BY,supplement,0,1,1606729135099,0,0
plugin_ios_activity_recognition,"[""stationary""]",0,2,0,aff93315-4e74-41b2-84a7-f597e1c55207,64BY,supplement,0,1,1606729315005,0,0
plugin_ios_activity_recognition,"[""stationary""]",0,2,0,aff93315-4e74-41b2-84a7-f597e1c55207,64BY,,0,1,1606729315094,0,0
plugin_ios_activity_recognition,"[""stationary""]",0,2,0,aff93315-4e74-41b2-84a7-f597e1c55207,64BY,supplement,0,1,1606729495005,0,0
plugin_ios_activity_recognition,"[""stationary""]",0,2,0,aff93315-4e74-41b2-84a7-f597e1c55207,64BY,supplement,0,1,1606729495094,0,0
plugin_ios_activity_recognition,"[""stationary""]",0,2,0,aff93315-4e74-41b2-84a7-f597e1c55207,64BY,,0,1,1606729495105,0,0
plugin_ios_activity_recognition,"[""stationary""]",0,2,0,aff93315-4e74-41b2-84a7-f597e1c55207,64BY,supplement,0,1,1606729675094,0,0
plugin_ios_activity_recognition,"[""stationary""]",0,2,0,aff93315-4e74-41b2-84a7-f597e1c55207,64BY,,0,1,1606729675104,0,0
plugin_ios_activity_recognition,"[""stationary""]",0,2,0,aff93315-4e74-41b2-84a7-f597e1c55207,64BY,supplement,0,1,1606729855104,0,0
plugin_ios_activity_recognition,"[""stationary""]",0,2,0,aff93315-4e74-41b2-84a7-f597e1c55207,64BY,,0,1,1606729855382,0,0
plugin_ios_activity_recognition,,0,2,0,aff93315-4e74-41b2-84a7-f597e1c55207,64BY,,0,0,1606729856273,0,0
plugin_ios_activity_recognition,"[""stationary""]",0,2,0,aff93315-4e74-41b2-84a7-f597e1c55207,64BY,,0,1,1606729859809,0,0
plugin_ios_activity_recognition,,0,2,0,aff93315-4e74-41b2-84a7-f597e1c55207,64BY,,0,0,1606729887377,0,0
plugin_ios_activity_recognition,"[""stationary""]",0,2,0,aff93315-4e74-41b2-84a7-f597e1c55207,64BY,,0,1,1606729891552,0,0
plugin_ios_activity_recognition,,0,2,0,aff93315-4e74-41b2-84a7-f597e1c55207,64BY,,0,0,1606729893481,0,0
plugin_ios_activity_recognition,"[""stationary""]",0,2,0,aff93315-4e74-41b2-84a7-f597e1c55207,64BY,,0,1,1606729901195,0,0
plugin_ios_activity_recognition,"[""stationary""]",0,2,0,aff93315-4e74-41b2-84a7-f597e1c55207,64BY,,0,1,1606730035011,0,0
plugin_ios_activity_recognition,"[""stationary""]",0,2,0,aff93315-4e74-41b2-84a7-f597e1c55207,64BY,supplement,0,1,1606730035104,0,0
plugin_ios_activity_recognition,"[""stationary""]",0,2,0,aff93315-4e74-41b2-84a7-f597e1c55207,64BY,supplement,0,1,1606730215011,0,0
plugin_ios_activity_recognition,"[""stationary""]",0,2,0,aff93315-4e74-41b2-84a7-f597e1c55207,64BY,,0,1,1606730215098,0,0
plugin_ios_activity_recognition,"[""stationary""]",0,2,0,aff93315-4e74-41b2-84a7-f597e1c55207,64BY,,0,1,1606730395009,0,0
plugin_ios_activity_recognition,"[""stationary""]",0,2,0,aff93315-4e74-41b2-84a7-f597e1c55207,64BY,supplement,0,1,1606730395011,0,0
plugin_ios_activity_recognition,"[""stationary""]",0,2,0,aff93315-4e74-41b2-84a7-f597e1c55207,64BY,,0,1,1606730575003,0,0
plugin_ios_activity_recognition,"[""stationary""]",0,2,0,aff93315-4e74-41b2-84a7-f597e1c55207,64BY,supplement,0,1,1606730755003,0,0
plugin_ios_activity_recognition,"[""stationary""]",0,2,0,aff93315-4e74-41b2-84a7-f597e1c55207,64BY,,0,1,1606730755445,0,0
plugin_ios_activity_recognition,"[""stationary""]",0,2,0,aff93315-4e74-41b2-84a7-f597e1c55207,64BY,supplement,0,1,1606730935003,0,0
plugin_ios_activity_recognition,"[""stationary""]",0,2,0,aff93315-4e74-41b2-84a7-f597e1c55207,64BY,,0,1,1606730935037,0,0
plugin_ios_activity_recognition,,0,2,0,aff93315-4e74-41b2-84a7-f597e1c55207,64BY,,0,0,1606731096493,0,0
plugin_ios_activity_recognition,"[""stationary""]",0,2,0,aff93315-4e74-41b2-84a7-f597e1c55207,64BY,,0,1,1606731101957,0,0
plugin_ios_activity_recognition,"[""stationary""]",0,2,0,aff93315-4e74-41b2-84a7-f597e1c55207,64BY,,0,1,1606731115118,0,0
plugin_ios_activity_recognition,,0,2,0,aff93315-4e74-41b2-84a7-f597e1c55207,64BY,,0,0,1606731176353,0,0
plugin_ios_activity_recognition,"[""stationary""]",0,2,0,aff93315-4e74-41b2-84a7-f597e1c55207,64BY,,0,1,1606731179892,0,0
plugin_ios_activity_recognition,"[""stationary""]",0,2,0,aff93315-4e74-41b2-84a7-f597e1c55207,64BY,,0,1,1606731295029,0,0
plugin_ios_activity_recognition,,0,2,0,aff93315-4e74-41b2-84a7-f597e1c55207,64BY,,0,0,1606731369534,0,0
plugin_ios_activity_recognition,"[""stationary""]",0,2,0,aff93315-4e74-41b2-84a7-f597e1c55207,64BY,,0,1,1606731377569,0,0
plugin_ios_activity_recognition,"[""stationary""]",0,2,0,aff93315-4e74-41b2-84a7-f597e1c55207,64BY,,0,1,1606731475026,0,0
plugin_ios_activity_recognition,,0,2,0,aff93315-4e74-41b2-84a7-f597e1c55207,64BY,,0,0,1606731639006,0,0
plugin_ios_activity_recognition,"[""stationary""]",0,2,0,aff93315-4e74-41b2-84a7-f597e1c55207,64BY,,0,1,1606731648006,0,0
plugin_ios_activity_recognition,"[""stationary""]",0,2,0,aff93315-4e74-41b2-84a7-f597e1c55207,64BY,,0,1,1606731655702,0,0
plugin_ios_activity_recognition,"[""stationary""]",0,2,0,aff93315-4e74-41b2-84a7-f597e1c55207,64BY,,0,1,1606731835028,0,0
plugin_ios_activity_recognition,,0,2,0,aff93315-4e74-41b2-84a7-f597e1c55207,64BY,,0,0,1606731878668,0,0
plugin_ios_activity_recognition,"[""stationary""]",0,2,0,aff93315-4e74-41b2-84a7-f597e1c55207,64BY,,0,1,1606731887347,0,0
plugin_ios_activity_recognition,"[""stationary""]",0,2,0,aff93315-4e74-41b2-84a7-f597e1c55207,64BY,,0,1,1606732015115,0,0
plugin_ios_activity_recognition,"[""stationary""]",0,2,0,aff93315-4e74-41b2-84a7-f597e1c55207,64BY,,0,1,1606732195015,0,0
plugin_ios_activity_recognition,"[""stationary""]",0,2,0,aff93315-4e74-41b2-84a7-f597e1c55207,64BY,supplement,0,1,1606732375015,0,0
plugin_ios_activity_recognition,"[""stationary""]",0,2,0,aff93315-4e74-41b2-84a7-f597e1c55207,64BY,,0,1,1606732375106,0,0
plugin_ios_activity_recognition,"[""stationary""]",0,2,0,aff93315-4e74-41b2-84a7-f597e1c55207,64BY,supplement,0,1,1606732555015,0,0
plugin_ios_activity_recognition,"[""stationary""]",0,2,0,aff93315-4e74-41b2-84a7-f597e1c55207,64BY,supplement,0,1,1606732555106,0,0
plugin_ios_activity_recognition,"[""stationary""]",0,2,0,aff93315-4e74-41b2-84a7-f597e1c55207,64BY,,0,1,1606732555449,0,0
plugin_ios_activity_recognition,,0,2,0,aff93315-4e74-41b2-84a7-f597e1c55207,64BY,,0,0,1606732660551,0,0
plugin_ios_activity_recognition,"[""stationary""]",0,2,0,aff93315-4e74-41b2-84a7-f597e1c55207,64BY,,0,1,1606732665372,0,0
plugin_ios_activity_recognition,,0,2,0,aff93315-4e74-41b2-84a7-f597e1c55207,64BY,,0,0,1606732670194,0,0
plugin_ios_activity_recognition,"[""stationary""]",0,2,0,aff93315-4e74-41b2-84a7-f597e1c55207,64BY,,0,1,1606732681443,0,0
plugin_ios_activity_recognition,"[""stationary""]",0,2,0,aff93315-4e74-41b2-84a7-f597e1c55207,64BY,,0,1,1606732735018,0,0
plugin_ios_activity_recognition,"[""stationary""]",0,2,0,aff93315-4e74-41b2-84a7-f597e1c55207,64BY,supplement,0,1,1606732735106,0,0
plugin_ios_activity_recognition,"[""stationary""]",0,2,0,aff93315-4e74-41b2-84a7-f597e1c55207,64BY,,0,1,1606732915018,0,0
plugin_ios_activity_recognition,"[""stationary""]",0,2,0,aff93315-4e74-41b2-84a7-f597e1c55207,64BY,supplement,0,1,1606733095018,0,0
plugin_ios_activity_recognition,"[""stationary""]",0,2,0,aff93315-4e74-41b2-84a7-f597e1c55207,64BY,,0,1,1606733095103,0,0
plugin_ios_activity_recognition,"[""stationary""]",0,2,0,aff93315-4e74-41b2-84a7-f597e1c55207,64BY,supplement,0,1,1606733275018,0,0
plugin_ios_activity_recognition,"[""stationary""]",0,2,0,aff93315-4e74-41b2-84a7-f597e1c55207,64BY,,0,1,1606733275067,0,0
plugin_ios_activity_recognition,"[""stationary""]",0,2,0,aff93315-4e74-41b2-84a7-f597e1c55207,64BY,supplement,0,1,1606733455067,0,0
plugin_ios_activity_recognition,"[""stationary""]",0,2,0,aff93315-4e74-41b2-84a7-f597e1c55207,64BY,,0,1,1606733455412,0,0
plugin_ios_activity_recognition,"[""stationary""]",0,2,0,aff93315-4e74-41b2-84a7-f597e1c55207,64BY,,0,1,1606733635011,0,0
plugin_ios_activity_recognition,"[""stationary""]",0,2,0,aff93315-4e74-41b2-84a7-f597e1c55207,64BY,supplement,0,1,1606733635067,0,0
plugin_ios_activity_recognition,"[""stationary""]",0,2,0,aff93315-4e74-41b2-84a7-f597e1c55207,64BY,supplement,0,1,1606733815011,0,0
plugin_ios_activity_recognition,"[""stationary""]",0,2,0,aff93315-4e74-41b2-84a7-f597e1c55207,64BY,,0,1,1606733815083,0,0
plugin_ios_activity_recognition,"[""stationary""]",0,2,0,aff93315-4e74-41b2-84a7-f597e1c55207,64BY,supplement,0,1,1606733995011,0,0
plugin_ios_activity_recognition,"[""stationary""]",0,2,0,aff93315-4e74-41b2-84a7-f597e1c55207,64BY,,0,1,1606733995066,0,0
plugin_ios_activity_recognition,"[""stationary""]",0,2,0,aff93315-4e74-41b2-84a7-f597e1c55207,64BY,supplement,0,1,1606734175066,0,0
plugin_ios_activity_recognition,"[""stationary""]",0,2,0,aff93315-4e74-41b2-84a7-f597e1c55207,64BY,,0,1,1606734175069,0,0
plugin_ios_activity_recognition,"[""stationary""]",0,2,0,aff93315-4e74-41b2-84a7-f597e1c55207,64BY,supplement,0,1,1606734355066,0,0
plugin_ios_activity_recognition,"[""stationary""]",0,2,0,aff93315-4e74-41b2-84a7-f597e1c55207,64BY,supplement,0,1,1606734355069,0,0
plugin_ios_activity_recognition,"[""stationary""]",0,2,0,aff93315-4e74-41b2-84a7-f597e1c55207,64BY,,0,1,1606734355507,0,0
plugin_ios_activity_recognition,"[""stationary""]",0,2,0,aff93315-4e74-41b2-84a7-f597e1c55207,64BY,supplement,0,1,1606734535069,0,0
plugin_ios_activity_recognition,"[""stationary""]",0,2,0,aff93315-4e74-41b2-84a7-f597e1c55207,64BY,,0,1,1606734535090,0,0
plugin_ios_activity_recognition,"[""stationary""]",0,2,0,aff93315-4e74-41b2-84a7-f597e1c55207,64BY,supplement,0,1,1606734715090,0,0
plugin_ios_activity_recognition,"[""stationary""]",0,2,0,aff93315-4e74-41b2-84a7-f597e1c55207,64BY,,0,1,1606734715159,0,0
plugin_ios_activity_recognition,"[""stationary""]",0,2,0,aff93315-4e74-41b2-84a7-f597e1c55207,64BY,,0,1,1606734895076,0,0
plugin_ios_activity_recognition,"[""stationary""]",0,2,0,aff93315-4e74-41b2-84a7-f597e1c55207,64BY,supplement,0,1,1606734895090,0,0
plugin_ios_activity_recognition,"[""stationary""]",0,2,0,aff93315-4e74-41b2-84a7-f597e1c55207,64BY,,0,1,1606735075075,0,0
plugin_ios_activity_recognition,"[""stationary""]",0,2,0,aff93315-4e74-41b2-84a7-f597e1c55207,64BY,supplement,0,1,1606735255075,0,0
plugin_ios_activity_recognition,"[""stationary""]",0,2,0,aff93315-4e74-41b2-84a7-f597e1c55207,64BY,,0,1,1606735255521,0,0
plugin_ios_activity_recognition,,0,2,0,aff93315-4e74-41b2-84a7-f597e1c55207,64BY,,0,0,1606735264680,0,0
plugin_ios_activity_recognition,"[""stationary""]",0,2,0,aff93315-4e74-41b2-84a7-f597e1c55207,64BY,,0,1,1606735270787,0,0
plugin_ios_activity_recognition,,0,2,0,aff93315-4e74-41b2-84a7-f597e1c55207,64BY,,0,0,1606735271430,0,0
plugin_ios_activity_recognition,"[""stationary""]",0,2,0,aff93315-4e74-41b2-84a7-f597e1c55207,64BY,,0,1,1606735287500,0,0
plugin_ios_activity_recognition,"[""stationary""]",0,2,0,aff93315-4e74-41b2-84a7-f597e1c55207,64BY,supplement,0,1,1606735435075,0,0
plugin_ios_activity_recognition,"[""stationary""]",0,2,0,aff93315-4e74-41b2-84a7-f597e1c55207,64BY,,0,1,1606735435077,0,0
plugin_ios_activity_recognition,"[""stationary""]",0,2,0,aff93315-4e74-41b2-84a7-f597e1c55207,64BY,supplement,0,1,1606735615077,0,0
plugin_ios_activity_recognition,"[""stationary""]",0,2,0,aff93315-4e74-41b2-84a7-f597e1c55207,64BY,,0,1,1606735615165,0,0
plugin_ios_activity_recognition,,0,2,0,aff93315-4e74-41b2-84a7-f597e1c55207,64BY,,0,0,1606735724431,0,0
plugin_ios_activity_recognition,"[""stationary""]",0,2,0,aff93315-4e74-41b2-84a7-f597e1c55207,64BY,,0,1,1606735750144,0,0
plugin_ios_activity_recognition,"[""stationary""]",0,2,0,aff93315-4e74-41b2-84a7-f597e1c55207,64BY,supplement,0,1,1606735795077,0,0
plugin_ios_activity_recognition,"[""stationary""]",0,2,0,aff93315-4e74-41b2-84a7-f597e1c55207,64BY,,0,1,1606735796246,0,0
plugin_ios_activity_recognition,,0,2,0,aff93315-4e74-41b2-84a7-f597e1c55207,64BY,,0,0,1606735816721,0,0
plugin_ios_activity_recognition,"[""stationary""]",0,2,0,aff93315-4e74-41b2-84a7-f597e1c55207,64BY,,0,1,1606735820256,0,0
plugin_ios_activity_recognition,"[""stationary""]",0,2,0,aff93315-4e74-41b2-84a7-f597e1c55207,64BY,,0,1,1606735975169,0,0
plugin_ios_activity_recognition,,0,2,0,aff93315-4e74-41b2-84a7-f597e1c55207,64BY,,0,0,1606736132406,0,0
plugin_ios_activity_recognition,"[""walking""]",0,1,0,aff93315-4e74-41b2-84a7-f597e1c55207,64BY,,0,0,1606736137874,0,1
plugin_ios_activity_recognition,"[""walking""]",0,2,0,aff93315-4e74-41b2-84a7-f597e1c55207,64BY,,0,0,1606736148161,0,1
plugin_ios_activity_recognition,"[""walking""]",0,2,0,aff93315-4e74-41b2-84a7-f597e1c55207,64BY,,0,0,1606736155465,0,1
plugin_ios_activity_recognition,,0,2,0,aff93315-4e74-41b2-84a7-f597e1c55207,64BY,,0,0,1606736199597,0,0
plugin_ios_activity_recognition,"[""walking""]",0,1,0,aff93315-4e74-41b2-84a7-f597e1c55207,64BY,,0,0,1606736297323,0,1
plugin_ios_activity_recognition,"[""walking""]",0,2,0,aff93315-4e74-41b2-84a7-f597e1c55207,64BY,,0,0,1606736310183,0,1
plugin_ios_activity_recognition,"[""walking""]",0,2,0,aff93315-4e74-41b2-84a7-f597e1c55207,64BY,,0,0,1606736335052,0,1
plugin_ios_activity_recognition,"[""stationary""]",0,2,0,aff93315-4e74-41b2-84a7-f597e1c55207,64BY,,0,1,1606736336217,0,0
plugin_ios_activity_recognition,"[""walking""]",0,2,0,aff93315-4e74-41b2-84a7-f597e1c55207,64BY,,0,0,1606736359923,0,1
plugin_ios_activity_recognition,,0,2,0,aff93315-4e74-41b2-84a7-f597e1c55207,64BY,,0,0,1606736369258,0,0
plugin_ios_activity_recognition,"[""walking""]",0,1,0,aff93315-4e74-41b2-84a7-f597e1c55207,64BY,,0,0,1606736374405,0,1
plugin_ios_activity_recognition,"[""walking""]",0,2,0,aff93315-4e74-41b2-84a7-f597e1c55207,64BY,,0,0,1606736382118,0,1
plugin_ios_activity_recognition,,0,2,0,aff93315-4e74-41b2-84a7-f597e1c55207,64BY,,0,0,1606736418125,0,0
plugin_ios_activity_recognition,"[""walking""]",0,1,0,aff93315-4e74-41b2-84a7-f597e1c55207,64BY,,0,0,1606736420697,0,1
plugin_ios_activity_recognition,"[""walking""]",0,2,0,aff93315-4e74-41b2-84a7-f597e1c55207,64BY,,0,0,1606736423269,0,1
plugin_ios_activity_recognition,"[""stationary""]",0,2,0,aff93315-4e74-41b2-84a7-f597e1c55207,64BY,,0,1,1606736428413,0,0
plugin_ios_activity_recognition,"[""walking""]",0,2,0,aff93315-4e74-41b2-84a7-f597e1c55207,64BY,,0,0,1606736455643,0,1
plugin_ios_activity_recognition,"[""stationary""]",0,2,0,aff93315-4e74-41b2-84a7-f597e1c55207,64BY,,0,1,1606736475574,0,0
plugin_ios_activity_recognition,,0,2,0,aff93315-4e74-41b2-84a7-f597e1c55207,64BY,,0,0,1606736490362,0,0
plugin_ios_activity_recognition,"[""stationary""]",0,2,0,aff93315-4e74-41b2-84a7-f597e1c55207,64BY,,0,1,1606736494541,0,0
plugin_ios_activity_recognition,"[""stationary""]",0,2,0,aff93315-4e74-41b2-84a7-f597e1c55207,64BY,,0,1,1606736515145,0,0
plugin_ios_activity_recognition,,0,2,0,aff93315-4e74-41b2-84a7-f597e1c55207,64BY,,0,0,1606736577416,0,0
plugin_ios_activity_recognition,"[""stationary""]",0,2,0,aff93315-4e74-41b2-84a7-f597e1c55207,64BY,,0,1,1606736581591,0,0
plugin_ios_activity_recognition,,0,2,0,aff93315-4e74-41b2-84a7-f597e1c55207,64BY,,0,0,1606736595418,0,0
plugin_ios_activity_recognition,"[""stationary""]",0,2,0,aff93315-4e74-41b2-84a7-f597e1c55207,64BY,,0,1,1606736600879,0,0
plugin_ios_activity_recognition,"[""stationary""]",0,2,0,aff93315-4e74-41b2-84a7-f597e1c55207,64BY,,0,1,1606736695053,0,0
plugin_ios_activity_recognition,,0,2,0,aff93315-4e74-41b2-84a7-f597e1c55207,64BY,,0,0,1606736740789,0,0
plugin_ios_activity_recognition,"[""stationary""]",0,2,0,aff93315-4e74-41b2-84a7-f597e1c55207,64BY,,0,1,1606736750754,0,0
plugin_ios_activity_recognition,,0,2,0,aff93315-4e74-41b2-84a7-f597e1c55207,64BY,,0,0,1606736764216,0,0
plugin_ios_activity_recognition,"[""stationary""]",0,2,0,aff93315-4e74-41b2-84a7-f597e1c55207,64BY,,0,1,1606736778360,0,0
plugin_ios_activity_recognition,,0,2,0,aff93315-4e74-41b2-84a7-f597e1c55207,64BY,,0,0,1606736838935,0,0
plugin_ios_activity_recognition,"[""stationary""]",0,2,0,aff93315-4e74-41b2-84a7-f597e1c55207,64BY,,0,1,1606736844404,0,0
plugin_ios_activity_recognition,,0,2,0,aff93315-4e74-41b2-84a7-f597e1c55207,64BY,,0,0,1606736853401,0,0
plugin_ios_activity_recognition,,0,2,0,aff93315-4e74-41b2-84a7-f597e1c55207,64BY,,0,0,1606736875117,0,0
plugin_ios_activity_recognition,"[""stationary""]",0,2,0,aff93315-4e74-41b2-84a7-f597e1c55207,64BY,,0,1,1606736877835,0,0
plugin_ios_activity_recognition,"[""stationary""]",0,2,0,aff93315-4e74-41b2-84a7-f597e1c55207,64BY,,0,1,1606737055745,0,0
plugin_ios_activity_recognition,"[""stationary""]",0,2,0,aff93315-4e74-41b2-84a7-f597e1c55207,64BY,,0,1,1606737235113,0,0
plugin_ios_activity_recognition,"[""stationary""]",0,2,0,aff93315-4e74-41b2-84a7-f597e1c55207,64BY,supplement,0,1,1606737415113,0,0
plugin_ios_activity_recognition,"[""stationary""]",0,2,0,aff93315-4e74-41b2-84a7-f597e1c55207,64BY,,0,1,1606737415141,0,0
plugin_ios_activity_recognition,"[""stationary""]",0,2,0,aff93315-4e74-41b2-84a7-f597e1c55207,64BY,,0,1,1606737595046,0,0
plugin_ios_activity_recognition,"[""stationary""]",0,2,0,aff93315-4e74-41b2-84a7-f597e1c55207,64BY,supplement,0,1,1606737595113,0,0
plugin_ios_activity_recognition,,0,2,0,aff93315-4e74-41b2-84a7-f597e1c55207,64BY,,0,0,1606737618781,0,0
plugin_ios_activity_recognition,"[""stationary""]",0,2,0,aff93315-4e74-41b2-84a7-f597e1c55207,64BY,,0,1,1606737629714,0,0
plugin_ios_activity_recognition,,0,2,0,aff93315-4e74-41b2-84a7-f597e1c55207,64BY,,0,0,1606737718414,0,0
plugin_ios_activity_recognition,"[""stationary""]",0,2,0,aff93315-4e74-41b2-84a7-f597e1c55207,64BY,,0,1,1606737723235,0,0
plugin_ios_activity_recognition,"[""stationary""]",0,2,0,aff93315-4e74-41b2-84a7-f597e1c55207,64BY,,0,1,1606737775047,0,0
plugin_ios_activity_recognition,,0,2,0,aff93315-4e74-41b2-84a7-f597e1c55207,64BY,,0,0,1606737783619,0,0
plugin_ios_activity_recognition,"[""stationary""]",0,2,0,aff93315-4e74-41b2-84a7-f597e1c55207,64BY,,0,1,1606737787795,0,0
plugin_ios_activity_recognition,"[""stationary""]",0,2,0,aff93315-4e74-41b2-84a7-f597e1c55207,64BY,,0,1,1606737955916,0,0
plugin_ios_activity_recognition,,0,2,0,aff93315-4e74-41b2-84a7-f597e1c55207,64BY,,0,0,1606738061638,0,0
plugin_ios_activity_recognition,"[""stationary""]",0,2,0,aff93315-4e74-41b2-84a7-f597e1c55207,64BY,,0,1,1606738068389,0,0
plugin_ios_activity_recognition,,0,2,0,aff93315-4e74-41b2-84a7-f597e1c55207,64BY,,0,0,1606738132090,0,0
plugin_ios_activity_recognition,,0,2,0,aff93315-4e74-41b2-84a7-f597e1c55207,64BY,,0,0,1606738135108,0,0
plugin_ios_activity_recognition,"[""stationary""]",0,2,0,aff93315-4e74-41b2-84a7-f597e1c55207,64BY,,0,1,1606738137551,0,0
plugin_ios_activity_recognition,,0,2,0,aff93315-4e74-41b2-84a7-f597e1c55207,64BY,,0,0,1606738263917,0,0
plugin_ios_activity_recognition,"[""stationary""]",0,2,0,aff93315-4e74-41b2-84a7-f597e1c55207,64BY,,0,1,1606738268739,0,0
plugin_ios_activity_recognition,"[""stationary""]",0,2,0,aff93315-4e74-41b2-84a7-f597e1c55207,64BY,,0,1,1606738315133,0,0
plugin_ios_activity_recognition,,0,2,0,aff93315-4e74-41b2-84a7-f597e1c55207,64BY,,0,0,1606738333414,0,0
plugin_ios_activity_recognition,"[""stationary""]",0,2,0,aff93315-4e74-41b2-84a7-f597e1c55207,64BY,,0,1,1606738339202,0,0
plugin_ios_activity_recognition,,0,2,0,aff93315-4e74-41b2-84a7-f597e1c55207,64BY,,0,0,1606738443699,0,0
plugin_ios_activity_recognition,"[""walking""]",0,1,0,aff93315-4e74-41b2-84a7-f597e1c55207,64BY,,0,0,1606738478094,0,1
plugin_ios_activity_recognition,"[""walking""]",0,2,0,aff93315-4e74-41b2-84a7-f597e1c55207,64BY,,0,0,1606738483240,0,1
plugin_ios_activity_recognition,"[""walking""]",0,2,0,aff93315-4e74-41b2-84a7-f597e1c55207,64BY,,0,0,1606738495040,0,1
plugin_ios_activity_recognition,,0,2,0,aff93315-4e74-41b2-84a7-f597e1c55207,64BY,,0,0,1606738534681,0,0
plugin_ios_activity_recognition,"[""stationary""]",0,2,0,aff93315-4e74-41b2-84a7-f597e1c55207,64BY,,0,1,1606738605397,0,0
plugin_ios_activity_recognition,"[""stationary""]",0,2,0,aff93315-4e74-41b2-84a7-f597e1c55207,64BY,,0,1,1606738675060,0,0
plugin_ios_activity_recognition,,0,2,0,aff93315-4e74-41b2-84a7-f597e1c55207,64BY,,0,0,1606738675470,0,0
plugin_ios_activity_recognition,"[""walking""]",0,1,0,aff93315-4e74-41b2-84a7-f597e1c55207,64BY,,0,0,1606738678365,0,1
plugin_ios_activity_recognition,"[""walking""]",0,2,0,aff93315-4e74-41b2-84a7-f597e1c55207,64BY,,0,0,1606738680934,0,1
plugin_ios_activity_recognition,"[""stationary""]",0,2,0,aff93315-4e74-41b2-84a7-f597e1c55207,64BY,,0,1,1606738699900,0,0
plugin_ios_activity_recognition,"[""stationary""]",0,2,0,aff93315-4e74-41b2-84a7-f597e1c55207,64BY,,0,1,1606738855808,0,0
plugin_ios_activity_recognition,,0,2,0,aff93315-4e74-41b2-84a7-f597e1c55207,64BY,,0,0,1606738974728,0,0
plugin_ios_activity_recognition,"[""stationary""]",0,2,0,aff93315-4e74-41b2-84a7-f597e1c55207,64BY,,0,1,1606738979228,0,0
plugin_ios_activity_recognition,,0,2,0,aff93315-4e74-41b2-84a7-f597e1c55207,64BY,,0,0,1606738981800,0,0
plugin_ios_activity_recognition,"[""stationary""]",0,2,0,aff93315-4e74-41b2-84a7-f597e1c55207,64BY,,0,1,1606738992409,0,0
plugin_ios_activity_recognition,,0,2,0,aff93315-4e74-41b2-84a7-f597e1c55207,64BY,,0,0,1606739033415,0,0
plugin_ios_activity_recognition,,0,2,0,aff93315-4e74-41b2-84a7-f597e1c55207,64BY,,0,0,1606739035046,0,0
plugin_ios_activity_recognition,"[""walking""]",0,1,0,aff93315-4e74-41b2-84a7-f597e1c55207,64BY,,0,0,1606739044669,0,1
plugin_ios_activity_recognition,"[""walking""]",0,2,0,aff93315-4e74-41b2-84a7-f597e1c55207,64BY,,0,0,1606739054956,0,1
plugin_ios_activity_recognition,"[""walking""]",0,2,0,aff93315-4e74-41b2-84a7-f597e1c55207,64BY,,0,0,1606739215125,0,1
plugin_ios_activity_recognition,"[""stationary""]",0,2,0,aff93315-4e74-41b2-84a7-f597e1c55207,64BY,,0,1,1606739284472,0,0
plugin_ios_activity_recognition,,0,2,0,aff93315-4e74-41b2-84a7-f597e1c55207,64BY,,0,0,1606739288976,0,0
plugin_ios_activity_recognition,"[""stationary""]",0,2,0,aff93315-4e74-41b2-84a7-f597e1c55207,64BY,,0,1,1606739302483,0,0
plugin_ios_activity_recognition,,0,2,0,aff93315-4e74-41b2-84a7-f597e1c55207,64BY,,0,0,1606739325493,0,0
plugin_ios_activity_recognition,"[""stationary""]",0,2,0,aff93315-4e74-41b2-84a7-f597e1c55207,64BY,,0,1,1606739345427,0,0
plugin_ios_activity_recognition,,0,2,0,aff93315-4e74-41b2-84a7-f597e1c55207,64BY,,0,0,1606739347031,0,0
plugin_ios_activity_recognition,,0,2,0,aff93315-4e74-41b2-84a7-f597e1c55207,64BY,,0,0,1606739395111,0,0
plugin_ios_activity_recognition,"[""stationary""]",0,2,0,aff93315-4e74-41b2-84a7-f597e1c55207,64BY,,0,1,1606739409729,0,0
plugin_ios_activity_recognition,,0,2,0,aff93315-4e74-41b2-84a7-f597e1c55207,64BY,,0,0,1606739420333,0,0
plugin_ios_activity_recognition,"[""stationary""]",0,2,0,aff93315-4e74-41b2-84a7-f597e1c55207,64BY,,0,1,1606739432873,0,0
plugin_ios_activity_recognition,,0,2,0,aff93315-4e74-41b2-84a7-f597e1c55207,64BY,,0,0,1606739450509,0,0
plugin_ios_activity_recognition,"[""stationary""]",0,2,0,aff93315-4e74-41b2-84a7-f597e1c55207,64BY,,0,1,1606739458552,0,0
plugin_ios_activity_recognition,,0,2,0,aff93315-4e74-41b2-84a7-f597e1c55207,64BY,,0,0,1606739480314,0,0
plugin_ios_activity_recognition,"[""stationary""]",0,2,0,aff93315-4e74-41b2-84a7-f597e1c55207,64BY,,0,1,1606739485458,0,0
plugin_ios_activity_recognition,,0,2,0,aff93315-4e74-41b2-84a7-f597e1c55207,64BY,,0,0,1606739509810,0,0
plugin_ios_activity_recognition,"[""stationary""]",0,2,0,aff93315-4e74-41b2-84a7-f597e1c55207,64BY,,0,1,1606739519451,0,0
plugin_ios_activity_recognition,,0,2,0,aff93315-4e74-41b2-84a7-f597e1c55207,64BY,,0,0,1606739544778,0,0
plugin_ios_activity_recognition,"[""stationary""]",0,2,0,aff93315-4e74-41b2-84a7-f597e1c55207,64BY,,0,1,1606739548957,0,0
plugin_ios_activity_recognition,,0,2,0,aff93315-4e74-41b2-84a7-f597e1c55207,64BY,,0,0,1606739557304,0,0
plugin_ios_activity_recognition,"[""stationary""]",0,2,0,aff93315-4e74-41b2-84a7-f597e1c55207,64BY,,0,1,1606739567913,0,0
plugin_ios_activity_recognition,,0,2,0,aff93315-4e74-41b2-84a7-f597e1c55207,64BY,,0,0,1606739570485,0,0
plugin_ios_activity_recognition,,0,2,0,aff93315-4e74-41b2-84a7-f597e1c55207,64BY,,0,0,1606739575111,0,0
plugin_ios_activity_recognition,"[""stationary""]",0,2,0,aff93315-4e74-41b2-84a7-f597e1c55207,64BY,,0,1,1606739577236,0,0
plugin_ios_activity_recognition,,0,2,0,aff93315-4e74-41b2-84a7-f597e1c55207,64BY,,0,0,1606739578200,0,0
plugin_ios_activity_recognition,"[""stationary""]",0,2,0,aff93315-4e74-41b2-84a7-f597e1c55207,64BY,,0,1,1606739599744,0,0
plugin_ios_activity_recognition,,0,2,0,aff93315-4e74-41b2-84a7-f597e1c55207,64BY,,0,0,1606739601669,0,0
plugin_ios_activity_recognition,"[""walking""]",0,1,0,aff93315-4e74-41b2-84a7-f597e1c55207,64BY,,0,0,1606739622874,0,1
plugin_ios_activity_recognition,"[""walking""]",0,1,0,aff93315-4e74-41b2-84a7-f597e1c55207,64BY,,0,0,1606739623790,0,1
plugin_ios_activity_recognition,"[""walking""]",0,2,0,aff93315-4e74-41b2-84a7-f597e1c55207,64BY,,0,0,1606739633157,0,1
plugin_ios_activity_recognition,,0,2,0,aff93315-4e74-41b2-84a7-f597e1c55207,64BY,,0,0,1606739702596,0,0
plugin_ios_activity_recognition,"[""walking""]",0,2,0,aff93315-4e74-41b2-84a7-f597e1c55207,64BY,,0,0,1606739754033,0,1
plugin_ios_activity_recognition,"[""walking""]",0,2,0,aff93315-4e74-41b2-84a7-f597e1c55207,64BY,,0,0,1606739803822,0,1
plugin_ios_activity_recognition,,0,2,0,aff93315-4e74-41b2-84a7-f597e1c55207,64BY,,0,0,1606739849186,0,0
plugin_ios_activity_recognition,"[""automotive""]",1,2,0,aff93315-4e74-41b2-84a7-f597e1c55207,64BY,,0,0,1606739918624,0,0
plugin_ios_activity_recognition,"[""automotive""]",1,2,0,aff93315-4e74-41b2-84a7-f597e1c55207,64BY,,0,0,1606739983856,0,0
plugin_ios_activity_recognition,"[""automotive""]",1,2,0,aff93315-4e74-41b2-84a7-f597e1c55207,64BY,,0,0,1606740026954,0,0
plugin_ios_activity_recognition,"[""automotive""]",1,2,0,aff93315-4e74-41b2-84a7-f597e1c55207,64BY,,0,0,1606740065211,0,0
plugin_ios_activity_recognition,"[""automotive""]",1,2,0,aff93315-4e74-41b2-84a7-f597e1c55207,64BY,,0,0,1606740111509,0,0
plugin_ios_activity_recognition,"[""stationary"",""automotive""]",1,2,0,aff93315-4e74-41b2-84a7-f597e1c55207,64BY,,0,1,1606740136899,0,0
plugin_ios_activity_recognition,"[""automotive""]",1,2,0,aff93315-4e74-41b2-84a7-f597e1c55207,64BY,,0,0,1606740137542,0,0
plugin_ios_activity_recognition,"[""automotive""]",1,2,0,aff93315-4e74-41b2-84a7-f597e1c55207,64BY,,0,0,1606740142376,0,0
plugin_ios_activity_recognition,"[""stationary"",""automotive""]",1,2,0,aff93315-4e74-41b2-84a7-f597e1c55207,64BY,,0,1,1606740157159,0,0
plugin_ios_activity_recognition,"[""automotive""]",1,2,0,aff93315-4e74-41b2-84a7-f597e1c55207,64BY,,0,0,1606740160689,0,0
plugin_ios_activity_recognition,"[""automotive""]",1,2,0,aff93315-4e74-41b2-84a7-f597e1c55207,64BY,,0,0,1606740163790,0,0
plugin_ios_activity_recognition,"[""automotive""]",1,2,0,aff93315-4e74-41b2-84a7-f597e1c55207,64BY,,0,0,1606740174838,0,0
plugin_ios_activity_recognition,,0,2,0,aff93315-4e74-41b2-84a7-f597e1c55207,64BY,,0,0,1606740175805,0,0
plugin_ios_activity_recognition,"[""stationary""]",0,2,0,aff93315-4e74-41b2-84a7-f597e1c55207,64BY,,0,1,1606740342664,0,0
plugin_ios_activity_recognition,"[""stationary""]",0,2,0,aff93315-4e74-41b2-84a7-f597e1c55207,64BY,,0,1,1606740343891,0,0
plugin_ios_activity_recognition,,0,2,0,aff93315-4e74-41b2-84a7-f597e1c55207,64BY,,0,0,1606740344593,0,0
plugin_ios_activity_recognition,"[""stationary""]",0,2,0,aff93315-4e74-41b2-84a7-f597e1c55207,64BY,,0,1,1606740499563,0,0
plugin_ios_activity_recognition,,0,2,0,aff93315-4e74-41b2-84a7-f597e1c55207,64BY,,0,0,1606740511459,0,0
plugin_ios_activity_recognition,,0,2,0,aff93315-4e74-41b2-84a7-f597e1c55207,64BY,,0,0,1606740524143,0,0
plugin_ios_activity_recognition,"[""stationary""]",0,2,0,aff93315-4e74-41b2-84a7-f597e1c55207,64BY,,0,1,1606740550040,0,0
plugin_ios_activity_recognition,,0,2,0,aff93315-4e74-41b2-84a7-f597e1c55207,64BY,,0,0,1606740552934,0,0
plugin_ios_activity_recognition,"[""stationary""]",0,2,0,aff93315-4e74-41b2-84a7-f597e1c55207,64BY,,0,1,1606740600837,0,0
plugin_ios_activity_recognition,,0,2,0,aff93315-4e74-41b2-84a7-f597e1c55207,64BY,,0,0,1606740608553,0,0
plugin_ios_activity_recognition,"[""stationary""]",0,2,0,aff93315-4e74-41b2-84a7-f597e1c55207,64BY,,0,1,1606740638131,0,0
plugin_ios_activity_recognition,,0,2,0,aff93315-4e74-41b2-84a7-f597e1c55207,64BY,,0,0,1606740644239,0,0
plugin_ios_activity_recognition,"[""stationary""]",0,2,0,aff93315-4e74-41b2-84a7-f597e1c55207,64BY,,0,1,1606740655491,0,0
plugin_ios_activity_recognition,,0,2,0,aff93315-4e74-41b2-84a7-f597e1c55207,64BY,,0,0,1606740656135,0,0
plugin_ios_activity_recognition,,0,2,0,aff93315-4e74-41b2-84a7-f597e1c55207,64BY,,0,0,1606740703795,0,0
plugin_ios_activity_recognition,"[""walking""]",0,1,0,aff93315-4e74-41b2-84a7-f597e1c55207,64BY,,0,0,1606740723654,0,1
plugin_ios_activity_recognition,"[""walking""]",0,2,0,aff93315-4e74-41b2-84a7-f597e1c55207,64BY,,0,0,1606740726224,0,1
plugin_ios_activity_recognition,,0,2,0,aff93315-4e74-41b2-84a7-f597e1c55207,64BY,,0,0,1606740733940,0,0
plugin_ios_activity_recognition,"[""automotive""]",1,2,0,aff93315-4e74-41b2-84a7-f597e1c55207,64BY,,0,0,1606740772519,0,0
plugin_ios_activity_recognition,"[""automotive""]",1,2,0,aff93315-4e74-41b2-84a7-f597e1c55207,64BY,,0,0,1606740823958,0,0
plugin_ios_activity_recognition,"[""automotive""]",1,2,0,aff93315-4e74-41b2-84a7-f597e1c55207,64BY,,0,0,1606740847106,0,0
plugin_ios_activity_recognition,"[""automotive""]",1,2,0,aff93315-4e74-41b2-84a7-f597e1c55207,64BY,,0,0,1606740883820,0,0
plugin_ios_activity_recognition,"[""automotive""]",1,2,0,aff93315-4e74-41b2-84a7-f597e1c55207,64BY,,0,0,1606740893403,0,0
plugin_ios_activity_recognition,,0,2,0,aff93315-4e74-41b2-84a7-f597e1c55207,64BY,,0,0,1606740913979,0,0
plugin_ios_activity_recognition,"[""walking""]",0,2,0,aff93315-4e74-41b2-84a7-f597e1c55207,64BY,,0,0,1606740916551,0,1
plugin_ios_activity_recognition,,0,2,0,aff93315-4e74-41b2-84a7-f597e1c55207,64BY,,0,0,1606741045147,0,0
plugin_ios_activity_recognition,,0,2,0,aff93315-4e74-41b2-84a7-f597e1c55207,64BY,,0,0,1606741063885,0,0
plugin_ios_activity_recognition,"[""stationary""]",0,2,0,aff93315-4e74-41b2-84a7-f597e1c55207,64BY,,0,1,1606741094328,0,0
plugin_ios_activity_recognition,,0,2,0,aff93315-4e74-41b2-84a7-f597e1c55207,64BY,,0,0,1606741098185,0,0
plugin_ios_activity_recognition,"[""stationary""]",0,2,0,aff93315-4e74-41b2-84a7-f597e1c55207,64BY,,0,1,1606741125190,0,0
plugin_ios_activity_recognition,,0,2,0,aff93315-4e74-41b2-84a7-f597e1c55207,64BY,,0,0,1606741125833,0,0
plugin_ios_activity_recognition,"[""stationary""]",0,2,0,aff93315-4e74-41b2-84a7-f597e1c55207,64BY,,0,1,1606741143836,0,0
plugin_ios_activity_recognition,,0,2,0,aff93315-4e74-41b2-84a7-f597e1c55207,64BY,,0,0,1606741144157,0,0
plugin_ios_activity_recognition,"[""walking""]",0,1,0,aff93315-4e74-41b2-84a7-f597e1c55207,64BY,,0,0,1606741189172,0,1
plugin_ios_activity_recognition,"[""walking""]",0,2,0,aff93315-4e74-41b2-84a7-f597e1c55207,64BY,,0,0,1606741194314,0,1
plugin_ios_activity_recognition,"[""walking""]",0,2,0,aff93315-4e74-41b2-84a7-f597e1c55207,64BY,,0,0,1606741243818,0,1
plugin_ios_activity_recognition,"[""stationary""]",0,2,0,aff93315-4e74-41b2-84a7-f597e1c55207,64BY,,0,1,1606741299110,0,0
plugin_ios_activity_recognition,"[""walking""]",0,2,0,aff93315-4e74-41b2-84a7-f597e1c55207,64BY,,0,0,1606741299756,0,1
plugin_ios_activity_recognition,"[""stationary""]",0,2,0,aff93315-4e74-41b2-84a7-f597e1c55207,64BY,,0,1,1606741306182,0,0
plugin_ios_activity_recognition,"[""walking""]",0,2,0,aff93315-4e74-41b2-84a7-f597e1c55207,64BY,,0,0,1606741307146,0,1
plugin_ios_activity_recognition,,0,2,0,aff93315-4e74-41b2-84a7-f597e1c55207,64BY,,0,0,1606741307471,0,0
plugin_ios_activity_recognition,"[""stationary""]",0,2,0,aff93315-4e74-41b2-84a7-f597e1c55207,64BY,,0,1,1606741323220,0,0
plugin_ios_activity_recognition,,0,2,0,aff93315-4e74-41b2-84a7-f597e1c55207,64BY,,0,0,1606741327721,0,0
plugin_ios_activity_recognition,"[""stationary""]",0,2,0,aff93315-4e74-41b2-84a7-f597e1c55207,64BY,,0,1,1606741360190,0,0
plugin_ios_activity_recognition,,0,2,0,aff93315-4e74-41b2-84a7-f597e1c55207,64BY,,0,0,1606741360511,0,0
plugin_ios_activity_recognition,,0,2,0,aff93315-4e74-41b2-84a7-f597e1c55207,64BY,,0,0,1606741424145,0,0
plugin_ios_activity_recognition,"[""stationary""]",0,2,0,aff93315-4e74-41b2-84a7-f597e1c55207,64BY,,0,1,1606741428664,0,0
plugin_ios_activity_recognition,,0,2,0,aff93315-4e74-41b2-84a7-f597e1c55207,64BY,,0,0,1606741432521,0,0
plugin_ios_activity_recognition,"[""stationary""]",0,2,0,aff93315-4e74-41b2-84a7-f597e1c55207,64BY,,0,1,1606741446023,0,0
plugin_ios_activity_recognition,,0,2,0,aff93315-4e74-41b2-84a7-f597e1c55207,64BY,,0,0,1606741452131,0,0
plugin_ios_activity_recognition,"[""stationary""]",0,2,0,aff93315-4e74-41b2-84a7-f597e1c55207,64BY,,0,1,1606741475599,0,0
plugin_ios_activity_recognition,,0,2,0,aff93315-4e74-41b2-84a7-f597e1c55207,64BY,,0,0,1606741477210,0,0
plugin_ios_activity_recognition,"[""stationary""]",0,2,0,aff93315-4e74-41b2-84a7-f597e1c55207,64BY,,0,1,1606741481385,0,0
plugin_ios_activity_recognition,,0,2,0,aff93315-4e74-41b2-84a7-f597e1c55207,64BY,,0,0,1606741483957,0,0
plugin_ios_activity_recognition,"[""stationary""]",0,2,0,aff93315-4e74-41b2-84a7-f597e1c55207,64BY,,0,1,1606741489744,0,0
plugin_ios_activity_recognition,,0,2,0,aff93315-4e74-41b2-84a7-f597e1c55207,64BY,,0,0,1606741493602,0,0
plugin_ios_activity_recognition,"[""walking""]",0,1,0,aff93315-4e74-41b2-84a7-f597e1c55207,64BY,,0,0,1606741500361,0,1
plugin_ios_activity_recognition,"[""walking""]",0,2,0,aff93315-4e74-41b2-84a7-f597e1c55207,64BY,,0,0,1606741502930,0,1
plugin_ios_activity_recognition,"[""stationary""]",0,2,0,aff93315-4e74-41b2-84a7-f597e1c55207,64BY,,0,1,1606741561112,0,0
plugin_ios_activity_recognition,"[""walking""]",0,2,0,aff93315-4e74-41b2-84a7-f597e1c55207,64BY,,0,0,1606741564326,0,1
plugin_ios_activity_recognition,,0,2,0,aff93315-4e74-41b2-84a7-f597e1c55207,64BY,,0,0,1606741572685,0,0
plugin_ios_activity_recognition,"[""stationary""]",0,2,0,aff93315-4e74-41b2-84a7-f597e1c55207,64BY,,0,1,1606741585544,0,0
plugin_ios_activity_recognition,,0,2,0,aff93315-4e74-41b2-84a7-f597e1c55207,64BY,,0,0,1606741586829,0,0
plugin_ios_activity_recognition,,0,2,0,aff93315-4e74-41b2-84a7-f597e1c55207,64BY,,0,0,1606741603787,0,0
plugin_ios_activity_recognition,"[""stationary""]",0,2,0,aff93315-4e74-41b2-84a7-f597e1c55207,64BY,,0,1,1606741612226,0,0
plugin_ios_activity_recognition,,0,2,0,aff93315-4e74-41b2-84a7-f597e1c55207,64BY,,0,0,1606741614476,0,0
plugin_ios_activity_recognition,"[""stationary""]",0,2,0,aff93315-4e74-41b2-84a7-f597e1c55207,64BY,,0,1,1606741691308,0,0
plugin_ios_activity_recognition,,0,2,0,aff93315-4e74-41b2-84a7-f597e1c55207,64BY,,0,0,1606741692594,0,0
plugin_ios_activity_recognition,,0,2,0,aff93315-4e74-41b2-84a7-f597e1c55207,64BY,,0,0,1606741783816,0,0
plugin_ios_activity_recognition,"[""walking""]",0,1,0,aff93315-4e74-41b2-84a7-f597e1c55207,64BY,,0,0,1606741798685,0,1
plugin_ios_activity_recognition,"[""walking""]",0,2,0,aff93315-4e74-41b2-84a7-f597e1c55207,64BY,,0,0,1606741801257,0,1
plugin_ios_activity_recognition,"[""stationary""]",0,2,0,aff93315-4e74-41b2-84a7-f597e1c55207,64BY,,0,1,1606741891264,0,0
plugin_ios_activity_recognition,"[""walking""]",0,2,0,aff93315-4e74-41b2-84a7-f597e1c55207,64BY,,0,0,1606741899255,0,1
plugin_ios_activity_recognition,"[""stationary""]",0,2,0,aff93315-4e74-41b2-84a7-f597e1c55207,64BY,,0,1,1606741903434,0,0
plugin_ios_activity_recognition,,0,2,0,aff93315-4e74-41b2-84a7-f597e1c55207,64BY,,0,0,1606741913700,0,0
plugin_ios_activity_recognition,,0,2,0,aff93315-4e74-41b2-84a7-f597e1c55207,64BY,,0,0,1606741963788,0,0
plugin_ios_activity_recognition,"[""walking""]",0,1,0,aff93315-4e74-41b2-84a7-f597e1c55207,64BY,,0,0,1606742073794,0,1
plugin_ios_activity_recognition,"[""walking""]",0,2,0,aff93315-4e74-41b2-84a7-f597e1c55207,64BY,,0,0,1606742084079,0,1
plugin_ios_activity_recognition,,0,2,0,aff93315-4e74-41b2-84a7-f597e1c55207,64BY,,0,0,1606742135521,0,0
plugin_ios_activity_recognition,,0,2,0,aff93315-4e74-41b2-84a7-f597e1c55207,64BY,,0,0,1606742143885,0,0
plugin_ios_activity_recognition,"[""walking""]",0,2,0,aff93315-4e74-41b2-84a7-f597e1c55207,64BY,,0,0,1606742271821,0,1
plugin_ios_activity_recognition,"[""walking""]",0,2,0,aff93315-4e74-41b2-84a7-f597e1c55207,64BY,,0,0,1606742324116,0,1
plugin_ios_activity_recognition,"[""stationary""]",0,2,0,aff93315-4e74-41b2-84a7-f597e1c55207,64BY,,0,1,1606742329037,0,0
plugin_ios_activity_recognition,"[""walking""]",0,2,0,aff93315-4e74-41b2-84a7-f597e1c55207,64BY,,0,0,1606742330001,0,1
plugin_ios_activity_recognition,,0,2,0,aff93315-4e74-41b2-84a7-f597e1c55207,64BY,,0,0,1606742356687,0,0
plugin_ios_activity_recognition,"[""stationary""]",0,2,0,aff93315-4e74-41b2-84a7-f597e1c55207,64BY,,0,1,1606742410693,0,0
plugin_ios_activity_recognition,,0,2,0,aff93315-4e74-41b2-84a7-f597e1c55207,64BY,,0,0,1606742412619,0,0
plugin_ios_activity_recognition,"[""walking""]",0,2,0,aff93315-4e74-41b2-84a7-f597e1c55207,64BY,,0,0,1606742449272,0,1
plugin_ios_activity_recognition,"[""stationary""]",0,2,0,aff93315-4e74-41b2-84a7-f597e1c55207,64BY,,0,1,1606742477234,0,0
plugin_ios_activity_recognition,"[""walking""]",0,2,0,aff93315-4e74-41b2-84a7-f597e1c55207,64BY,,0,0,1606742489124,0,1
plugin_ios_activity_recognition,"[""walking""]",0,2,0,aff93315-4e74-41b2-84a7-f597e1c55207,64BY,,0,0,1606742503880,0,1
plugin_ios_activity_recognition,,0,2,0,aff93315-4e74-41b2-84a7-f597e1c55207,64BY,,0,0,1606742531563,0,0
plugin_ios_activity_recognition,"[""walking""]",0,1,0,aff93315-4e74-41b2-84a7-f597e1c55207,64BY,,0,0,1606742536707,0,1
plugin_ios_activity_recognition,"[""walking""]",0,2,0,aff93315-4e74-41b2-84a7-f597e1c55207,64BY,,0,0,1606742541850,0,1
plugin_ios_activity_recognition,,0,2,0,aff93315-4e74-41b2-84a7-f597e1c55207,64BY,,0,0,1606742667864,0,0
plugin_ios_activity_recognition,,0,2,0,aff93315-4e74-41b2-84a7-f597e1c55207,64BY,,0,0,1606742683880,0,0
plugin_ios_activity_recognition,"[""stationary""]",0,2,0,aff93315-4e74-41b2-84a7-f597e1c55207,64BY,,0,1,1606742717363,0,0
plugin_ios_activity_recognition,,0,2,0,aff93315-4e74-41b2-84a7-f597e1c55207,64BY,,0,0,1606742717685,0,0
plugin_ios_activity_recognition,"[""walking""]",0,1,0,aff93315-4e74-41b2-84a7-f597e1c55207,64BY,,0,0,1606742737303,0,1
plugin_ios_activity_recognition,"[""walking""]",0,2,0,aff93315-4e74-41b2-84a7-f597e1c55207,64BY,,0,0,1606742742443,0,1
plugin_ios_activity_recognition,"[""stationary""]",0,2,0,aff93315-4e74-41b2-84a7-f597e1c55207,64BY,,0,1,1606742793549,0,0
plugin_ios_activity_recognition,"[""walking""]",0,2,0,aff93315-4e74-41b2-84a7-f597e1c55207,64BY,,0,0,1606742794514,0,1
plugin_ios_activity_recognition,,0,2,0,aff93315-4e74-41b2-84a7-f597e1c55207,64BY,,0,0,1606742806735,0,0
plugin_ios_activity_recognition,"[""stationary""]",0,2,0,aff93315-4e74-41b2-84a7-f597e1c55207,64BY,,0,1,1606742814448,0,0
plugin_ios_activity_recognition,,0,2,0,aff93315-4e74-41b2-84a7-f597e1c55207,64BY,,0,0,1606742819908,0,0
plugin_ios_activity_recognition,"[""stationary""]",0,2,0,aff93315-4e74-41b2-84a7-f597e1c55207,64BY,,0,1,1606742828910,0,0
plugin_ios_activity_recognition,,0,2,0,aff93315-4e74-41b2-84a7-f597e1c55207,64BY,,0,0,1606742829878,0,0
plugin_ios_activity_recognition,"[""stationary""]",0,2,0,aff93315-4e74-41b2-84a7-f597e1c55207,64BY,,0,1,1606742837911,0,0
plugin_ios_activity_recognition,,0,2,0,aff93315-4e74-41b2-84a7-f597e1c55207,64BY,,0,0,1606742838232,0,0
plugin_ios_activity_recognition,,0,2,0,aff93315-4e74-41b2-84a7-f597e1c55207,64BY,,0,0,1606742863790,0,0
plugin_ios_activity_recognition,"[""stationary""]",0,2,0,aff93315-4e74-41b2-84a7-f597e1c55207,64BY,,0,1,1606742867806,0,0
plugin_ios_activity_recognition,,0,2,0,aff93315-4e74-41b2-84a7-f597e1c55207,64BY,,0,0,1606742871986,0,0
plugin_ios_activity_recognition,"[""stationary""]",0,2,0,aff93315-4e74-41b2-84a7-f597e1c55207,64BY,,0,1,1606742888059,0,0
plugin_ios_activity_recognition,,0,2,0,aff93315-4e74-41b2-84a7-f597e1c55207,64BY,,0,0,1606742888701,0,0
plugin_ios_activity_recognition,"[""stationary""]",0,2,0,aff93315-4e74-41b2-84a7-f597e1c55207,64BY,,0,1,1606742899313,0,0
plugin_ios_activity_recognition,,0,2,0,aff93315-4e74-41b2-84a7-f597e1c55207,64BY,,0,0,1606742902845,0,0
plugin_ios_activity_recognition,"[""stationary""]",0,2,0,aff93315-4e74-41b2-84a7-f597e1c55207,64BY,,0,1,1606742906384,0,0
plugin_ios_activity_recognition,,0,2,0,aff93315-4e74-41b2-84a7-f597e1c55207,64BY,,0,0,1606742915008,0,0
plugin_ios_activity_recognition,"[""stationary""]",0,2,0,aff93315-4e74-41b2-84a7-f597e1c55207,64BY,,0,1,1606742934298,0,0
plugin_ios_activity_recognition,,0,2,0,aff93315-4e74-41b2-84a7-f597e1c55207,64BY,,0,0,1606742939120,0,0
plugin_ios_activity_recognition,"[""stationary""]",0,2,0,aff93315-4e74-41b2-84a7-f597e1c55207,64BY,,0,1,1606742948125,0,0
plugin_ios_activity_recognition,,0,2,0,aff93315-4e74-41b2-84a7-f597e1c55207,64BY,,0,0,1606742951336,0,0
plugin_ios_activity_recognition,"[""stationary""]",0,2,0,aff93315-4e74-41b2-84a7-f597e1c55207,64BY,,0,1,1606742981874,0,0
plugin_ios_activity_recognition,,0,2,0,aff93315-4e74-41b2-84a7-f597e1c55207,64BY,,0,0,1606742988936,0,0
plugin_ios_activity_recognition,,0,2,0,aff93315-4e74-41b2-84a7-f597e1c55207,64BY,,0,0,1606743043787,0,0
plugin_ios_activity_recognition,"[""stationary""]",0,2,0,aff93315-4e74-41b2-84a7-f597e1c55207,64BY,,0,1,1606743071554,0,0
plugin_ios_activity_recognition,,0,2,0,aff93315-4e74-41b2-84a7-f597e1c55207,64BY,,0,0,1606743076698,0,0
plugin_ios_activity_recognition,"[""stationary""]",0,2,0,aff93315-4e74-41b2-84a7-f597e1c55207,64BY,,0,1,1606743081516,0,0
plugin_ios_activity_recognition,,0,2,0,aff93315-4e74-41b2-84a7-f597e1c55207,64BY,,0,0,1606743086315,0,0
plugin_ios_activity_recognition,"[""stationary""]",0,2,0,aff93315-4e74-41b2-84a7-f597e1c55207,64BY,,0,1,1606743194325,0,0
plugin_ios_activity_recognition,,0,2,0,aff93315-4e74-41b2-84a7-f597e1c55207,64BY,,0,0,1606743195611,0,0
plugin_ios_activity_recognition,,0,2,0,aff93315-4e74-41b2-84a7-f597e1c55207,64BY,,0,0,1606743224216,0,0
plugin_ios_activity_recognition,"[""stationary""]",0,2,0,aff93315-4e74-41b2-84a7-f597e1c55207,64BY,,0,1,1606743229043,0,0
plugin_ios_activity_recognition,,0,2,0,aff93315-4e74-41b2-84a7-f597e1c55207,64BY,,0,0,1606743230328,0,0
plugin_ios_activity_recognition,"[""stationary""]",0,2,0,aff93315-4e74-41b2-84a7-f597e1c55207,64BY,,0,1,1606743296228,0,0
plugin_ios_activity_recognition,,0,2,0,aff93315-4e74-41b2-84a7-f597e1c55207,64BY,,0,0,1606743297193,0,0
plugin_ios_activity_recognition,"[""stationary""]",0,2,0,aff93315-4e74-41b2-84a7-f597e1c55207,64BY,,0,1,1606743366307,0,0
plugin_ios_activity_recognition,,0,2,0,aff93315-4e74-41b2-84a7-f597e1c55207,64BY,,0,0,1606743377561,0,0
plugin_ios_activity_recognition,"[""stationary""]",0,2,0,aff93315-4e74-41b2-84a7-f597e1c55207,64BY,,0,1,1606743382058,0,0
plugin_ios_activity_recognition,,0,2,0,aff93315-4e74-41b2-84a7-f597e1c55207,64BY,,0,0,1606743391702,0,0
plugin_ios_activity_recognition,,0,2,0,aff93315-4e74-41b2-84a7-f597e1c55207,64BY,,0,0,1606743403810,0,0
plugin_ios_activity_recognition,"[""stationary""]",0,2,0,aff93315-4e74-41b2-84a7-f597e1c55207,64BY,,0,1,1606743459855,0,0
plugin_ios_activity_recognition,,0,2,0,aff93315-4e74-41b2-84a7-f597e1c55207,64BY,,0,0,1606743460816,0,0
plugin_ios_activity_recognition,"[""walking""]",0,1,0,aff93315-4e74-41b2-84a7-f597e1c55207,64BY,,0,0,1606743508720,0,1
plugin_ios_activity_recognition,"[""walking""]",0,2,0,aff93315-4e74-41b2-84a7-f597e1c55207,64BY,,0,0,1606743513863,0,1
plugin_ios_activity_recognition,"[""walking""]",0,2,0,aff93315-4e74-41b2-84a7-f597e1c55207,64BY,,0,0,1606743583877,0,1
plugin_ios_activity_recognition,,0,2,0,aff93315-4e74-41b2-84a7-f597e1c55207,64BY,,0,0,1606743627655,0,0
plugin_ios_activity_recognition,"[""stationary""]",0,2,0,aff93315-4e74-41b2-84a7-f597e1c55207,64BY,,0,1,1606743633763,0,0
plugin_ios_activity_recognition,,0,2,0,aff93315-4e74-41b2-84a7-f597e1c55207,64BY,,0,0,1606743635049,0,0
plugin_ios_activity_recognition,"[""walking""]",0,1,0,aff93315-4e74-41b2-84a7-f597e1c55207,64BY,,0,0,1606743647592,0,1
plugin_ios_activity_recognition,"[""walking""]",0,2,0,aff93315-4e74-41b2-84a7-f597e1c55207,64BY,,0,0,1606743680054,0,1
plugin_ios_activity_recognition,,0,2,0,aff93315-4e74-41b2-84a7-f597e1c55207,64BY,,0,0,1606743734703,0,0
plugin_ios_activity_recognition,"[""stationary""]",0,2,0,aff93315-4e74-41b2-84a7-f597e1c55207,64BY,,0,1,1606743743382,0,0
plugin_ios_activity_recognition,,0,2,0,aff93315-4e74-41b2-84a7-f597e1c55207,64BY,,0,0,1606743746918,0,0
plugin_ios_activity_recognition,,0,2,0,aff93315-4e74-41b2-84a7-f597e1c55207,64BY,,0,0,1606743763788,0,0
plugin_ios_activity_recognition,"[""walking""]",0,1,0,aff93315-4e74-41b2-84a7-f597e1c55207,64BY,,0,0,1606743771992,0,1
plugin_ios_activity_recognition,"[""walking""]",0,2,0,aff93315-4e74-41b2-84a7-f597e1c55207,64BY,,0,0,1606743776175,0,1
plugin_ios_activity_recognition,,0,2,0,aff93315-4e74-41b2-84a7-f597e1c55207,64BY,,0,0,1606743827609,0,0
plugin_ios_activity_recognition,,0,2,0,aff93315-4e74-41b2-84a7-f597e1c55207,64BY,,0,0,1606743943842,0,0
plugin_ios_activity_recognition,"[""walking""]",0,1,0,aff93315-4e74-41b2-84a7-f597e1c55207,64BY,,0,0,1606743979340,0,1
plugin_ios_activity_recognition,"[""walking""]",0,2,0,aff93315-4e74-41b2-84a7-f597e1c55207,64BY,,0,0,1606743987056,0,1
plugin_ios_activity_recognition,"[""walking""]",0,2,0,aff93315-4e74-41b2-84a7-f597e1c55207,64BY,,0,0,1606744124177,0,1
plugin_ios_activity_recognition,"[""stationary""]",0,2,0,aff93315-4e74-41b2-84a7-f597e1c55207,64BY,,0,1,1606744145855,0,0
plugin_ios_activity_recognition,"[""walking""]",0,2,0,aff93315-4e74-41b2-84a7-f597e1c55207,64BY,,0,0,1606744147462,0,1
plugin_ios_activity_recognition,,0,2,0,aff93315-4e74-41b2-84a7-f597e1c55207,64BY,,0,0,1606744161936,0,0
plugin_ios_activity_recognition,"[""walking""]",0,1,0,aff93315-4e74-41b2-84a7-f597e1c55207,64BY,,0,0,1606744190225,0,1
plugin_ios_activity_recognition,"[""walking""]",0,2,0,aff93315-4e74-41b2-84a7-f597e1c55207,64BY,,0,0,1606744195365,0,1
plugin_ios_activity_recognition,,0,2,0,aff93315-4e74-41b2-84a7-f597e1c55207,64BY,,0,0,1606744275086,0,0
plugin_ios_activity_recognition,,0,2,0,aff93315-4e74-41b2-84a7-f597e1c55207,64BY,,0,0,1606744303787,0,0
plugin_ios_activity_recognition,"[""stationary""]",0,2,0,aff93315-4e74-41b2-84a7-f597e1c55207,64BY,,0,1,1606744309476,0,0
plugin_ios_activity_recognition,,0,2,0,aff93315-4e74-41b2-84a7-f597e1c55207,64BY,,0,0,1606744310761,0,0
plugin_ios_activity_recognition,"[""stationary""]",0,2,0,aff93315-4e74-41b2-84a7-f597e1c55207,64BY,,0,1,1606744408162,0,0
plugin_ios_activity_recognition,,0,2,0,aff93315-4e74-41b2-84a7-f597e1c55207,64BY,,0,0,1606744410091,0,0
plugin_ios_activity_recognition,"[""stationary""]",0,2,0,aff93315-4e74-41b2-84a7-f597e1c55207,64BY,,0,1,1606744427449,0,0
plugin_ios_activity_recognition,,0,2,0,aff93315-4e74-41b2-84a7-f597e1c55207,64BY,,0,0,1606744431625,0,0
plugin_ios_activity_recognition,,0,2,0,aff93315-4e74-41b2-84a7-f597e1c55207,64BY,,0,0,1606744483840,0,0
plugin_ios_activity_recognition,"[""walking""]",0,1,0,aff93315-4e74-41b2-84a7-f597e1c55207,64BY,,0,0,1606744537390,0,1
plugin_ios_activity_recognition,"[""walking""]",0,2,0,aff93315-4e74-41b2-84a7-f597e1c55207,64BY,,0,0,1606744539962,0,1
plugin_ios_activity_recognition,"[""stationary""]",0,2,0,aff93315-4e74-41b2-84a7-f597e1c55207,64BY,,0,1,1606744585281,0,0
plugin_ios_activity_recognition,"[""walking""]",0,2,0,aff93315-4e74-41b2-84a7-f597e1c55207,64BY,,0,0,1606744596508,0,1
plugin_ios_activity_recognition,,0,2,0,aff93315-4e74-41b2-84a7-f597e1c55207,64BY,,0,0,1606744599079,0,0
plugin_ios_activity_recognition,"[""stationary""]",0,2,0,aff93315-4e74-41b2-84a7-f597e1c55207,64BY,,0,1,1606744613219,0,0
plugin_ios_activity_recognition,,0,2,0,aff93315-4e74-41b2-84a7-f597e1c55207,64BY,,0,0,1606744620291,0,0
plugin_ios_activity_recognition,,0,2,0,aff93315-4e74-41b2-84a7-f597e1c55207,64BY,,0,0,1606744663806,0,0
plugin_ios_activity_recognition,,0,2,0,aff93315-4e74-41b2-84a7-f597e1c55207,64BY,,0,0,1606744843806,0,0
plugin_ios_activity_recognition,"[""walking""]",0,1,0,aff93315-4e74-41b2-84a7-f597e1c55207,64BY,,0,0,1606744874249,0,1
plugin_ios_activity_recognition,"[""walking""]",0,2,0,aff93315-4e74-41b2-84a7-f597e1c55207,64BY,,0,0,1606744894821,0,1
plugin_ios_activity_recognition,"[""stationary""]",0,2,0,aff93315-4e74-41b2-84a7-f597e1c55207,64BY,,0,1,1606744913139,0,0
plugin_ios_activity_recognition,"[""walking""]",0,2,0,aff93315-4e74-41b2-84a7-f597e1c55207,64BY,,0,0,1606744914746,0,1
plugin_ios_activity_recognition,,0,2,0,aff93315-4e74-41b2-84a7-f597e1c55207,64BY,,0,0,1606744946255,0,0
plugin_ios_activity_recognition,"[""stationary""]",0,2,0,aff93315-4e74-41b2-84a7-f597e1c55207,64BY,,0,1,1606745005719,0,0
plugin_ios_activity_recognition,,0,2,0,aff93315-4e74-41b2-84a7-f597e1c55207,64BY,,0,0,1606745013116,0,0
plugin_ios_activity_recognition,,0,2,0,aff93315-4e74-41b2-84a7-f597e1c55207,64BY,,0,0,1606745024161,0,0
plugin_ios_activity_recognition,"[""stationary""]",0,2,0,aff93315-4e74-41b2-84a7-f597e1c55207,64BY,,0,1,1606745115335,0,0
plugin_ios_activity_recognition,,0,2,0,aff93315-4e74-41b2-84a7-f597e1c55207,64BY,,0,0,1606745117907,0,0
plugin_ios_activity_recognition,"[""stationary""]",0,2,0,aff93315-4e74-41b2-84a7-f597e1c55207,64BY,,0,1,1606745126908,0,0
plugin_ios_activity_recognition,,0,2,0,aff93315-4e74-41b2-84a7-f597e1c55207,64BY,,0,0,1606745129480,0,0
plugin_ios_activity_recognition,,0,2,0,aff93315-4e74-41b2-84a7-f597e1c55207,64BY,,0,0,1606745203784,0,0
plugin_ios_activity_recognition,"[""walking""]",0,1,0,aff93315-4e74-41b2-84a7-f597e1c55207,64BY,,0,0,1606745290857,0,1
plugin_ios_activity_recognition,"[""walking""]",0,2,0,aff93315-4e74-41b2-84a7-f597e1c55207,64BY,,0,0,1606745296958,0,1
plugin_ios_activity_recognition,,0,2,0,aff93315-4e74-41b2-84a7-f597e1c55207,64BY,,0,0,1606745352574,0,0
plugin_ios_activity_recognition,"[""stationary""]",0,2,0,aff93315-4e74-41b2-84a7-f597e1c55207,64BY,,0,1,1606745359642,0,0
plugin_ios_activity_recognition,,0,2,0,aff93315-4e74-41b2-84a7-f597e1c55207,64BY,,0,0,1606745360289,0,0
plugin_ios_activity_recognition,,0,2,0,aff93315-4e74-41b2-84a7-f597e1c55207,64BY,,0,0,1606745383804,0,0
plugin_ios_activity_recognition,"[""stationary""]",0,2,0,aff93315-4e74-41b2-84a7-f597e1c55207,64BY,,0,1,1606745385680,0,0
plugin_ios_activity_recognition,,0,2,0,aff93315-4e74-41b2-84a7-f597e1c55207,64BY,,0,0,1606745386323,0,0
plugin_ios_activity_recognition,"[""stationary""]",0,2,0,aff93315-4e74-41b2-84a7-f597e1c55207,64BY,,0,1,1606745395003,0,0
plugin_ios_activity_recognition,,0,2,0,aff93315-4e74-41b2-84a7-f597e1c55207,64BY,,0,0,1606745396610,0,0
plugin_ios_activity_recognition,"[""stationary""]",0,2,0,aff93315-4e74-41b2-84a7-f597e1c55207,64BY,,0,1,1606745538693,0,0
plugin_ios_activity_recognition,,0,2,0,aff93315-4e74-41b2-84a7-f597e1c55207,64BY,,0,0,1606745542229,0,0
plugin_ios_activity_recognition,,0,2,0,aff93315-4e74-41b2-84a7-f597e1c55207,64BY,,0,0,1606745563784,0,0
plugin_ios_activity_recognition,"[""stationary""]",0,2,0,aff93315-4e74-41b2-84a7-f597e1c55207,64BY,,0,1,1606745567624,0,0
plugin_ios_activity_recognition,,0,2,0,aff93315-4e74-41b2-84a7-f597e1c55207,64BY,,0,0,1606745569232,0,0
plugin_ios_activity_recognition,"[""stationary""]",0,2,0,aff93315-4e74-41b2-84a7-f597e1c55207,64BY,,0,1,1606745604907,0,0
plugin_ios_activity_recognition,,0,2,0,aff93315-4e74-41b2-84a7-f597e1c55207,64BY,,0,0,1606745606193,0,0
plugin_ios_activity_recognition,"[""stationary""]",0,2,0,aff93315-4e74-41b2-84a7-f597e1c55207,64BY,,0,1,1606745631588,0,0
plugin_ios_activity_recognition,,0,2,0,aff93315-4e74-41b2-84a7-f597e1c55207,64BY,,0,0,1606745636731,0,0
plugin_ios_activity_recognition,"[""stationary""]",0,2,0,aff93315-4e74-41b2-84a7-f597e1c55207,64BY,,0,1,1606745654411,0,0
plugin_ios_activity_recognition,,0,2,0,aff93315-4e74-41b2-84a7-f597e1c55207,64BY,,0,0,1606745665663,0,0
plugin_ios_activity_recognition,"[""stationary""]",0,2,0,aff93315-4e74-41b2-84a7-f597e1c55207,64BY,,0,1,1606745686882,0,0
plugin_ios_activity_recognition,,0,2,0,aff93315-4e74-41b2-84a7-f597e1c55207,64BY,,0,0,1606745699074,0,0
plugin_ios_activity_recognition,"[""stationary""]",0,2,0,aff93315-4e74-41b2-84a7-f597e1c55207,64BY,,0,1,1606745702610,0,0
plugin_ios_activity_recognition,,0,2,0,aff93315-4e74-41b2-84a7-f597e1c55207,64BY,,0,0,1606745728898,0,0
plugin_ios_activity_recognition,,0,2,0,aff93315-4e74-41b2-84a7-f597e1c55207,64BY,,0,0,1606745743870,0,0
plugin_ios_activity_recognition,"[""stationary""]",0,2,0,aff93315-4e74-41b2-84a7-f597e1c55207,64BY,,0,1,1606745748511,0,0
plugin_ios_activity_recognition,,0,2,0,aff93315-4e74-41b2-84a7-f597e1c55207,64BY,,0,0,1606745751400,0,0
plugin_ios_activity_recognition,"[""stationary""]",0,2,0,aff93315-4e74-41b2-84a7-f597e1c55207,64BY,,0,1,1606745758151,0,0
plugin_ios_activity_recognition,,0,2,0,aff93315-4e74-41b2-84a7-f597e1c55207,64BY,,0,0,1606745759758,0,0
plugin_ios_activity_recognition,"[""stationary""]",0,2,0,aff93315-4e74-41b2-84a7-f597e1c55207,64BY,,0,1,1606745769723,0,0
plugin_ios_activity_recognition,,0,2,0,aff93315-4e74-41b2-84a7-f597e1c55207,64BY,,0,0,1606745777433,0,0
plugin_ios_activity_recognition,"[""stationary""]",0,2,0,aff93315-4e74-41b2-84a7-f597e1c55207,64BY,,0,1,1606745783540,0,0
plugin_ios_activity_recognition,,0,2,0,aff93315-4e74-41b2-84a7-f597e1c55207,64BY,,0,0,1606745787719,0,0
plugin_ios_activity_recognition,"[""stationary""]",0,2,0,aff93315-4e74-41b2-84a7-f597e1c55207,64BY,,0,1,1606745791255,0,0
plugin_ios_activity_recognition,,0,2,0,aff93315-4e74-41b2-84a7-f597e1c55207,64BY,,0,0,1606745792541,0,0
plugin_ios_activity_recognition,,0,2,0,aff93315-4e74-41b2-84a7-f597e1c55207,64BY,,0,0,1606745924161,0,0
plugin_ios_activity_recognition,"[""walking""]",0,1,0,aff93315-4e74-41b2-84a7-f597e1c55207,64BY,,0,0,1606745936239,0,1
plugin_ios_activity_recognition,"[""walking""]",0,2,0,aff93315-4e74-41b2-84a7-f597e1c55207,64BY,,0,0,1606745942340,0,1
plugin_ios_activity_recognition,"[""stationary""]",0,2,0,aff93315-4e74-41b2-84a7-f597e1c55207,64BY,,0,1,1606745960342,0,0
plugin_ios_activity_recognition,"[""walking""]",0,2,0,aff93315-4e74-41b2-84a7-f597e1c55207,64BY,,0,0,1606745961628,0,1
plugin_ios_activity_recognition,"[""stationary""]",0,2,0,aff93315-4e74-41b2-84a7-f597e1c55207,64BY,,0,1,1606745971593,0,0
plugin_ios_activity_recognition,"[""walking""]",0,2,0,aff93315-4e74-41b2-84a7-f597e1c55207,64BY,,0,0,1606745972239,0,1
plugin_ios_activity_recognition,,0,2,0,aff93315-4e74-41b2-84a7-f597e1c55207,64BY,,0,0,1606745992813,0,0
plugin_ios_activity_recognition,"[""stationary""]",0,2,0,aff93315-4e74-41b2-84a7-f597e1c55207,64BY,,0,1,1606746002453,0,0
plugin_ios_activity_recognition,,0,2,0,aff93315-4e74-41b2-84a7-f597e1c55207,64BY,,0,0,1606746004703,0,0
plugin_ios_activity_recognition,"[""stationary""]",0,2,0,aff93315-4e74-41b2-84a7-f597e1c55207,64BY,,0,1,1606746064819,0,0
plugin_ios_activity_recognition,,0,2,0,aff93315-4e74-41b2-84a7-f597e1c55207,64BY,,0,0,1606746065459,0,0
plugin_ios_activity_recognition,,0,2,0,aff93315-4e74-41b2-84a7-f597e1c55207,64BY,,0,0,1606746103802,0,0
plugin_ios_activity_recognition,"[""stationary""]",0,2,0,aff93315-4e74-41b2-84a7-f597e1c55207,64BY,,0,1,1606746127500,0,0
plugin_ios_activity_recognition,,0,2,0,aff93315-4e74-41b2-84a7-f597e1c55207,64BY,,0,0,1606746131029,0,0
plugin_ios_activity_recognition,"[""stationary""]",0,2,0,aff93315-4e74-41b2-84a7-f597e1c55207,64BY,,0,1,1606746137454,0,0
plugin_ios_activity_recognition,,0,2,0,aff93315-4e74-41b2-84a7-f597e1c55207,64BY,,0,0,1606746146134,0,0
plugin_ios_activity_recognition,"[""walking""]",0,2,0,aff93315-4e74-41b2-84a7-f597e1c55207,64BY,,0,0,1606746180536,0,1
plugin_ios_activity_recognition,,0,2,0,aff93315-4e74-41b2-84a7-f597e1c55207,64BY,,0,0,1606746237112,0,0
plugin_ios_activity_recognition,"[""walking""]",0,1,0,aff93315-4e74-41b2-84a7-f597e1c55207,64BY,,0,0,1606746255117,0,1
plugin_ios_activity_recognition,"[""walking""]",0,2,0,aff93315-4e74-41b2-84a7-f597e1c55207,64BY,,0,0,1606746257685,0,1
plugin_ios_activity_recognition,"[""walking""]",0,2,0,aff93315-4e74-41b2-84a7-f597e1c55207,64BY,,0,0,1606746283868,0,1
plugin_ios_activity_recognition,,0,2,0,aff93315-4e74-41b2-84a7-f597e1c55207,64BY,,0,0,1606746309033,0,0
plugin_ios_activity_recognition,"[""walking""]",0,1,0,aff93315-4e74-41b2-84a7-f597e1c55207,64BY,,0,0,1606746337324,0,1
plugin_ios_activity_recognition,"[""walking""]",0,2,0,aff93315-4e74-41b2-84a7-f597e1c55207,64BY,,0,0,1606746342464,0,1
plugin_ios_activity_recognition,"[""stationary""]",0,2,0,aff93315-4e74-41b2-84a7-f597e1c55207,64BY,,0,1,1606746372353,0,0
plugin_ios_activity_recognition,"[""walking""]",0,2,0,aff93315-4e74-41b2-84a7-f597e1c55207,64BY,,0,0,1606746373639,0,1
plugin_ios_activity_recognition,,0,2,0,aff93315-4e74-41b2-84a7-f597e1c55207,64BY,,0,0,1606746401609,0,0
plugin_ios_activity_recognition,"[""stationary""]",0,2,0,aff93315-4e74-41b2-84a7-f597e1c55207,64BY,,0,1,1606746417679,0,0
plugin_ios_activity_recognition,,0,2,0,aff93315-4e74-41b2-84a7-f597e1c55207,64BY,,0,0,1606746424406,0,0
plugin_ios_activity_recognition,,0,2,0,aff93315-4e74-41b2-84a7-f597e1c55207,64BY,,0,0,1606746463708,0,0
plugin_ios_activity_recognition,"[""walking""]",0,1,0,aff93315-4e74-41b2-84a7-f597e1c55207,64BY,,0,0,1606746471023,0,1
plugin_ios_activity_recognition,"[""walking""]",0,2,0,aff93315-4e74-41b2-84a7-f597e1c55207,64BY,,0,0,1606746478735,0,1
plugin_ios_activity_recognition,,0,2,0,aff93315-4e74-41b2-84a7-f597e1c55207,64BY,,0,0,1606746530171,0,0
plugin_ios_activity_recognition,"[""walking""]",0,2,0,aff93315-4e74-41b2-84a7-f597e1c55207,64BY,,0,0,1606746617607,0,1
plugin_ios_activity_recognition,"[""walking""]",0,2,0,aff93315-4e74-41b2-84a7-f597e1c55207,64BY,,0,0,1606746643700,0,1
plugin_ios_activity_recognition,,0,2,0,aff93315-4e74-41b2-84a7-f597e1c55207,64BY,,0,0,1606746730759,0,0
plugin_ios_activity_recognition,,0,2,0,aff93315-4e74-41b2-84a7-f597e1c55207,64BY,,0,0,1606746824232,0,0
plugin_ios_activity_recognition,"[""stationary""]",0,2,0,aff93315-4e74-41b2-84a7-f597e1c55207,64BY,,0,1,1606746835547,0,0
plugin_ios_activity_recognition,,0,2,0,aff93315-4e74-41b2-84a7-f597e1c55207,64BY,,0,0,1606746836511,0,0
plugin_ios_activity_recognition,"[""stationary""]",0,2,0,aff93315-4e74-41b2-84a7-f597e1c55207,64BY,,0,1,1606746870907,0,0
plugin_ios_activity_recognition,,0,2,0,aff93315-4e74-41b2-84a7-f597e1c55207,64BY,,0,0,1606746872196,0,0
plugin_ios_activity_recognition,"[""stationary""]",0,2,0,aff93315-4e74-41b2-84a7-f597e1c55207,64BY,,0,1,1606746876372,0,0
plugin_ios_activity_recognition,,0,2,0,aff93315-4e74-41b2-84a7-f597e1c55207,64BY,,0,0,1606746878622,0,0
plugin_ios_activity_recognition,"[""stationary""]",0,2,0,aff93315-4e74-41b2-84a7-f597e1c55207,64BY,,0,1,1606746950628,0,0
plugin_ios_activity_recognition,"[""stationary""]",0,2,0,aff93315-4e74-41b2-84a7-f597e1c55207,64BY,,0,1,1606747003714,0,0
plugin_ios_activity_recognition,,0,2,0,aff93315-4e74-41b2-84a7-f597e1c55207,64BY,,0,0,1606747177974,0,0
plugin_ios_activity_recognition,,0,2,0,aff93315-4e74-41b2-84a7-f597e1c55207,64BY,,0,0,1606747183712,0,0
plugin_ios_activity_recognition,"[""walking""]",0,1,0,aff93315-4e74-41b2-84a7-f597e1c55207,64BY,,0,0,1606747185051,0,1
plugin_ios_activity_recognition,"[""walking""]",0,2,0,aff93315-4e74-41b2-84a7-f597e1c55207,64BY,,0,0,1606747190195,0,1
plugin_ios_activity_recognition,,0,2,0,aff93315-4e74-41b2-84a7-f597e1c55207,64BY,,0,0,1606747300775,0,0
plugin_ios_activity_recognition,,0,2,0,aff93315-4e74-41b2-84a7-f597e1c55207,64BY,,0,0,1606747363688,0,0
plugin_ios_activity_recognition,"[""stationary""]",0,2,0,aff93315-4e74-41b2-84a7-f597e1c55207,64BY,,0,1,1606747372132,0,0
plugin_ios_activity_recognition,,0,2,0,aff93315-4e74-41b2-84a7-f597e1c55207,64BY,,0,0,1606747373418,0,0
plugin_ios_activity_recognition,"[""walking""]",0,1,0,aff93315-4e74-41b2-84a7-f597e1c55207,64BY,,0,0,1606747385642,0,1
plugin_ios_activity_recognition,"[""walking""]",0,2,0,aff93315-4e74-41b2-84a7-f597e1c55207,64BY,,0,0,1606747395925,0,1
plugin_ios_activity_recognition,,0,2,0,aff93315-4e74-41b2-84a7-f597e1c55207,64BY,,0,0,1606747468567,0,0
plugin_ios_activity_recognition,"[""walking""]",0,1,0,aff93315-4e74-41b2-84a7-f597e1c55207,64BY,,0,0,1606747529649,0,1
plugin_ios_activity_recognition,"[""walking""]",0,2,0,aff93315-4e74-41b2-84a7-f597e1c55207,64BY,,0,0,1606747532221,0,1
plugin_ios_activity_recognition,"[""walking""]",0,2,0,aff93315-4e74-41b2-84a7-f597e1c55207,64BY,,0,0,1606747543704,0,1
plugin_ios_activity_recognition,,0,2,0,aff93315-4e74-41b2-84a7-f597e1c55207,64BY,,0,0,1606747583968,0,0
plugin_ios_activity_recognition,"[""walking""]",0,1,0,aff93315-4e74-41b2-84a7-f597e1c55207,64BY,,0,0,1606747588796,0,1
plugin_ios_activity_recognition,"[""walking""]",0,2,0,aff93315-4e74-41b2-84a7-f597e1c55207,64BY,,0,0,1606747596509,0,1
plugin_ios_activity_recognition,,0,2,0,aff93315-4e74-41b2-84a7-f597e1c55207,64BY,,0,0,1606747647943,0,0
plugin_ios_activity_recognition,,0,2,0,aff93315-4e74-41b2-84a7-f597e1c55207,64BY,,0,0,1606747724097,0,0
plugin_ios_activity_recognition,"[""stationary""]",0,2,0,aff93315-4e74-41b2-84a7-f597e1c55207,64BY,,0,1,1606747737622,0,0
plugin_ios_activity_recognition,,0,2,0,aff93315-4e74-41b2-84a7-f597e1c55207,64BY,,0,0,1606747739229,0,0
plugin_ios_activity_recognition,"[""walking""]",0,1,0,aff93315-4e74-41b2-84a7-f597e1c55207,64BY,,0,0,1606747786810,0,1
plugin_ios_activity_recognition,"[""walking""]",0,2,0,aff93315-4e74-41b2-84a7-f597e1c55207,64BY,,0,0,1606747797411,0,1
plugin_ios_activity_recognition,,0,2,0,aff93315-4e74-41b2-84a7-f597e1c55207,64BY,,0,0,1606747848526,0,0
plugin_ios_activity_recognition,,0,2,0,aff93315-4e74-41b2-84a7-f597e1c55207,64BY,,0,0,1606747903681,0,0
plugin_ios_activity_recognition,,0,2,0,aff93315-4e74-41b2-84a7-f597e1c55207,64BY,supplement,0,0,1606748083681,0,0
plugin_ios_activity_recognition,,0,2,0,aff93315-4e74-41b2-84a7-f597e1c55207,64BY,,0,0,1606748083727,0,0
plugin_ios_activity_recognition,"[""walking""]",0,1,0,aff93315-4e74-41b2-84a7-f597e1c55207,64BY,,0,0,1606748236844,0,1
plugin_ios_activity_recognition,"[""walking""]",0,2,0,aff93315-4e74-41b2-84a7-f597e1c55207,64BY,,0,0,1606748249703,0,1
plugin_ios_activity_recognition,,0,2,0,aff93315-4e74-41b2-84a7-f597e1c55207,64BY,supplement,0,0,1606748263681,0,0
plugin_ios_activity_recognition,"[""walking""]",0,2,0,aff93315-4e74-41b2-84a7-f597e1c55207,64BY,,0,0,1606748263741,0,1
plugin_ios_activity_recognition,,0,2,0,aff93315-4e74-41b2-84a7-f597e1c55207,64BY,,0,0,1606748301207,0,0
plugin_ios_activity_recognition,,0,2,0,aff93315-4e74-41b2-84a7-f597e1c55207,64BY,,0,0,1606748443788,0,0
plugin_ios_activity_recognition,"[""stationary""]",0,2,0,aff93315-4e74-41b2-84a7-f597e1c55207,64BY,,0,1,1606748447479,0,0
plugin_ios_activity_recognition,,0,2,0,aff93315-4e74-41b2-84a7-f597e1c55207,64BY,,0,0,1606748468322,0,0
plugin_ios_activity_recognition,"[""walking""]",0,2,0,aff93315-4e74-41b2-84a7-f597e1c55207,64BY,,0,0,1606748506901,0,1
plugin_ios_activity_recognition,,0,2,0,aff93315-4e74-41b2-84a7-f597e1c55207,64BY,,0,0,1606748584054,0,0
plugin_ios_activity_recognition,"[""walking""]",0,2,0,aff93315-4e74-41b2-84a7-f597e1c55207,64BY,,0,0,1606748604630,0,1
plugin_ios_activity_recognition,"[""walking""]",0,2,0,aff93315-4e74-41b2-84a7-f597e1c55207,64BY,,0,0,1606748624142,0,1
plugin_ios_activity_recognition,,0,2,0,aff93315-4e74-41b2-84a7-f597e1c55207,64BY,,0,0,1606748702671,0,0
plugin_ios_activity_recognition,,0,2,0,aff93315-4e74-41b2-84a7-f597e1c55207,64BY,,0,0,1606748803771,0,0
plugin_ios_activity_recognition,"[""stationary""]",0,2,0,aff93315-4e74-41b2-84a7-f597e1c55207,64BY,,0,1,1606748862440,0,0
plugin_ios_activity_recognition,,0,2,0,aff93315-4e74-41b2-84a7-f597e1c55207,64BY,,0,0,1606748868226,0,0
plugin_ios_activity_recognition,,0,2,0,aff93315-4e74-41b2-84a7-f597e1c55207,64BY,,0,0,1606748983787,0,0
plugin_ios_activity_recognition,"[""stationary""]",0,2,0,aff93315-4e74-41b2-84a7-f597e1c55207,64BY,,0,1,1606748989739,0,0
plugin_ios_activity_recognition,,0,2,0,aff93315-4e74-41b2-84a7-f597e1c55207,64BY,,0,0,1606748998399,0,0
plugin_ios_activity_recognition,"[""stationary""]",0,2,0,aff93315-4e74-41b2-84a7-f597e1c55207,64BY,,0,1,1606749015437,0,0
plugin_ios_activity_recognition,,0,2,0,aff93315-4e74-41b2-84a7-f597e1c55207,64BY,,0,0,1606749016723,0,0
plugin_ios_activity_recognition,"[""stationary""]",0,2,0,aff93315-4e74-41b2-84a7-f597e1c55207,64BY,,0,1,1606749055298,0,0
plugin_ios_activity_recognition,,0,2,0,aff93315-4e74-41b2-84a7-f597e1c55207,64BY,,0,0,1606749062374,0,0
plugin_ios_activity_recognition,"[""stationary""]",0,2,0,aff93315-4e74-41b2-84a7-f597e1c55207,64BY,,0,1,1606749093552,0,0
plugin_ios_activity_recognition,,0,2,0,aff93315-4e74-41b2-84a7-f597e1c55207,64BY,,0,0,1606749096116,0,0
plugin_ios_activity_recognition,"[""walking""]",0,1,0,aff93315-4e74-41b2-84a7-f597e1c55207,64BY,,0,0,1606749144656,0,1
plugin_ios_activity_recognition,"[""walking""]",0,1,0,aff93315-4e74-41b2-84a7-f597e1c55207,64BY,,0,0,1606749163767,0,1
plugin_ios_activity_recognition,"[""walking""]",0,2,0,aff93315-4e74-41b2-84a7-f597e1c55207,64BY,,0,0,1606749178093,0,1
plugin_ios_activity_recognition,,0,2,0,aff93315-4e74-41b2-84a7-f597e1c55207,64BY,,0,0,1606749229529,0,0
plugin_ios_activity_recognition,"[""stationary""]",0,2,0,aff93315-4e74-41b2-84a7-f597e1c55207,64BY,,0,1,1606749254279,0,0
plugin_ios_activity_recognition,,0,2,0,aff93315-4e74-41b2-84a7-f597e1c55207,64BY,,0,0,1606749255247,0,0
plugin_ios_activity_recognition,"[""stationary""]",0,2,0,aff93315-4e74-41b2-84a7-f597e1c55207,64BY,,0,1,1606749292212,0,0
plugin_ios_activity_recognition,,0,2,0,aff93315-4e74-41b2-84a7-f597e1c55207,64BY,,0,0,1606749293498,0,0
plugin_ios_activity_recognition,,0,2,0,aff93315-4e74-41b2-84a7-f597e1c55207,64BY,,0,0,1606749343772,0,0
plugin_ios_activity_recognition,"[""walking""]",0,2,0,aff93315-4e74-41b2-84a7-f597e1c55207,64BY,,0,0,1606749376121,0,1
plugin_ios_activity_recognition,"[""stationary""]",0,2,0,aff93315-4e74-41b2-84a7-f597e1c55207,64BY,,0,1,1606749463229,0,0
plugin_ios_activity_recognition,"[""walking""]",0,2,0,aff93315-4e74-41b2-84a7-f597e1c55207,64BY,,0,0,1606749466443,0,1
plugin_ios_activity_recognition,,0,2,0,aff93315-4e74-41b2-84a7-f597e1c55207,64BY,,0,0,1606749473843,0,0
plugin_ios_activity_recognition,"[""stationary""]",0,2,0,aff93315-4e74-41b2-84a7-f597e1c55207,64BY,,0,1,1606749487347,0,0
plugin_ios_activity_recognition,,0,2,0,aff93315-4e74-41b2-84a7-f597e1c55207,64BY,,0,0,1606749488944,0,0
plugin_ios_activity_recognition,,0,2,0,aff93315-4e74-41b2-84a7-f597e1c55207,64BY,,0,0,1606749524150,0,0
plugin_ios_activity_recognition,"[""walking""]",0,2,0,aff93315-4e74-41b2-84a7-f597e1c55207,64BY,,0,0,1606749568994,0,1
plugin_ios_activity_recognition,,0,2,0,aff93315-4e74-41b2-84a7-f597e1c55207,64BY,,0,0,1606749636496,0,0
plugin_ios_activity_recognition,,0,2,0,aff93315-4e74-41b2-84a7-f597e1c55207,64BY,,0,0,1606749703786,0,0
plugin_ios_activity_recognition,"[""walking""]",0,2,0,aff93315-4e74-41b2-84a7-f597e1c55207,64BY,,0,0,1606749731012,0,1
plugin_ios_activity_recognition,,0,2,0,aff93315-4e74-41b2-84a7-f597e1c55207,64BY,,0,0,1606749772157,0,0
plugin_ios_activity_recognition,"[""stationary""]",0,2,0,aff93315-4e74-41b2-84a7-f597e1c55207,64BY,,0,1,1606749805265,0,0
plugin_ios_activity_recognition,,0,2,0,aff93315-4e74-41b2-84a7-f597e1c55207,64BY,,0,0,1606749807193,0,0
plugin_ios_activity_recognition,"[""walking""]",0,1,0,aff93315-4e74-41b2-84a7-f597e1c55207,64BY,,0,0,1606749810734,0,1
plugin_ios_activity_recognition,"[""walking""]",0,2,0,aff93315-4e74-41b2-84a7-f597e1c55207,64BY,,0,0,1606749813307,0,1
plugin_ios_activity_recognition,"[""stationary""]",0,2,0,aff93315-4e74-41b2-84a7-f597e1c55207,64BY,,0,1,1606749825838,0,0
plugin_ios_activity_recognition,"[""walking""]",0,2,0,aff93315-4e74-41b2-84a7-f597e1c55207,64BY,,0,0,1606749832910,0,1
plugin_ios_activity_recognition,"[""stationary""]",0,2,0,aff93315-4e74-41b2-84a7-f597e1c55207,64BY,,0,1,1606749842554,0,0
plugin_ios_activity_recognition,"[""walking""]",0,2,0,aff93315-4e74-41b2-84a7-f597e1c55207,64BY,,0,0,1606749850895,0,1
plugin_ios_activity_recognition,,0,2,0,aff93315-4e74-41b2-84a7-f597e1c55207,64BY,,0,0,1606749864721,0,0
plugin_ios_activity_recognition,,0,2,0,aff93315-4e74-41b2-84a7-f597e1c55207,64BY,,0,0,1606749883853,0,0
plugin_ios_activity_recognition,"[""walking""]",0,2,0,aff93315-4e74-41b2-84a7-f597e1c55207,64BY,,0,0,1606749905870,0,1
plugin_ios_activity_recognition,,0,2,0,aff93315-4e74-41b2-84a7-f597e1c55207,64BY,,0,0,1606749977876,0,0
plugin_ios_activity_recognition,,0,2,0,aff93315-4e74-41b2-84a7-f597e1c55207,64BY,,0,0,1606750063771,0,0
plugin_ios_activity_recognition,"[""walking""]",0,1,0,aff93315-4e74-41b2-84a7-f597e1c55207,64BY,,0,0,1606750067888,0,1
plugin_ios_activity_recognition,"[""walking""]",0,2,0,aff93315-4e74-41b2-84a7-f597e1c55207,64BY,,0,0,1606750070460,0,1
plugin_ios_activity_recognition,,0,2,0,aff93315-4e74-41b2-84a7-f597e1c55207,64BY,,0,0,1606750124781,0,0
plugin_ios_activity_recognition,"[""walking""]",0,1,0,aff93315-4e74-41b2-84a7-f597e1c55207,64BY,,0,0,1606750193901,0,1
plugin_ios_activity_recognition,,0,2,0,aff93315-4e74-41b2-84a7-f597e1c55207,64BY,,0,0,1606750196473,0,0
plugin_ios_activity_recognition,"[""walking""]",0,1,0,aff93315-4e74-41b2-84a7-f597e1c55207,64BY,,0,0,1606750214478,0,1
plugin_ios_activity_recognition,"[""walking""]",0,2,0,aff93315-4e74-41b2-84a7-f597e1c55207,64BY,,0,0,1606750217046,0,1
plugin_ios_activity_recognition,"[""walking""]",0,2,0,aff93315-4e74-41b2-84a7-f597e1c55207,64BY,,0,0,1606750243772,0,1
plugin_ios_activity_recognition,,0,2,0,aff93315-4e74-41b2-84a7-f597e1c55207,64BY,,0,0,1606750289052,0,0
plugin_ios_activity_recognition,"[""walking""]",0,1,0,aff93315-4e74-41b2-84a7-f597e1c55207,64BY,,0,0,1606750296768,0,1
plugin_ios_activity_recognition,,0,2,0,aff93315-4e74-41b2-84a7-f597e1c55207,64BY,,0,0,1606750312198,0,0
plugin_ios_activity_recognition,"[""walking""]",0,1,0,aff93315-4e74-41b2-84a7-f597e1c55207,64BY,,0,0,1606750404778,0,1
plugin_ios_activity_recognition,"[""walking""]",0,2,0,aff93315-4e74-41b2-84a7-f597e1c55207,64BY,,0,0,1606750407350,0,1
plugin_ios_activity_recognition,"[""walking""]",0,2,0,aff93315-4e74-41b2-84a7-f597e1c55207,64BY,,0,0,1606750424264,0,1
plugin_ios_activity_recognition,,0,2,0,aff93315-4e74-41b2-84a7-f597e1c55207,64BY,,0,0,1606750466495,0,0
plugin_ios_activity_recognition,"[""walking""]",0,1,0,aff93315-4e74-41b2-84a7-f597e1c55207,64BY,,0,0,1606750551363,0,1
plugin_ios_activity_recognition,"[""walking""]",0,2,0,aff93315-4e74-41b2-84a7-f597e1c55207,64BY,,0,0,1606750553934,0,1
plugin_ios_activity_recognition,"[""stationary""]",0,2,0,aff93315-4e74-41b2-84a7-f597e1c55207,64BY,,0,1,1606750560036,0,0
plugin_ios_activity_recognition,"[""walking""]",0,2,0,aff93315-4e74-41b2-84a7-f597e1c55207,64BY,,0,0,1606750561965,0,1
plugin_ios_activity_recognition,"[""walking""]",0,2,0,aff93315-4e74-41b2-84a7-f597e1c55207,64BY,,0,0,1606750603771,0,1
plugin_ios_activity_recognition,,0,2,0,aff93315-4e74-41b2-84a7-f597e1c55207,64BY,,0,0,1606750605367,0,0
plugin_ios_activity_recognition,"[""walking""]",0,1,0,aff93315-4e74-41b2-84a7-f597e1c55207,64BY,,0,0,1606750669659,0,1
plugin_ios_activity_recognition,"[""walking""]",0,2,0,aff93315-4e74-41b2-84a7-f597e1c55207,64BY,,0,0,1606750674802,0,1
plugin_ios_activity_recognition,,0,2,0,aff93315-4e74-41b2-84a7-f597e1c55207,64BY,,0,0,1606750726233,0,0
plugin_ios_activity_recognition,"[""walking""]",0,1,0,aff93315-4e74-41b2-84a7-f597e1c55207,64BY,,0,0,1606750772525,0,1
plugin_ios_activity_recognition,"[""walking""]",0,1,0,aff93315-4e74-41b2-84a7-f597e1c55207,64BY,,0,0,1606750783785,0,1
plugin_ios_activity_recognition,"[""walking""]",0,2,0,aff93315-4e74-41b2-84a7-f597e1c55207,64BY,,0,0,1606750787952,0,1
plugin_ios_activity_recognition,,0,2,0,aff93315-4e74-41b2-84a7-f597e1c55207,64BY,,0,0,1606750867673,0,0
plugin_ios_activity_recognition,"[""walking""]",0,1,0,aff93315-4e74-41b2-84a7-f597e1c55207,64BY,,0,0,1606750921679,0,1
plugin_ios_activity_recognition,"[""walking""]",0,2,0,aff93315-4e74-41b2-84a7-f597e1c55207,64BY,,0,0,1606750934536,0,1
plugin_ios_activity_recognition,"[""walking""]",0,2,0,aff93315-4e74-41b2-84a7-f597e1c55207,64BY,,0,0,1606750963772,0,1
plugin_ios_activity_recognition,,0,2,0,aff93315-4e74-41b2-84a7-f597e1c55207,64BY,,0,0,1606750985972,0,0
plugin_ios_activity_recognition,"[""walking""]",0,1,0,aff93315-4e74-41b2-84a7-f597e1c55207,64BY,,0,0,1606751111982,0,1
plugin_ios_activity_recognition,"[""walking""]",0,2,0,aff93315-4e74-41b2-84a7-f597e1c55207,64BY,,0,0,1606751117125,0,1
plugin_ios_activity_recognition,"[""walking""]",0,2,0,aff93315-4e74-41b2-84a7-f597e1c55207,64BY,,0,0,1606751143818,0,1
plugin_ios_activity_recognition,"[""stationary""]",0,2,0,aff93315-4e74-41b2-84a7-f597e1c55207,64BY,,0,1,1606751226092,0,0
plugin_ios_activity_recognition,,0,2,0,aff93315-4e74-41b2-84a7-f597e1c55207,64BY,,0,0,1606751232199,0,0
plugin_ios_activity_recognition,"[""stationary""]",0,2,0,aff93315-4e74-41b2-84a7-f597e1c55207,64BY,,0,1,1606751242486,0,0
plugin_ios_activity_recognition,,0,2,0,aff93315-4e74-41b2-84a7-f597e1c55207,64BY,,0,0,1606751244415,0,0
plugin_ios_activity_recognition,"[""stationary""]",0,2,0,aff93315-4e74-41b2-84a7-f597e1c55207,64BY,,0,1,1606751256308,0,0
plugin_ios_activity_recognition,,0,2,0,aff93315-4e74-41b2-84a7-f597e1c55207,64BY,,0,0,1606751262737,0,0
plugin_ios_activity_recognition,,0,2,0,aff93315-4e74-41b2-84a7-f597e1c55207,64BY,,0,0,1606751324174,0,0
plugin_ios_activity_recognition,"[""stationary""]",0,2,0,aff93315-4e74-41b2-84a7-f597e1c55207,64BY,,0,1,1606751437929,0,0
plugin_ios_activity_recognition,,0,2,0,aff93315-4e74-41b2-84a7-f597e1c55207,64BY,,0,0,1606751440179,0,0
plugin_ios_activity_recognition,"[""stationary""]",0,2,0,aff93315-4e74-41b2-84a7-f597e1c55207,64BY,,0,1,1606751444358,0,0
plugin_ios_activity_recognition,,0,2,0,aff93315-4e74-41b2-84a7-f597e1c55207,64BY,,0,0,1606751445644,0,0
plugin_ios_activity_recognition,,0,2,0,aff93315-4e74-41b2-84a7-f597e1c55207,64BY,,0,0,1606751503769,0,0
plugin_ios_activity_recognition,"[""walking""]",0,2,0,aff93315-4e74-41b2-84a7-f597e1c55207,64BY,,0,0,1606751513155,0,1
plugin_ios_activity_recognition,,0,2,0,aff93315-4e74-41b2-84a7-f597e1c55207,64BY,,0,0,1606751598025,0,0
plugin_ios_activity_recognition,"[""walking""]",0,1,0,aff93315-4e74-41b2-84a7-f597e1c55207,64BY,,0,0,1606751608312,0,1
plugin_ios_activity_recognition,"[""walking""]",0,2,0,aff93315-4e74-41b2-84a7-f597e1c55207,64BY,,0,0,1606751613456,0,1
plugin_ios_activity_recognition,,0,2,0,aff93315-4e74-41b2-84a7-f597e1c55207,64BY,,0,0,1606751664890,0,0
plugin_ios_activity_recognition,,0,2,0,aff93315-4e74-41b2-84a7-f597e1c55207,64BY,,0,0,1606751683764,0,0
plugin_ios_activity_recognition,"[""stationary""]",0,2,0,aff93315-4e74-41b2-84a7-f597e1c55207,64BY,,0,1,1606751713113,0,0
plugin_ios_activity_recognition,,0,2,0,aff93315-4e74-41b2-84a7-f597e1c55207,64BY,,0,0,1606751714721,0,0
plugin_ios_activity_recognition,"[""walking""]",0,1,0,aff93315-4e74-41b2-84a7-f597e1c55207,64BY,,0,0,1606751736909,0,1
plugin_ios_activity_recognition,"[""walking""]",0,2,0,aff93315-4e74-41b2-84a7-f597e1c55207,64BY,,0,0,1606751742052,0,1
plugin_ios_activity_recognition,"[""walking""]",0,2,0,aff93315-4e74-41b2-84a7-f597e1c55207,64BY,,0,0,1606751863809,0,1
plugin_ios_activity_recognition,,0,2,0,aff93315-4e74-41b2-84a7-f597e1c55207,64BY,,0,0,1606751896358,0,0
plugin_ios_activity_recognition,"[""walking""]",0,1,0,aff93315-4e74-41b2-84a7-f597e1c55207,64BY,,0,0,1606752022372,0,1
plugin_ios_activity_recognition,"[""walking""]",0,2,0,aff93315-4e74-41b2-84a7-f597e1c55207,64BY,,0,0,1606752030087,0,1
plugin_ios_activity_recognition,"[""walking""]",0,2,0,aff93315-4e74-41b2-84a7-f597e1c55207,64BY,,0,0,1606752043841,0,1
plugin_ios_activity_recognition,"[""stationary""]",0,2,0,aff93315-4e74-41b2-84a7-f597e1c55207,64BY,,0,1,1606752077980,0,0
plugin_ios_activity_recognition,"[""walking""]",0,2,0,aff93315-4e74-41b2-84a7-f597e1c55207,64BY,,0,0,1606752078948,0,1
plugin_ios_activity_recognition,,0,2,0,aff93315-4e74-41b2-84a7-f597e1c55207,64BY,,0,0,1606752081521,0,0
plugin_ios_activity_recognition,,0,2,0,aff93315-4e74-41b2-84a7-f597e1c55207,64BY,,0,0,1606752224147,0,0
plugin_ios_activity_recognition,,0,2,0,aff93315-4e74-41b2-84a7-f597e1c55207,64BY,,0,0,1606752403761,0,0
plugin_ios_activity_recognition,"[""stationary""]",0,2,0,aff93315-4e74-41b2-84a7-f597e1c55207,64BY,,0,1,1606752581117,0,0
plugin_ios_activity_recognition,"[""stationary""]",0,2,0,aff93315-4e74-41b2-84a7-f597e1c55207,64BY,,0,1,1606752583774,0,0
plugin_ios_activity_recognition,,0,2,0,aff93315-4e74-41b2-84a7-f597e1c55207,64BY,,0,0,1606752589798,0,0
plugin_ios_activity_recognition,"[""stationary""]",0,2,0,aff93315-4e74-41b2-84a7-f597e1c55207,64BY,,0,1,1606752599121,0,0
plugin_ios_activity_recognition,,0,2,0,aff93315-4e74-41b2-84a7-f597e1c55207,64BY,,0,0,1606752617768,0,0
plugin_ios_activity_recognition,"[""stationary""]",0,2,0,aff93315-4e74-41b2-84a7-f597e1c55207,64BY,,0,1,1606752627725,0,0
plugin_ios_activity_recognition,,0,2,0,aff93315-4e74-41b2-84a7-f597e1c55207,64BY,,0,0,1606752686244,0,0
plugin_ios_activity_recognition,"[""stationary""]",0,2,0,aff93315-4e74-41b2-84a7-f597e1c55207,64BY,,0,1,1606752697175,0,0
plugin_ios_activity_recognition,,0,2,0,aff93315-4e74-41b2-84a7-f597e1c55207,64BY,,0,0,1606752706800,0,0
plugin_ios_activity_recognition,"[""stationary""]",0,2,0,aff93315-4e74-41b2-84a7-f597e1c55207,64BY,,0,1,1606752718373,0,0
plugin_ios_activity_recognition,"[""stationary""]",0,2,0,aff93315-4e74-41b2-84a7-f597e1c55207,64BY,,0,1,1606752763705,0,0
plugin_ios_activity_recognition,,0,2,0,aff93315-4e74-41b2-84a7-f597e1c55207,64BY,,0,0,1606752784207,0,0
plugin_ios_activity_recognition,"[""stationary""]",0,2,0,aff93315-4e74-41b2-84a7-f597e1c55207,64BY,,0,1,1606752801579,0,0
plugin_ios_activity_recognition,,0,2,0,aff93315-4e74-41b2-84a7-f597e1c55207,64BY,,0,0,1606752900137,0,0
plugin_ios_activity_recognition,"[""stationary""]",0,2,0,aff93315-4e74-41b2-84a7-f597e1c55207,64BY,,0,1,1606752906245,0,0
plugin_ios_activity_recognition,,0,2,0,aff93315-4e74-41b2-84a7-f597e1c55207,64BY,,0,0,1606752923564,0,0
plugin_ios_activity_recognition,"[""stationary""]",0,2,0,aff93315-4e74-41b2-84a7-f597e1c55207,64BY,,0,1,1606752928708,0,0
plugin_ios_activity_recognition,"[""stationary""]",0,2,0,aff93315-4e74-41b2-84a7-f597e1c55207,64BY,,0,1,1606752943703,0,0
plugin_ios_activity_recognition,,0,2,0,aff93315-4e74-41b2-84a7-f597e1c55207,64BY,,0,0,1606752966641,0,0
plugin_ios_activity_recognition,"[""stationary""]",0,2,0,aff93315-4e74-41b2-84a7-f597e1c55207,64BY,,0,1,1606752971147,0,0
plugin_ios_activity_recognition,,0,2,0,aff93315-4e74-41b2-84a7-f597e1c55207,64BY,,0,0,1606752973392,0,0
plugin_ios_activity_recognition,"[""stationary""]",0,2,0,aff93315-4e74-41b2-84a7-f597e1c55207,64BY,,0,1,1606753004249,0,0
plugin_ios_activity_recognition,,0,2,0,aff93315-4e74-41b2-84a7-f597e1c55207,64BY,,0,0,1606753007464,0,0
plugin_ios_activity_recognition,"[""stationary""]",0,2,0,aff93315-4e74-41b2-84a7-f597e1c55207,64BY,,0,1,1606753023537,0,0
plugin_ios_activity_recognition,,0,2,0,aff93315-4e74-41b2-84a7-f597e1c55207,64BY,,0,0,1606753023859,0,0
plugin_ios_activity_recognition,"[""stationary""]",0,2,0,aff93315-4e74-41b2-84a7-f597e1c55207,64BY,,0,1,1606753079473,0,0
plugin_ios_activity_recognition,,0,2,0,aff93315-4e74-41b2-84a7-f597e1c55207,64BY,,0,0,1606753082688,0,0
plugin_ios_activity_recognition,"[""stationary""]",0,2,0,aff93315-4e74-41b2-84a7-f597e1c55207,64BY,,0,1,1606753099729,0,0
plugin_ios_activity_recognition,,0,2,0,aff93315-4e74-41b2-84a7-f597e1c55207,64BY,,0,0,1606753102940,0,0
plugin_ios_activity_recognition,"[""stationary""]",0,2,0,aff93315-4e74-41b2-84a7-f597e1c55207,64BY,,0,1,1606753107119,0,0
plugin_ios_activity_recognition,,0,2,0,aff93315-4e74-41b2-84a7-f597e1c55207,64BY,,0,0,1606753109369,0,0
plugin_ios_activity_recognition,,0,2,0,aff93315-4e74-41b2-84a7-f597e1c55207,64BY,,0,0,1606753124079,0,0
plugin_ios_activity_recognition,"[""walking""]",0,1,0,aff93315-4e74-41b2-84a7-f597e1c55207,64BY,,0,0,1606753128020,0,1
plugin_ios_activity_recognition,"[""walking""]",0,2,0,aff93315-4e74-41b2-84a7-f597e1c55207,64BY,,0,0,1606753130592,0,1
plugin_ios_activity_recognition,"[""stationary""]",0,2,0,aff93315-4e74-41b2-84a7-f597e1c55207,64BY,,0,1,1606753153089,0,0
plugin_ios_activity_recognition,"[""walking""]",0,2,0,aff93315-4e74-41b2-84a7-f597e1c55207,64BY,,0,0,1606753155982,0,1
plugin_ios_activity_recognition,"[""stationary""]",0,2,0,aff93315-4e74-41b2-84a7-f597e1c55207,64BY,,0,1,1606753171737,0,0
plugin_ios_activity_recognition,"[""walking""]",0,2,0,aff93315-4e74-41b2-84a7-f597e1c55207,64BY,,0,0,1606753183261,0,1
plugin_ios_activity_recognition,,0,2,0,aff93315-4e74-41b2-84a7-f597e1c55207,64BY,,0,0,1606753184551,0,0
plugin_ios_activity_recognition,"[""stationary""]",0,2,0,aff93315-4e74-41b2-84a7-f597e1c55207,64BY,,0,1,1606753210586,0,0
plugin_ios_activity_recognition,,0,2,0,aff93315-4e74-41b2-84a7-f597e1c55207,64BY,,0,0,1606753211872,0,0
plugin_ios_activity_recognition,"[""stationary""]",0,2,0,aff93315-4e74-41b2-84a7-f597e1c55207,64BY,,0,1,1606753222158,0,0
plugin_ios_activity_recognition,,0,2,0,aff93315-4e74-41b2-84a7-f597e1c55207,64BY,,0,0,1606753230831,0,0
plugin_ios_activity_recognition,"[""stationary""]",0,2,0,aff93315-4e74-41b2-84a7-f597e1c55207,64BY,,0,1,1606753256548,0,0
plugin_ios_activity_recognition,,0,2,0,aff93315-4e74-41b2-84a7-f597e1c55207,64BY,,0,0,1606753257188,0,0
plugin_ios_activity_recognition,,0,2,0,aff93315-4e74-41b2-84a7-f597e1c55207,64BY,,0,0,1606753303710,0,0
plugin_ios_activity_recognition,,0,2,0,aff93315-4e74-41b2-84a7-f597e1c55207,64BY,supplement,0,0,1606753483710,0,0
plugin_ios_activity_recognition,,0,2,0,aff93315-4e74-41b2-84a7-f597e1c55207,64BY,,0,0,1606753483740,0,0
plugin_ios_activity_recognition,"[""stationary""]",0,2,0,aff93315-4e74-41b2-84a7-f597e1c55207,64BY,,0,1,1606753510511,0,0
plugin_ios_activity_recognition,,0,2,0,aff93315-4e74-41b2-84a7-f597e1c55207,64BY,,0,0,1606753511796,0,0
plugin_ios_activity_recognition,"[""stationary""]",0,2,0,aff93315-4e74-41b2-84a7-f597e1c55207,64BY,,0,1,1606753607595,0,0
plugin_ios_activity_recognition,,0,2,0,aff93315-4e74-41b2-84a7-f597e1c55207,64BY,,0,0,1606753609524,0,0
plugin_ios_activity_recognition,"[""stationary""]",0,2,0,aff93315-4e74-41b2-84a7-f597e1c55207,64BY,,0,1,1606753617239,0,0
plugin_ios_activity_recognition,,0,2,0,aff93315-4e74-41b2-84a7-f597e1c55207,64BY,,0,0,1606753620132,0,0
plugin_ios_activity_recognition,,0,2,0,aff93315-4e74-41b2-84a7-f597e1c55207,64BY,,0,0,1606753663694,0,0
plugin_ios_activity_recognition,,0,2,0,aff93315-4e74-41b2-84a7-f597e1c55207,64BY,supplement,0,0,1606753663710,0,0
plugin_ios_activity_recognition,"[""walking""]",0,1,0,aff93315-4e74-41b2-84a7-f597e1c55207,64BY,,0,0,1606753688611,0,1
plugin_ios_activity_recognition,"[""walking""]",0,2,0,aff93315-4e74-41b2-84a7-f597e1c55207,64BY,,0,0,1606753691186,0,1
plugin_ios_activity_recognition,,0,2,0,aff93315-4e74-41b2-84a7-f597e1c55207,64BY,,0,0,1606753750335,0,0
plugin_ios_activity_recognition,"[""walking""]",0,1,0,aff93315-4e74-41b2-84a7-f597e1c55207,64BY,,0,0,1606753773484,0,1
plugin_ios_activity_recognition,"[""walking""]",0,2,0,aff93315-4e74-41b2-84a7-f597e1c55207,64BY,,0,0,1606753781200,0,1
plugin_ios_activity_recognition,"[""stationary""]",0,2,0,aff93315-4e74-41b2-84a7-f597e1c55207,64BY,,0,1,1606753832308,0,0
plugin_ios_activity_recognition,,0,2,0,aff93315-4e74-41b2-84a7-f597e1c55207,64BY,,0,0,1606753837130,0,0
plugin_ios_activity_recognition,,0,2,0,aff93315-4e74-41b2-84a7-f597e1c55207,64BY,,0,0,1606753843676,0,0
plugin_ios_activity_recognition,"[""stationary""]",0,2,0,aff93315-4e74-41b2-84a7-f597e1c55207,64BY,,0,1,1606753880207,0,0
plugin_ios_activity_recognition,,0,2,0,aff93315-4e74-41b2-84a7-f597e1c55207,64BY,,0,0,1606753886958,0,0
plugin_ios_activity_recognition,"[""stationary""]",0,2,0,aff93315-4e74-41b2-84a7-f597e1c55207,64BY,,0,1,1606753921033,0,0
plugin_ios_activity_recognition,,0,2,0,aff93315-4e74-41b2-84a7-f597e1c55207,64BY,,0,0,1606753921998,0,0
plugin_ios_activity_recognition,"[""stationary""]",0,2,0,aff93315-4e74-41b2-84a7-f597e1c55207,64BY,,0,1,1606753977933,0,0
plugin_ios_activity_recognition,,0,2,0,aff93315-4e74-41b2-84a7-f597e1c55207,64BY,,0,0,1606753985005,0,0
plugin_ios_activity_recognition,"[""stationary""]",0,2,0,aff93315-4e74-41b2-84a7-f597e1c55207,64BY,,0,1,1606754021009,0,0
plugin_ios_activity_recognition,"[""stationary""]",0,2,0,aff93315-4e74-41b2-84a7-f597e1c55207,64BY,,0,1,1606754023997,0,0
plugin_ios_activity_recognition,,0,2,0,aff93315-4e74-41b2-84a7-f597e1c55207,64BY,,0,0,1606754026475,0,0
plugin_ios_activity_recognition,"[""stationary""]",0,2,0,aff93315-4e74-41b2-84a7-f597e1c55207,64BY,,0,1,1606754109722,0,0
plugin_ios_activity_recognition,,0,2,0,aff93315-4e74-41b2-84a7-f597e1c55207,64BY,,0,0,1606754114866,0,0
plugin_ios_activity_recognition,"[""walking""]",0,1,0,aff93315-4e74-41b2-84a7-f597e1c55207,64BY,,0,0,1606754133517,0,1
plugin_ios_activity_recognition,"[""walking""]",0,2,0,aff93315-4e74-41b2-84a7-f597e1c55207,64BY,,0,0,1606754137368,0,1
plugin_ios_activity_recognition,,0,2,0,aff93315-4e74-41b2-84a7-f597e1c55207,64BY,,0,0,1606754146375,0,0
plugin_ios_activity_recognition,,0,2,0,aff93315-4e74-41b2-84a7-f597e1c55207,64BY,,0,0,1606754203669,0,0
plugin_ios_activity_recognition,"[""stationary""]",0,2,0,aff93315-4e74-41b2-84a7-f597e1c55207,64BY,,0,1,1606754261454,0,0
plugin_ios_activity_recognition,,0,2,0,aff93315-4e74-41b2-84a7-f597e1c55207,64BY,,0,0,1606754263061,0,0
plugin_ios_activity_recognition,"[""stationary""]",0,2,0,aff93315-4e74-41b2-84a7-f597e1c55207,64BY,,0,1,1606754298422,0,0
plugin_ios_activity_recognition,,0,2,0,aff93315-4e74-41b2-84a7-f597e1c55207,64BY,,0,0,1606754300994,0,0
plugin_ios_activity_recognition,,0,2,0,aff93315-4e74-41b2-84a7-f597e1c55207,64BY,,0,0,1606754383675,0,0
plugin_ios_activity_recognition,"[""stationary""]",0,2,0,aff93315-4e74-41b2-84a7-f597e1c55207,64BY,,0,1,1606754400973,0,0
plugin_ios_activity_recognition,,0,2,0,aff93315-4e74-41b2-84a7-f597e1c55207,64BY,,0,0,1606754405148,0,0
plugin_ios_activity_recognition,"[""stationary""]",0,2,0,aff93315-4e74-41b2-84a7-f597e1c55207,64BY,,0,1,1606754430543,0,0
plugin_ios_activity_recognition,,0,2,0,aff93315-4e74-41b2-84a7-f597e1c55207,64BY,,0,0,1606754432472,0,0
plugin_ios_activity_recognition,"[""stationary""]",0,2,0,aff93315-4e74-41b2-84a7-f597e1c55207,64BY,,0,1,1606754459475,0,0
plugin_ios_activity_recognition,,0,2,0,aff93315-4e74-41b2-84a7-f597e1c55207,64BY,,0,0,1606754461083,0,0
plugin_ios_activity_recognition,"[""stationary""]",0,2,0,aff93315-4e74-41b2-84a7-f597e1c55207,64BY,,0,1,1606754495157,0,0
plugin_ios_activity_recognition,,0,2,0,aff93315-4e74-41b2-84a7-f597e1c55207,64BY,,0,0,1606754499015,0,0
plugin_ios_activity_recognition,"[""stationary""]",0,2,0,aff93315-4e74-41b2-84a7-f597e1c55207,64BY,,0,1,1606754506730,0,0
plugin_ios_activity_recognition,,0,2,0,aff93315-4e74-41b2-84a7-f597e1c55207,64BY,,0,0,1606754508338,0,0
plugin_ios_activity_recognition,"[""stationary""]",0,2,0,aff93315-4e74-41b2-84a7-f597e1c55207,64BY,,0,1,1606754521196,0,0
plugin_ios_activity_recognition,,0,2,0,aff93315-4e74-41b2-84a7-f597e1c55207,64BY,,0,0,1606754523125,0,0
plugin_ios_activity_recognition,"[""stationary""]",0,2,0,aff93315-4e74-41b2-84a7-f597e1c55207,64BY,,0,1,1606754542416,0,0
plugin_ios_activity_recognition,,0,2,0,aff93315-4e74-41b2-84a7-f597e1c55207,64BY,,0,0,1606754550443,0,0
plugin_ios_activity_recognition,,0,2,0,aff93315-4e74-41b2-84a7-f597e1c55207,64BY,,0,0,1606754563663,0,0
plugin_ios_activity_recognition,"[""stationary""]",0,2,0,aff93315-4e74-41b2-84a7-f597e1c55207,64BY,,0,1,1606754573270,0,0
plugin_ios_activity_recognition,,0,2,0,aff93315-4e74-41b2-84a7-f597e1c55207,64BY,,0,0,1606754577445,0,0
plugin_ios_activity_recognition,"[""stationary""]",0,2,0,aff93315-4e74-41b2-84a7-f597e1c55207,64BY,,0,1,1606754629201,0,0
plugin_ios_activity_recognition,,0,2,0,aff93315-4e74-41b2-84a7-f597e1c55207,64BY,,0,0,1606754634023,0,0
plugin_ios_activity_recognition,"[""stationary""]",0,2,0,aff93315-4e74-41b2-84a7-f597e1c55207,64BY,,0,1,1606754640134,0,0
plugin_ios_activity_recognition,,0,2,0,aff93315-4e74-41b2-84a7-f597e1c55207,64BY,,0,0,1606754640774,0,0
plugin_ios_activity_recognition,"[""walking""]",0,1,0,aff93315-4e74-41b2-84a7-f597e1c55207,64BY,,0,0,1606754645283,0,1
plugin_ios_activity_recognition,,0,2,0,aff93315-4e74-41b2-84a7-f597e1c55207,64BY,,0,0,1606754649453,0,0
plugin_ios_activity_recognition,"[""stationary""]",0,2,0,aff93315-4e74-41b2-84a7-f597e1c55207,64BY,,0,1,1606754669384,0,0
plugin_ios_activity_recognition,,0,2,0,aff93315-4e74-41b2-84a7-f597e1c55207,64BY,,0,0,1606754679028,0,0
plugin_ios_activity_recognition,"[""stationary""]",0,2,0,aff93315-4e74-41b2-84a7-f597e1c55207,64BY,,0,1,1606754691569,0,0
plugin_ios_activity_recognition,,0,2,0,aff93315-4e74-41b2-84a7-f597e1c55207,64BY,,0,0,1606754694779,0,0
plugin_ios_activity_recognition,"[""stationary""]",0,2,0,aff93315-4e74-41b2-84a7-f597e1c55207,64BY,,0,1,1606754708924,0,0
plugin_ios_activity_recognition,,0,2,0,aff93315-4e74-41b2-84a7-f597e1c55207,64BY,,0,0,1606754711496,0,0
plugin_ios_activity_recognition,,0,2,0,aff93315-4e74-41b2-84a7-f597e1c55207,64BY,,0,0,1606754743667,0,0
plugin_ios_activity_recognition,"[""stationary""]",0,2,0,aff93315-4e74-41b2-84a7-f597e1c55207,64BY,,0,1,1606754832687,0,0
plugin_ios_activity_recognition,,0,2,0,aff93315-4e74-41b2-84a7-f597e1c55207,64BY,,0,0,1606754845217,0,0
plugin_ios_activity_recognition,"[""stationary""]",0,2,0,aff93315-4e74-41b2-84a7-f597e1c55207,64BY,,0,1,1606754903080,0,0
plugin_ios_activity_recognition,"[""stationary""]",0,2,0,aff93315-4e74-41b2-84a7-f597e1c55207,64BY,,0,1,1606754923947,0,0
plugin_ios_activity_recognition,,0,2,0,aff93315-4e74-41b2-84a7-f597e1c55207,64BY,,0,0,1606754985912,0,0
plugin_ios_activity_recognition,"[""stationary""]",0,2,0,aff93315-4e74-41b2-84a7-f597e1c55207,64BY,,0,1,1606755021889,0,0
plugin_ios_activity_recognition,,0,2,0,aff93315-4e74-41b2-84a7-f597e1c55207,64BY,,0,0,1606755025084,0,0
plugin_ios_activity_recognition,"[""stationary""]",0,2,0,aff93315-4e74-41b2-84a7-f597e1c55207,64BY,,0,1,1606755029889,0,0
plugin_ios_activity_recognition,,0,2,0,aff93315-4e74-41b2-84a7-f597e1c55207,64BY,,0,0,1606755036609,0,0
plugin_ios_activity_recognition,"[""stationary""]",0,2,0,aff93315-4e74-41b2-84a7-f597e1c55207,64BY,,0,1,1606755043039,0,0
plugin_ios_activity_recognition,,0,2,0,aff93315-4e74-41b2-84a7-f597e1c55207,64BY,,0,0,1606755047218,0,0
plugin_ios_activity_recognition,,0,2,0,aff93315-4e74-41b2-84a7-f597e1c55207,64BY,,0,0,1606755103624,0,0
plugin_ios_activity_recognition,"[""stationary""]",0,2,0,aff93315-4e74-41b2-84a7-f597e1c55207,64BY,,0,1,1606755104438,0,0
plugin_ios_activity_recognition,,0,2,0,aff93315-4e74-41b2-84a7-f597e1c55207,64BY,,0,0,1606755111189,0,0
plugin_ios_activity_recognition,"[""stationary""]",0,2,0,aff93315-4e74-41b2-84a7-f597e1c55207,64BY,,0,1,1606755240416,0,0
plugin_ios_activity_recognition,,0,2,0,aff93315-4e74-41b2-84a7-f597e1c55207,64BY,,0,0,1606755243309,0,0
plugin_ios_activity_recognition,,0,2,0,aff93315-4e74-41b2-84a7-f597e1c55207,64BY,,0,0,1606755284066,0,0
plugin_ios_activity_recognition,"[""walking""]",0,1,0,aff93315-4e74-41b2-84a7-f597e1c55207,64BY,,0,0,1606755287998,0,1
plugin_ios_activity_recognition,"[""walking""]",0,2,0,aff93315-4e74-41b2-84a7-f597e1c55207,64BY,,0,0,1606755311142,0,1
plugin_ios_activity_recognition,"[""walking""]",0,2,0,aff93315-4e74-41b2-84a7-f597e1c55207,64BY,,0,0,1606755463619,0,1
plugin_ios_activity_recognition,,0,2,0,aff93315-4e74-41b2-84a7-f597e1c55207,64BY,,0,0,1606755468014,0,0
plugin_ios_activity_recognition,,0,2,0,aff93315-4e74-41b2-84a7-f597e1c55207,64BY,,0,0,1606755643621,0,0
plugin_ios_activity_recognition,"[""walking""]",0,2,0,aff93315-4e74-41b2-84a7-f597e1c55207,64BY,,0,0,1606755645465,0,1
plugin_ios_activity_recognition,"[""walking""]",0,2,0,aff93315-4e74-41b2-84a7-f597e1c55207,64BY,,0,0,1606755823939,0,1
plugin_ios_activity_recognition,,0,2,0,aff93315-4e74-41b2-84a7-f597e1c55207,64BY,,0,0,1606755866628,0,0
plugin_ios_activity_recognition,"[""walking""]",0,1,0,aff93315-4e74-41b2-84a7-f597e1c55207,64BY,,0,0,1606755879486,0,1
plugin_ios_activity_recognition,"[""walking""]",0,2,0,aff93315-4e74-41b2-84a7-f597e1c55207,64BY,,0,0,1606755889778,0,1
plugin_ios_activity_recognition,,0,2,0,aff93315-4e74-41b2-84a7-f597e1c55207,64BY,,0,0,1606755987505,0,0
plugin_ios_activity_recognition,,0,2,0,aff93315-4e74-41b2-84a7-f597e1c55207,64BY,,0,0,1606756003607,0,0
plugin_ios_activity_recognition,"[""stationary""]",0,2,0,aff93315-4e74-41b2-84a7-f597e1c55207,64BY,,0,1,1606756032504,0,0
plugin_ios_activity_recognition,,0,2,0,aff93315-4e74-41b2-84a7-f597e1c55207,64BY,,0,0,1606756036682,0,0
plugin_ios_activity_recognition,"[""stationary""]",0,2,0,aff93315-4e74-41b2-84a7-f597e1c55207,64BY,,0,1,1606756156907,0,0
plugin_ios_activity_recognition,,0,2,0,aff93315-4e74-41b2-84a7-f597e1c55207,64BY,,0,0,1606756158515,0,0
plugin_ios_activity_recognition,"[""stationary""]",0,2,0,aff93315-4e74-41b2-84a7-f597e1c55207,64BY,,0,1,1606756181660,0,0
plugin_ios_activity_recognition,"[""stationary""]",0,2,0,aff93315-4e74-41b2-84a7-f597e1c55207,64BY,,0,1,1606756183598,0,0
plugin_ios_activity_recognition,,0,2,0,aff93315-4e74-41b2-84a7-f597e1c55207,64BY,,0,0,1606756186160,0,0
plugin_ios_activity_recognition,,0,2,0,aff93315-4e74-41b2-84a7-f597e1c55207,64BY,,0,0,1606756363587,0,0
plugin_ios_activity_recognition,"[""stationary""]",0,2,0,aff93315-4e74-41b2-84a7-f597e1c55207,64BY,,0,1,1606756392213,0,0
plugin_ios_activity_recognition,,0,2,0,aff93315-4e74-41b2-84a7-f597e1c55207,64BY,,0,0,1606756397677,0,0
plugin_ios_activity_recognition,"[""stationary""]",0,2,0,aff93315-4e74-41b2-84a7-f597e1c55207,64BY,,0,1,1606756480613,0,0
plugin_ios_activity_recognition,,0,2,0,aff93315-4e74-41b2-84a7-f597e1c55207,64BY,,0,0,1606756484470,0,0
plugin_ios_activity_recognition,"[""stationary""]",0,2,0,aff93315-4e74-41b2-84a7-f597e1c55207,64BY,,0,1,1606756491864,0,0
plugin_ios_activity_recognition,,0,2,0,aff93315-4e74-41b2-84a7-f597e1c55207,64BY,,0,0,1606756494757,0,0
plugin_ios_activity_recognition,"[""stationary""]",0,2,0,aff93315-4e74-41b2-84a7-f597e1c55207,64BY,,0,1,1606756506329,0,0
plugin_ios_activity_recognition,,0,2,0,aff93315-4e74-41b2-84a7-f597e1c55207,64BY,,0,0,1606756510187,0,0
plugin_ios_activity_recognition,,0,2,0,aff93315-4e74-41b2-84a7-f597e1c55207,64BY,,0,0,1606756543582,0,0
plugin_ios_activity_recognition,"[""stationary""]",0,2,0,aff93315-4e74-41b2-84a7-f597e1c55207,64BY,,0,1,1606756588943,0,0
plugin_ios_activity_recognition,,0,2,0,aff93315-4e74-41b2-84a7-f597e1c55207,64BY,,0,0,1606756592801,0,0
plugin_ios_activity_recognition,"[""stationary""]",0,2,0,aff93315-4e74-41b2-84a7-f597e1c55207,64BY,,0,1,1606756606936,0,0
plugin_ios_activity_recognition,,0,2,0,aff93315-4e74-41b2-84a7-f597e1c55207,64BY,,0,0,1606756615933,0,0
plugin_ios_activity_recognition,"[""stationary""]",0,2,0,aff93315-4e74-41b2-84a7-f597e1c55207,64BY,,0,1,1606756625898,0,0
plugin_ios_activity_recognition,,0,2,0,aff93315-4e74-41b2-84a7-f597e1c55207,64BY,,0,0,1606756636184,0,0
plugin_ios_activity_recognition,"[""stationary""]",0,2,0,aff93315-4e74-41b2-84a7-f597e1c55207,64BY,,0,1,1606756653865,0,0
plugin_ios_activity_recognition,,0,2,0,aff93315-4e74-41b2-84a7-f597e1c55207,64BY,,0,0,1606756663500,0,0
plugin_ios_activity_recognition,,0,2,0,aff93315-4e74-41b2-84a7-f597e1c55207,64BY,,0,0,1606756723984,0,0
plugin_ios_activity_recognition,"[""walking""]",0,1,0,aff93315-4e74-41b2-84a7-f597e1c55207,64BY,,0,0,1606756730690,0,1
plugin_ios_activity_recognition,"[""walking""]",0,2,0,aff93315-4e74-41b2-84a7-f597e1c55207,64BY,,0,0,1606756746121,0,1
plugin_ios_activity_recognition,,0,2,0,aff93315-4e74-41b2-84a7-f597e1c55207,64BY,,0,0,1606756879847,0,0
plugin_ios_activity_recognition,,0,2,0,aff93315-4e74-41b2-84a7-f597e1c55207,64BY,,0,0,1606756903556,0,0
plugin_ios_activity_recognition,"[""walking""]",0,1,0,aff93315-4e74-41b2-84a7-f597e1c55207,64BY,,0,0,1606756959568,0,1
plugin_ios_activity_recognition,"[""walking""]",0,2,0,aff93315-4e74-41b2-84a7-f597e1c55207,64BY,,0,0,1606756962454,0,1
plugin_ios_activity_recognition,"[""walking""]",0,2,0,aff93315-4e74-41b2-84a7-f597e1c55207,64BY,,0,0,1606757083551,0,1
plugin_ios_activity_recognition,,0,2,0,aff93315-4e74-41b2-84a7-f597e1c55207,64BY,,0,0,1606757098432,0,0
plugin_ios_activity_recognition,"[""stationary""]",0,2,0,aff93315-4e74-41b2-84a7-f597e1c55207,64BY,,0,1,1606757214790,0,0
plugin_ios_activity_recognition,,0,2,0,aff93315-4e74-41b2-84a7-f597e1c55207,64BY,,0,0,1606757215754,0,0
plugin_ios_activity_recognition,"[""walking""]",0,1,0,aff93315-4e74-41b2-84a7-f597e1c55207,64BY,,0,0,1606757219295,0,1
plugin_ios_activity_recognition,"[""walking""]",0,2,0,aff93315-4e74-41b2-84a7-f597e1c55207,64BY,,0,0,1606757229582,0,1
plugin_ios_activity_recognition,"[""walking""]",0,2,0,aff93315-4e74-41b2-84a7-f597e1c55207,64BY,,0,0,1606757263540,0,1
plugin_ios_activity_recognition,"[""stationary""]",0,2,0,aff93315-4e74-41b2-84a7-f597e1c55207,64BY,,0,1,1606757283260,0,0
plugin_ios_activity_recognition,,0,2,0,aff93315-4e74-41b2-84a7-f597e1c55207,64BY,,0,0,1606757284546,0,0
plugin_ios_activity_recognition,"[""stationary""]",0,2,0,aff93315-4e74-41b2-84a7-f597e1c55207,64BY,,0,1,1606757323441,0,0
plugin_ios_activity_recognition,,0,2,0,aff93315-4e74-41b2-84a7-f597e1c55207,64BY,,0,0,1606757329228,0,0
plugin_ios_activity_recognition,"[""stationary""]",0,2,0,aff93315-4e74-41b2-84a7-f597e1c55207,64BY,,0,1,1606757333406,0,0
plugin_ios_activity_recognition,,0,2,0,aff93315-4e74-41b2-84a7-f597e1c55207,64BY,,0,0,1606757345611,0,0
plugin_ios_activity_recognition,"[""stationary""]",0,2,0,aff93315-4e74-41b2-84a7-f597e1c55207,64BY,,0,1,1606757380649,0,0
plugin_ios_activity_recognition,,0,2,0,aff93315-4e74-41b2-84a7-f597e1c55207,64BY,,0,0,1606757381934,0,0
plugin_ios_activity_recognition,"[""stationary""]",0,2,0,aff93315-4e74-41b2-84a7-f597e1c55207,64BY,,0,1,1606757430796,0,0
plugin_ios_activity_recognition,,0,2,0,aff93315-4e74-41b2-84a7-f597e1c55207,64BY,,0,0,1606757431438,0,0
plugin_ios_activity_recognition,,0,2,0,aff93315-4e74-41b2-84a7-f597e1c55207,64BY,,0,0,1606757443539,0,0
plugin_ios_activity_recognition,"[""stationary""]",0,2,0,aff93315-4e74-41b2-84a7-f597e1c55207,64BY,,0,1,1606757444618,0,0
plugin_ios_activity_recognition,,0,2,0,aff93315-4e74-41b2-84a7-f597e1c55207,64BY,,0,0,1606757446868,0,0
plugin_ios_activity_recognition,"[""walking""]",0,1,0,aff93315-4e74-41b2-84a7-f597e1c55207,64BY,,0,0,1606757471304,0,1
plugin_ios_activity_recognition,"[""walking""]",0,2,0,aff93315-4e74-41b2-84a7-f597e1c55207,64BY,,0,0,1606757476448,0,1
plugin_ios_activity_recognition,"[""stationary""]",0,2,0,aff93315-4e74-41b2-84a7-f597e1c55207,64BY,,0,1,1606757522734,0,0
plugin_ios_activity_recognition,"[""walking""]",0,2,0,aff93315-4e74-41b2-84a7-f597e1c55207,64BY,,0,0,1606757523374,0,1
plugin_ios_activity_recognition,,0,2,0,aff93315-4e74-41b2-84a7-f597e1c55207,64BY,,0,0,1606757527878,0,0
plugin_ios_activity_recognition,,0,2,0,aff93315-4e74-41b2-84a7-f597e1c55207,64BY,,0,0,1606757623902,0,0
plugin_ios_activity_recognition,"[""walking""]",0,2,0,aff93315-4e74-41b2-84a7-f597e1c55207,64BY,,0,0,1606757628175,0,1
plugin_ios_activity_recognition,"[""stationary""]",0,2,0,aff93315-4e74-41b2-84a7-f597e1c55207,64BY,,0,1,1606757697608,0,0
plugin_ios_activity_recognition,"[""walking""]",0,2,0,aff93315-4e74-41b2-84a7-f597e1c55207,64BY,,0,0,1606757698569,0,1
plugin_ios_activity_recognition,,0,2,0,aff93315-4e74-41b2-84a7-f597e1c55207,64BY,,0,0,1606757723646,0,0
plugin_ios_activity_recognition,"[""stationary""]",0,2,0,aff93315-4e74-41b2-84a7-f597e1c55207,64BY,,0,1,1606757729433,0,0
plugin_ios_activity_recognition,,0,2,0,aff93315-4e74-41b2-84a7-f597e1c55207,64BY,,0,0,1606757730714,0,0
plugin_ios_activity_recognition,"[""stationary""]",0,2,0,aff93315-4e74-41b2-84a7-f597e1c55207,64BY,,0,1,1606757747110,0,0
plugin_ios_activity_recognition,,0,2,0,aff93315-4e74-41b2-84a7-f597e1c55207,64BY,,0,0,1606757748074,0,0
plugin_ios_activity_recognition,"[""stationary""]",0,2,0,aff93315-4e74-41b2-84a7-f597e1c55207,64BY,,0,1,1606757756757,0,0
plugin_ios_activity_recognition,,0,2,0,aff93315-4e74-41b2-84a7-f597e1c55207,64BY,,0,0,1606757762219,0,0
plugin_ios_activity_recognition,,0,2,0,aff93315-4e74-41b2-84a7-f597e1c55207,64BY,,0,0,1606757803740,0,0
plugin_ios_activity_recognition,"[""stationary""]",0,2,0,aff93315-4e74-41b2-84a7-f597e1c55207,64BY,,0,1,1606757861273,0,0
plugin_ios_activity_recognition,,0,2,0,aff93315-4e74-41b2-84a7-f597e1c55207,64BY,,0,0,1606757861595,0,0
plugin_ios_activity_recognition,,0,2,0,aff93315-4e74-41b2-84a7-f597e1c55207,64BY,,0,0,1606757983837,0,0
plugin_ios_activity_recognition,"[""walking""]",0,1,0,aff93315-4e74-41b2-84a7-f597e1c55207,64BY,,0,0,1606758088576,0,1
plugin_ios_activity_recognition,"[""walking""]",0,2,0,aff93315-4e74-41b2-84a7-f597e1c55207,64BY,,0,0,1606758093720,0,1
plugin_ios_activity_recognition,"[""stationary""]",0,2,0,aff93315-4e74-41b2-84a7-f597e1c55207,64BY,,0,1,1606758123298,0,0
plugin_ios_activity_recognition,"[""walking""]",0,2,0,aff93315-4e74-41b2-84a7-f597e1c55207,64BY,,0,0,1606758125224,0,1
plugin_ios_activity_recognition,,0,2,0,aff93315-4e74-41b2-84a7-f597e1c55207,64BY,,0,0,1606758145161,0,0
plugin_ios_activity_recognition,,0,2,0,aff93315-4e74-41b2-84a7-f597e1c55207,64BY,,0,0,1606758163841,0,0
plugin_ios_activity_recognition,"[""walking""]",0,2,0,aff93315-4e74-41b2-84a7-f597e1c55207,64BY,,0,0,1606758260912,0,1
plugin_ios_activity_recognition,,0,2,0,aff93315-4e74-41b2-84a7-f597e1c55207,64BY,,0,0,1606758320070,0,0
plugin_ios_activity_recognition,,0,2,0,aff93315-4e74-41b2-84a7-f597e1c55207,64BY,,0,0,1606758343754,0,0
plugin_ios_activity_recognition,"[""running""]",0,2,0,aff93315-4e74-41b2-84a7-f597e1c55207,64BY,,1,0,1606758471814,0,0
plugin_ios_activity_recognition,"[""walking""]",0,2,0,aff93315-4e74-41b2-84a7-f597e1c55207,64BY,,0,0,1606758479527,0,1
plugin_ios_activity_recognition,"[""walking""]",0,2,0,aff93315-4e74-41b2-84a7-f597e1c55207,64BY,,0,0,1606758524099,0,1
plugin_ios_activity_recognition,,0,2,0,aff93315-4e74-41b2-84a7-f597e1c55207,64BY,,0,0,1606758559249,0,0
plugin_ios_activity_recognition,"[""stationary""]",0,2,0,aff93315-4e74-41b2-84a7-f597e1c55207,64BY,,0,1,1606758574998,0,0
plugin_ios_activity_recognition,,0,2,0,aff93315-4e74-41b2-84a7-f597e1c55207,64BY,,0,0,1606758575320,0,0
plugin_ios_activity_recognition,"[""stationary""]",0,2,0,aff93315-4e74-41b2-84a7-f597e1c55207,64BY,,0,1,1606758622576,0,0
plugin_ios_activity_recognition,,0,2,0,aff93315-4e74-41b2-84a7-f597e1c55207,64BY,,0,0,1606758630292,0,0
plugin_ios_activity_recognition,"[""walking""]",0,1,0,aff93315-4e74-41b2-84a7-f597e1c55207,64BY,,0,0,1606758636406,0,1
plugin_ios_activity_recognition,"[""running""]",0,2,0,aff93315-4e74-41b2-84a7-f597e1c55207,64BY,,1,0,1606758641549,0,0
plugin_ios_activity_recognition,"[""walking""]",0,2,0,aff93315-4e74-41b2-84a7-f597e1c55207,64BY,,0,0,1606758649261,0,1
plugin_ios_activity_recognition,"[""walking""]",0,2,0,aff93315-4e74-41b2-84a7-f597e1c55207,64BY,,0,0,1606758703754,0,1
plugin_ios_activity_recognition,,0,2,0,aff93315-4e74-41b2-84a7-f597e1c55207,64BY,,0,0,1606758708415,0,0
plugin_ios_activity_recognition,"[""stationary""]",0,2,0,aff93315-4e74-41b2-84a7-f597e1c55207,64BY,,0,1,1606758782359,0,0
plugin_ios_activity_recognition,,0,2,0,aff93315-4e74-41b2-84a7-f597e1c55207,64BY,,0,0,1606758783966,0,0
plugin_ios_activity_recognition,,0,2,0,aff93315-4e74-41b2-84a7-f597e1c55207,64BY,,0,0,1606758883840,0,0
plugin_ios_activity_recognition,"[""stationary""]",0,2,0,aff93315-4e74-41b2-84a7-f597e1c55207,64BY,,0,1,1606758912241,0,0
plugin_ios_activity_recognition,,0,2,0,aff93315-4e74-41b2-84a7-f597e1c55207,64BY,,0,0,1606758913849,0,0
plugin_ios_activity_recognition,"[""walking""]",0,1,0,aff93315-4e74-41b2-84a7-f597e1c55207,64BY,,0,0,1606759019637,0,1
plugin_ios_activity_recognition,"[""walking""]",0,2,0,aff93315-4e74-41b2-84a7-f597e1c55207,64BY,,0,0,1606759035069,0,1
plugin_ios_activity_recognition,"[""walking""]",0,2,0,aff93315-4e74-41b2-84a7-f597e1c55207,64BY,,0,0,1606759063745,0,1
plugin_ios_activity_recognition,,0,2,0,aff93315-4e74-41b2-84a7-f597e1c55207,64BY,,0,0,1606759086509,0,0
plugin_ios_activity_recognition,"[""walking""]",0,1,0,aff93315-4e74-41b2-84a7-f597e1c55207,64BY,,0,0,1606759101941,0,1
plugin_ios_activity_recognition,"[""walking""]",0,2,0,aff93315-4e74-41b2-84a7-f597e1c55207,64BY,,0,0,1606759118010,0,1
plugin_ios_activity_recognition,,0,2,0,aff93315-4e74-41b2-84a7-f597e1c55207,64BY,,0,0,1606759173955,0,0
plugin_ios_activity_recognition,,0,2,0,aff93315-4e74-41b2-84a7-f597e1c55207,64BY,,0,0,1606759243747,0,0
plugin_ios_activity_recognition,"[""walking""]",0,1,0,aff93315-4e74-41b2-84a7-f597e1c55207,64BY,,0,0,1606759325691,0,1
plugin_ios_activity_recognition,,0,2,0,aff93315-4e74-41b2-84a7-f597e1c55207,64BY,,0,0,1606759330842,0,0
plugin_ios_activity_recognition,"[""walking""]",0,1,0,aff93315-4e74-41b2-84a7-f597e1c55207,64BY,,0,0,1606759374566,0,1
plugin_ios_activity_recognition,"[""walking""]",0,2,0,aff93315-4e74-41b2-84a7-f597e1c55207,64BY,,0,0,1606759379710,0,1
plugin_ios_activity_recognition,"[""walking""]",0,2,0,aff93315-4e74-41b2-84a7-f597e1c55207,64BY,,0,0,1606759424024,0,1
plugin_ios_activity_recognition,,0,2,0,aff93315-4e74-41b2-84a7-f597e1c55207,64BY,,0,0,1606759431141,0,0
plugin_ios_activity_recognition,,0,2,0,aff93315-4e74-41b2-84a7-f597e1c55207,64BY,,0,0,1606759603745,0,0
plugin_ios_activity_recognition,"[""walking""]",0,1,0,aff93315-4e74-41b2-84a7-f597e1c55207,64BY,,0,0,1606759690910,0,1
plugin_ios_activity_recognition,"[""walking""]",0,2,0,aff93315-4e74-41b2-84a7-f597e1c55207,64BY,,0,0,1606759693482,0,1
plugin_ios_activity_recognition,,0,2,0,aff93315-4e74-41b2-84a7-f597e1c55207,64BY,,0,0,1606759744929,0,0
plugin_ios_activity_recognition,,0,2,0,aff93315-4e74-41b2-84a7-f597e1c55207,64BY,,0,0,1606759783813,0,0
plugin_ios_activity_recognition,"[""stationary""]",0,2,0,aff93315-4e74-41b2-84a7-f597e1c55207,64BY,,0,1,1606759871915,0,0
plugin_ios_activity_recognition,,0,2,0,aff93315-4e74-41b2-84a7-f597e1c55207,64BY,,0,0,1606759875773,0,0
plugin_ios_activity_recognition,,0,2,0,aff93315-4e74-41b2-84a7-f597e1c55207,64BY,,0,0,1606759963744,0,0
plugin_ios_activity_recognition,"[""walking""]",0,1,0,aff93315-4e74-41b2-84a7-f597e1c55207,64BY,,0,0,1606760097306,0,1
plugin_ios_activity_recognition,"[""walking""]",0,2,0,aff93315-4e74-41b2-84a7-f597e1c55207,64BY,,0,0,1606760099878,0,1
plugin_ios_activity_recognition,"[""walking""]",0,2,0,aff93315-4e74-41b2-84a7-f597e1c55207,64BY,,0,0,1606760143744,0,1
plugin_ios_activity_recognition,,0,2,0,aff93315-4e74-41b2-84a7-f597e1c55207,64BY,,0,0,1606760215621,0,0
plugin_ios_activity_recognition,"[""walking""]",0,1,0,aff93315-4e74-41b2-84a7-f597e1c55207,64BY,,0,0,1606760231053,0,1
plugin_ios_activity_recognition,"[""walking""]",0,2,0,aff93315-4e74-41b2-84a7-f597e1c55207,64BY,,0,0,1606760233624,0,1
plugin_ios_activity_recognition,,0,2,0,aff93315-4e74-41b2-84a7-f597e1c55207,64BY,,0,0,1606760292776,0,0
plugin_ios_activity_recognition,,0,2,0,aff93315-4e74-41b2-84a7-f597e1c55207,64BY,,0,0,1606760324162,0,0
plugin_ios_activity_recognition,"[""walking""]",0,1,0,aff93315-4e74-41b2-84a7-f597e1c55207,64BY,,0,0,1606760339073,0,1
plugin_ios_activity_recognition,"[""walking""]",0,2,0,aff93315-4e74-41b2-84a7-f597e1c55207,64BY,,0,0,1606760385367,0,1
plugin_ios_activity_recognition,,0,2,0,aff93315-4e74-41b2-84a7-f597e1c55207,64BY,,0,0,1606760454809,0,0
plugin_ios_activity_recognition,,0,2,0,aff93315-4e74-41b2-84a7-f597e1c55207,64BY,,0,0,1606760503744,0,0
plugin_ios_activity_recognition,"[""stationary""]",0,2,0,aff93315-4e74-41b2-84a7-f597e1c55207,64BY,,0,1,1606760523600,0,0
plugin_ios_activity_recognition,,0,2,0,aff93315-4e74-41b2-84a7-f597e1c55207,64BY,,0,0,1606760526493,0,0
plugin_ios_activity_recognition,"[""stationary""]",0,2,0,aff93315-4e74-41b2-84a7-f597e1c55207,64BY,,0,1,1606760644802,0,0
plugin_ios_activity_recognition,,0,2,0,aff93315-4e74-41b2-84a7-f597e1c55207,64BY,,0,0,1606760653483,0,0
plugin_ios_activity_recognition,,0,2,0,aff93315-4e74-41b2-84a7-f597e1c55207,64BY,,0,0,1606760683836,0,0
plugin_ios_activity_recognition,"[""stationary""]",0,2,0,aff93315-4e74-41b2-84a7-f597e1c55207,64BY,,0,1,1606760719398,0,0
plugin_ios_activity_recognition,,0,2,0,aff93315-4e74-41b2-84a7-f597e1c55207,64BY,,0,0,1606760723578,0,0
plugin_ios_activity_recognition,"[""stationary""]",0,2,0,aff93315-4e74-41b2-84a7-f597e1c55207,64BY,,0,1,1606760791097,0,0
plugin_ios_activity_recognition,,0,2,0,aff93315-4e74-41b2-84a7-f597e1c55207,64BY,,0,0,1606760793669,0,0
plugin_ios_activity_recognition,"[""stationary""]",0,2,0,aff93315-4e74-41b2-84a7-f597e1c55207,64BY,,0,1,1606760803635,0,0
plugin_ios_activity_recognition,,0,2,0,aff93315-4e74-41b2-84a7-f597e1c55207,64BY,,0,0,1606760804921,0,0
plugin_ios_activity_recognition,"[""stationary""]",0,2,0,aff93315-4e74-41b2-84a7-f597e1c55207,64BY,,0,1,1606760812959,0,0
plugin_ios_activity_recognition,,0,2,0,aff93315-4e74-41b2-84a7-f597e1c55207,64BY,,0,0,1606760828057,0,0
plugin_ios_activity_recognition,"[""stationary""]",0,2,0,aff93315-4e74-41b2-84a7-f597e1c55207,64BY,,0,1,1606760838345,0,0
plugin_ios_activity_recognition,,0,2,0,aff93315-4e74-41b2-84a7-f597e1c55207,64BY,,0,0,1606760842845,0,0
plugin_ios_activity_recognition,,0,2,0,aff93315-4e74-41b2-84a7-f597e1c55207,64BY,,0,0,1606760863740,0,0
plugin_ios_activity_recognition,"[""stationary""]",0,2,0,aff93315-4e74-41b2-84a7-f597e1c55207,64BY,,0,1,1606760968552,0,0
plugin_ios_activity_recognition,,0,2,0,aff93315-4e74-41b2-84a7-f597e1c55207,64BY,,0,0,1606760975947,0,0
plugin_ios_activity_recognition,,0,2,0,aff93315-4e74-41b2-84a7-f597e1c55207,64BY,,0,0,1606761043838,0,0
plugin_ios_activity_recognition,"[""stationary""]",0,2,0,aff93315-4e74-41b2-84a7-f597e1c55207,64BY,,0,1,1606761054713,0,0
plugin_ios_activity_recognition,,0,2,0,aff93315-4e74-41b2-84a7-f597e1c55207,64BY,,0,0,1606761056646,0,0
plugin_ios_activity_recognition,"[""stationary""]",0,2,0,aff93315-4e74-41b2-84a7-f597e1c55207,64BY,,0,1,1606761062108,0,0
plugin_ios_activity_recognition,,0,2,0,aff93315-4e74-41b2-84a7-f597e1c55207,64BY,,0,0,1606761065323,0,0
plugin_ios_activity_recognition,"[""stationary""]",0,2,0,aff93315-4e74-41b2-84a7-f597e1c55207,64BY,,0,1,1606761070788,0,0
plugin_ios_activity_recognition,,0,2,0,aff93315-4e74-41b2-84a7-f597e1c55207,64BY,,0,0,1606761077862,0,0
plugin_ios_activity_recognition,"[""stationary""]",0,2,0,aff93315-4e74-41b2-84a7-f597e1c55207,64BY,,0,1,1606761090722,0,0
plugin_ios_activity_recognition,,0,2,0,aff93315-4e74-41b2-84a7-f597e1c55207,64BY,,0,0,1606761091365,0,0
plugin_ios_activity_recognition,"[""walking""]",0,1,0,aff93315-4e74-41b2-84a7-f597e1c55207,64BY,,0,0,1606761208407,0,1
plugin_ios_activity_recognition,"[""walking""]",0,1,0,aff93315-4e74-41b2-84a7-f597e1c55207,64BY,,0,0,1606761224083,0,1
plugin_ios_activity_recognition,"[""walking""]",0,2,0,aff93315-4e74-41b2-84a7-f597e1c55207,64BY,,0,0,1606761231565,0,1
plugin_ios_activity_recognition,,0,2,0,aff93315-4e74-41b2-84a7-f597e1c55207,64BY,,0,0,1606761370451,0,0
plugin_ios_activity_recognition,,0,2,0,aff93315-4e74-41b2-84a7-f597e1c55207,64BY,,0,0,1606761403743,0,0
plugin_ios_activity_recognition,"[""walking""]",0,1,0,aff93315-4e74-41b2-84a7-f597e1c55207,64BY,,0,0,1606761553063,0,1
plugin_ios_activity_recognition,"[""walking""]",0,2,0,aff93315-4e74-41b2-84a7-f597e1c55207,64BY,,0,0,1606761555635,0,1
plugin_ios_activity_recognition,"[""walking""]",0,2,0,aff93315-4e74-41b2-84a7-f597e1c55207,64BY,,0,0,1606761583823,0,1
plugin_ios_activity_recognition,,0,2,0,aff93315-4e74-41b2-84a7-f597e1c55207,64BY,,0,0,1606761612216,0,0
plugin_ios_activity_recognition,"[""walking""]",0,1,0,aff93315-4e74-41b2-84a7-f597e1c55207,64BY,,0,0,1606761689376,0,1
plugin_ios_activity_recognition,"[""walking""]",0,2,0,aff93315-4e74-41b2-84a7-f597e1c55207,64BY,,0,0,1606761694520,0,1
plugin_ios_activity_recognition,,0,2,0,aff93315-4e74-41b2-84a7-f597e1c55207,64BY,,0,0,1606761697092,0,0
plugin_ios_activity_recognition,"[""walking""]",0,1,0,aff93315-4e74-41b2-84a7-f597e1c55207,64BY,,0,0,1606761725383,0,1
plugin_ios_activity_recognition,"[""walking""]",0,2,0,aff93315-4e74-41b2-84a7-f597e1c55207,64BY,,0,0,1606761727955,0,1
plugin_ios_activity_recognition,"[""walking""]",0,2,0,aff93315-4e74-41b2-84a7-f597e1c55207,64BY,,0,0,1606761763744,0,1
plugin_ios_activity_recognition,,0,2,0,aff93315-4e74-41b2-84a7-f597e1c55207,64BY,,0,0,1606761864265,0,0
plugin_ios_activity_recognition,,0,2,0,aff93315-4e74-41b2-84a7-f597e1c55207,64BY,,0,0,1606761943744,0,0
plugin_ios_activity_recognition,"[""walking""]",0,1,0,aff93315-4e74-41b2-84a7-f597e1c55207,64BY,,0,0,1606762013431,0,1
plugin_ios_activity_recognition,"[""walking""]",0,2,0,aff93315-4e74-41b2-84a7-f597e1c55207,64BY,,0,0,1606762018575,0,1
plugin_ios_activity_recognition,"[""stationary""]",0,2,0,aff93315-4e74-41b2-84a7-f597e1c55207,64BY,,0,1,1606762093152,0,0
plugin_ios_activity_recognition,"[""walking""]",0,2,0,aff93315-4e74-41b2-84a7-f597e1c55207,64BY,,0,0,1606762094434,0,1
plugin_ios_activity_recognition,,0,2,0,aff93315-4e74-41b2-84a7-f597e1c55207,64BY,,0,0,1606762111153,0,0
plugin_ios_activity_recognition,,0,2,0,aff93315-4e74-41b2-84a7-f597e1c55207,64BY,,0,0,1606762124020,0,0
plugin_ios_activity_recognition,"[""stationary""]",0,2,0,aff93315-4e74-41b2-84a7-f597e1c55207,64BY,,0,1,1606762145224,0,0
plugin_ios_activity_recognition,,0,2,0,aff93315-4e74-41b2-84a7-f597e1c55207,64BY,,0,0,1606762147796,0,0
plugin_ios_activity_recognition,"[""walking""]",0,1,0,aff93315-4e74-41b2-84a7-f597e1c55207,64BY,,0,0,1606762211451,0,1
plugin_ios_activity_recognition,"[""walking""]",0,2,0,aff93315-4e74-41b2-84a7-f597e1c55207,64BY,,0,0,1606762219166,0,1
plugin_ios_activity_recognition,"[""stationary""]",0,2,0,aff93315-4e74-41b2-84a7-f597e1c55207,64BY,,0,1,1606762252595,0,0
plugin_ios_activity_recognition,"[""walking""]",0,2,0,aff93315-4e74-41b2-84a7-f597e1c55207,64BY,,0,0,1606762260638,0,1
plugin_ios_activity_recognition,"[""stationary""]",0,2,0,aff93315-4e74-41b2-84a7-f597e1c55207,64BY,,0,1,1606762270270,0,0
plugin_ios_activity_recognition,"[""walking""]",0,2,0,aff93315-4e74-41b2-84a7-f597e1c55207,64BY,,0,0,1606762273473,0,1
plugin_ios_activity_recognition,"[""stationary""]",0,2,0,aff93315-4e74-41b2-84a7-f597e1c55207,64BY,,0,1,1606762287293,0,0
plugin_ios_activity_recognition,,0,2,0,aff93315-4e74-41b2-84a7-f597e1c55207,64BY,,0,0,1606762292397,0,0
plugin_ios_activity_recognition,"[""stationary""]",0,2,0,aff93315-4e74-41b2-84a7-f597e1c55207,64BY,,0,1,1606762303648,0,0
plugin_ios_activity_recognition,"[""stationary""]",0,2,0,aff93315-4e74-41b2-84a7-f597e1c55207,64BY,,0,1,1606762303744,0,0
plugin_ios_activity_recognition,,0,2,0,aff93315-4e74-41b2-84a7-f597e1c55207,64BY,,0,0,1606762303973,0,0
plugin_ios_activity_recognition,"[""walking""]",0,1,0,aff93315-4e74-41b2-84a7-f597e1c55207,64BY,,0,0,1606762360551,0,1
plugin_ios_activity_recognition,"[""walking""]",0,2,0,aff93315-4e74-41b2-84a7-f597e1c55207,64BY,,0,0,1606762363123,0,1
plugin_ios_activity_recognition,,0,2,0,aff93315-4e74-41b2-84a7-f597e1c55207,64BY,,0,0,1606762414552,0,0
plugin_ios_activity_recognition,"[""stationary""]",0,2,0,aff93315-4e74-41b2-84a7-f597e1c55207,64BY,,0,1,1606762419367,0,0
plugin_ios_activity_recognition,,0,2,0,aff93315-4e74-41b2-84a7-f597e1c55207,64BY,,0,0,1606762445994,0,0
plugin_ios_activity_recognition,"[""walking""]",0,1,0,aff93315-4e74-41b2-84a7-f597e1c55207,64BY,,0,0,1606762450500,0,1
plugin_ios_activity_recognition,"[""walking""]",0,2,0,aff93315-4e74-41b2-84a7-f597e1c55207,64BY,,0,0,1606762476533,0,1
plugin_ios_activity_recognition,"[""walking""]",0,2,0,aff93315-4e74-41b2-84a7-f597e1c55207,64BY,,0,0,1606762483777,0,1
plugin_ios_activity_recognition,,0,2,0,aff93315-4e74-41b2-84a7-f597e1c55207,64BY,,0,0,1606762586795,0,0
plugin_ios_activity_recognition,"[""walking""]",0,1,0,aff93315-4e74-41b2-84a7-f597e1c55207,64BY,,0,0,1606762656231,0,1
plugin_ios_activity_recognition,"[""walking""]",0,2,0,aff93315-4e74-41b2-84a7-f597e1c55207,64BY,,0,0,1606762658803,0,1
plugin_ios_activity_recognition,"[""walking""]",0,2,0,aff93315-4e74-41b2-84a7-f597e1c55207,64BY,,0,0,1606762663743,0,1
plugin_ios_activity_recognition,,0,2,0,aff93315-4e74-41b2-84a7-f597e1c55207,64BY,,0,0,1606762720521,0,0
plugin_ios_activity_recognition,"[""walking""]",0,1,0,aff93315-4e74-41b2-84a7-f597e1c55207,64BY,,0,0,1606762787383,0,1
plugin_ios_activity_recognition,"[""walking""]",0,2,0,aff93315-4e74-41b2-84a7-f597e1c55207,64BY,,0,0,1606762789958,0,1
plugin_ios_activity_recognition,"[""walking""]",0,2,0,aff93315-4e74-41b2-84a7-f597e1c55207,64BY,,0,0,1606762843776,0,1
plugin_ios_activity_recognition,,0,2,0,aff93315-4e74-41b2-84a7-f597e1c55207,64BY,,0,0,1606762851674,0,0
plugin_ios_activity_recognition,"[""walking""]",0,2,0,aff93315-4e74-41b2-84a7-f597e1c55207,64BY,,0,0,1606762915968,0,1
plugin_ios_activity_recognition,,0,2,0,aff93315-4e74-41b2-84a7-f597e1c55207,64BY,,0,0,1606763013686,0,0
plugin_ios_activity_recognition,,0,2,0,aff93315-4e74-41b2-84a7-f597e1c55207,64BY,,0,0,1606763024086,0,0
plugin_ios_activity_recognition,"[""stationary""]",0,2,0,aff93315-4e74-41b2-84a7-f597e1c55207,64BY,,0,1,1606763054507,0,0
plugin_ios_activity_recognition,,0,2,0,aff93315-4e74-41b2-84a7-f597e1c55207,64BY,,0,0,1606763056436,0,0
plugin_ios_activity_recognition,"[""stationary""]",0,2,0,aff93315-4e74-41b2-84a7-f597e1c55207,64BY,,0,1,1606763115583,0,0
plugin_ios_activity_recognition,,0,2,0,aff93315-4e74-41b2-84a7-f597e1c55207,64BY,,0,0,1606763118155,0,0
plugin_ios_activity_recognition,"[""stationary""]",0,2,0,aff93315-4e74-41b2-84a7-f597e1c55207,64BY,,0,1,1606763121694,0,0
plugin_ios_activity_recognition,,0,2,0,aff93315-4e74-41b2-84a7-f597e1c55207,64BY,,0,0,1606763125227,0,0
plugin_ios_activity_recognition,"[""stationary""]",0,2,0,aff93315-4e74-41b2-84a7-f597e1c55207,64BY,,0,1,1606763129409,0,0
plugin_ios_activity_recognition,,0,2,0,aff93315-4e74-41b2-84a7-f597e1c55207,64BY,,0,0,1606763135834,0,0
plugin_ios_activity_recognition,,0,2,0,aff93315-4e74-41b2-84a7-f597e1c55207,64BY,,0,0,1606763203814,0,0
plugin_ios_activity_recognition,"[""walking""]",0,2,0,aff93315-4e74-41b2-84a7-f597e1c55207,64BY,,0,0,1606763268287,0,1
plugin_ios_activity_recognition,,0,2,0,aff93315-4e74-41b2-84a7-f597e1c55207,64BY,,0,0,1606763328079,0,0
plugin_ios_activity_recognition,"[""stationary""]",0,2,0,aff93315-4e74-41b2-84a7-f597e1c55207,64BY,,0,1,1606763379520,0,0
plugin_ios_activity_recognition,"[""stationary""]",0,2,0,aff93315-4e74-41b2-84a7-f597e1c55207,64BY,,0,1,1606763383832,0,0
plugin_ios_activity_recognition,,0,2,0,aff93315-4e74-41b2-84a7-f597e1c55207,64BY,,0,0,1606763388522,0,0
plugin_ios_activity_recognition,"[""walking""]",0,1,0,aff93315-4e74-41b2-84a7-f597e1c55207,64BY,,0,0,1606763440607,0,1
plugin_ios_activity_recognition,"[""walking""]",0,2,0,aff93315-4e74-41b2-84a7-f597e1c55207,64BY,,0,0,1606763443180,0,1
plugin_ios_activity_recognition,"[""stationary""]",0,2,0,aff93315-4e74-41b2-84a7-f597e1c55207,64BY,,0,1,1606763496223,0,0
plugin_ios_activity_recognition,,0,2,0,aff93315-4e74-41b2-84a7-f597e1c55207,64BY,,0,0,1606763505871,0,0
plugin_ios_activity_recognition,"[""stationary""]",0,2,0,aff93315-4e74-41b2-84a7-f597e1c55207,64BY,,0,1,1606763509408,0,0
plugin_ios_activity_recognition,,0,2,0,aff93315-4e74-41b2-84a7-f597e1c55207,64BY,,0,0,1606763517445,0,0
plugin_ios_activity_recognition,,0,2,0,aff93315-4e74-41b2-84a7-f597e1c55207,64BY,,0,0,1606763563737,0,0
plugin_ios_activity_recognition,"[""stationary""]",0,2,0,aff93315-4e74-41b2-84a7-f597e1c55207,64BY,,0,1,1606763675301,0,0
plugin_ios_activity_recognition,,0,2,0,aff93315-4e74-41b2-84a7-f597e1c55207,64BY,,0,0,1606763679481,0,0
plugin_ios_activity_recognition,"[""stationary""]",0,2,0,aff93315-4e74-41b2-84a7-f597e1c55207,64BY,,0,1,1606763722245,0,0
plugin_ios_activity_recognition,,0,2,0,aff93315-4e74-41b2-84a7-f597e1c55207,64BY,,0,0,1606763723210,0,0
plugin_ios_activity_recognition,"[""stationary""]",0,2,0,aff93315-4e74-41b2-84a7-f597e1c55207,64BY,,0,1,1606763728998,0,0
plugin_ios_activity_recognition,,0,2,0,aff93315-4e74-41b2-84a7-f597e1c55207,64BY,,0,0,1606763733178,0,0
plugin_ios_activity_recognition,"[""stationary""]",0,2,0,aff93315-4e74-41b2-84a7-f597e1c55207,64BY,,0,1,1606763736714,0,0
plugin_ios_activity_recognition,,0,2,0,aff93315-4e74-41b2-84a7-f597e1c55207,64BY,,0,0,1606763742502,0,0
plugin_ios_activity_recognition,,0,2,0,aff93315-4e74-41b2-84a7-f597e1c55207,64BY,,0,0,1606763743736,0,0
plugin_ios_activity_recognition,"[""stationary""]",0,2,0,aff93315-4e74-41b2-84a7-f597e1c55207,64BY,,0,1,1606763751504,0,0
plugin_ios_activity_recognition,,0,2,0,aff93315-4e74-41b2-84a7-f597e1c55207,64BY,,0,0,1606763752148,0,0
plugin_ios_activity_recognition,"[""stationary""]",0,2,0,aff93315-4e74-41b2-84a7-f597e1c55207,64BY,,0,1,1606763761471,0,0
plugin_ios_activity_recognition,,0,2,0,aff93315-4e74-41b2-84a7-f597e1c55207,64BY,,0,0,1606763765330,0,0
plugin_ios_activity_recognition,"[""walking""]",0,1,0,aff93315-4e74-41b2-84a7-f597e1c55207,64BY,,0,0,1606763785273,0,1
plugin_ios_activity_recognition,"[""walking""]",0,2,0,aff93315-4e74-41b2-84a7-f597e1c55207,64BY,,0,0,1606763803912,0,1
plugin_ios_activity_recognition,"[""stationary""]",0,2,0,aff93315-4e74-41b2-84a7-f597e1c55207,64BY,,0,1,1606763820311,0,0
plugin_ios_activity_recognition,"[""walking""]",0,2,0,aff93315-4e74-41b2-84a7-f597e1c55207,64BY,,0,0,1606763838967,0,1
plugin_ios_activity_recognition,"[""stationary""]",0,2,0,aff93315-4e74-41b2-84a7-f597e1c55207,64BY,,0,1,1606763867900,0,0
plugin_ios_activity_recognition,,0,2,0,aff93315-4e74-41b2-84a7-f597e1c55207,64BY,,0,0,1606763874652,0,0
plugin_ios_activity_recognition,"[""stationary""]",0,2,0,aff93315-4e74-41b2-84a7-f597e1c55207,64BY,,0,1,1606763906494,0,0
plugin_ios_activity_recognition,,0,2,0,aff93315-4e74-41b2-84a7-f597e1c55207,64BY,,0,0,1606763910996,0,0
plugin_ios_activity_recognition,"[""stationary""]",0,2,0,aff93315-4e74-41b2-84a7-f597e1c55207,64BY,,0,1,1606763920642,0,0
plugin_ios_activity_recognition,"[""stationary""]",0,2,0,aff93315-4e74-41b2-84a7-f597e1c55207,64BY,,0,1,1606763924572,0,0
plugin_ios_activity_recognition,,0,2,0,aff93315-4e74-41b2-84a7-f597e1c55207,64BY,,0,0,1606763926108,0,0
plugin_ios_activity_recognition,"[""stationary""]",0,2,0,aff93315-4e74-41b2-84a7-f597e1c55207,64BY,,0,1,1606763955689,0,0
plugin_ios_activity_recognition,,0,2,0,aff93315-4e74-41b2-84a7-f597e1c55207,64BY,,0,0,1606763958583,0,0
plugin_ios_activity_recognition,"[""stationary""]",0,2,0,aff93315-4e74-41b2-84a7-f597e1c55207,64BY,,0,1,1606763965979,0,0
plugin_ios_activity_recognition,,0,2,0,aff93315-4e74-41b2-84a7-f597e1c55207,64BY,,0,0,1606763966622,0,0
plugin_ios_activity_recognition,"[""stationary""]",0,2,0,aff93315-4e74-41b2-84a7-f597e1c55207,64BY,,0,1,1606763993634,0,0
plugin_ios_activity_recognition,,0,2,0,aff93315-4e74-41b2-84a7-f597e1c55207,64BY,,0,0,1606763994595,0,0
plugin_ios_activity_recognition,"[""walking""]",0,1,0,aff93315-4e74-41b2-84a7-f597e1c55207,64BY,,0,0,1606764096527,0,1
plugin_ios_activity_recognition,"[""walking""]",0,2,0,aff93315-4e74-41b2-84a7-f597e1c55207,64BY,,0,0,1606764099099,0,1
plugin_ios_activity_recognition,"[""walking""]",0,2,0,aff93315-4e74-41b2-84a7-f597e1c55207,64BY,,0,0,1606764103737,0,1
plugin_ios_activity_recognition,,0,2,0,aff93315-4e74-41b2-84a7-f597e1c55207,64BY,,0,0,1606764204557,0,0
plugin_ios_activity_recognition,"[""stationary""]",0,2,0,aff93315-4e74-41b2-84a7-f597e1c55207,64BY,,0,1,1606764225448,0,0
plugin_ios_activity_recognition,,0,2,0,aff93315-4e74-41b2-84a7-f597e1c55207,64BY,,0,0,1606764228342,0,0
plugin_ios_activity_recognition,"[""stationary""]",0,2,0,aff93315-4e74-41b2-84a7-f597e1c55207,64BY,,0,1,1606764260491,0,0
plugin_ios_activity_recognition,,0,2,0,aff93315-4e74-41b2-84a7-f597e1c55207,64BY,,0,0,1606764265955,0,0
plugin_ios_activity_recognition,"[""stationary""]",0,2,0,aff93315-4e74-41b2-84a7-f597e1c55207,64BY,,0,1,1606764271424,0,0
plugin_ios_activity_recognition,,0,2,0,aff93315-4e74-41b2-84a7-f597e1c55207,64BY,,0,0,1606764272385,0,0
plugin_ios_activity_recognition,"[""stationary""]",0,2,0,aff93315-4e74-41b2-84a7-f597e1c55207,64BY,,0,1,1606764278494,0,0
plugin_ios_activity_recognition,,0,2,0,aff93315-4e74-41b2-84a7-f597e1c55207,64BY,,0,0,1606764278815,0,0
plugin_ios_activity_recognition,"[""stationary""]",0,2,0,aff93315-4e74-41b2-84a7-f597e1c55207,64BY,,0,1,1606764282994,0,0
plugin_ios_activity_recognition,"[""stationary""]",0,2,0,aff93315-4e74-41b2-84a7-f597e1c55207,64BY,,0,1,1606764283738,0,0
plugin_ios_activity_recognition,,0,2,0,aff93315-4e74-41b2-84a7-f597e1c55207,64BY,,0,0,1606764289103,0,0
plugin_ios_activity_recognition,"[""stationary""]",0,2,0,aff93315-4e74-41b2-84a7-f597e1c55207,64BY,,0,1,1606764324793,0,0
plugin_ios_activity_recognition,,0,2,0,aff93315-4e74-41b2-84a7-f597e1c55207,64BY,,0,0,1606764331504,0,0
plugin_ios_activity_recognition,"[""stationary""]",0,2,0,aff93315-4e74-41b2-84a7-f597e1c55207,64BY,,0,1,1606764363978,0,0
plugin_ios_activity_recognition,,0,2,0,aff93315-4e74-41b2-84a7-f597e1c55207,64BY,,0,0,1606764365260,0,0
plugin_ios_activity_recognition,"[""walking""]",0,1,0,aff93315-4e74-41b2-84a7-f597e1c55207,64BY,,0,0,1606764402551,0,1
plugin_ios_activity_recognition,"[""walking""]",0,2,0,aff93315-4e74-41b2-84a7-f597e1c55207,64BY,,0,0,1606764412839,0,1
plugin_ios_activity_recognition,"[""walking""]",0,2,0,aff93315-4e74-41b2-84a7-f597e1c55207,64BY,,0,0,1606764463737,0,1
plugin_ios_activity_recognition,"[""stationary""]",0,2,0,aff93315-4e74-41b2-84a7-f597e1c55207,64BY,,0,1,1606764488704,0,0
plugin_ios_activity_recognition,"[""walking""]",0,2,0,aff93315-4e74-41b2-84a7-f597e1c55207,64BY,,0,0,1606764490634,0,1
plugin_ios_activity_recognition,"[""stationary""]",0,2,0,aff93315-4e74-41b2-84a7-f597e1c55207,64BY,,0,1,1606764501885,0,0
plugin_ios_activity_recognition,"[""walking""]",0,2,0,aff93315-4e74-41b2-84a7-f597e1c55207,64BY,,0,0,1606764503814,0,1
plugin_ios_activity_recognition,,0,2,0,aff93315-4e74-41b2-84a7-f597e1c55207,64BY,,0,0,1606764531149,0,0
plugin_ios_activity_recognition,"[""walking""]",0,2,0,aff93315-4e74-41b2-84a7-f597e1c55207,64BY,,0,0,1606764533721,0,1
plugin_ios_activity_recognition,"[""stationary""]",0,2,0,aff93315-4e74-41b2-84a7-f597e1c55207,64BY,,0,1,1606764546897,0,0
plugin_ios_activity_recognition,"[""walking""]",0,2,0,aff93315-4e74-41b2-84a7-f597e1c55207,64BY,,0,0,1606764547219,0,1
plugin_ios_activity_recognition,"[""stationary""]",0,2,0,aff93315-4e74-41b2-84a7-f597e1c55207,64BY,,0,1,1606764603167,0,0
plugin_ios_activity_recognition,"[""walking""]",0,2,0,aff93315-4e74-41b2-84a7-f597e1c55207,64BY,,0,0,1606764605414,0,1
plugin_ios_activity_recognition,,0,2,0,aff93315-4e74-41b2-84a7-f597e1c55207,64BY,,0,0,1606764605739,0,0
plugin_ios_activity_recognition,"[""stationary""]",0,2,0,aff93315-4e74-41b2-84a7-f597e1c55207,64BY,,0,1,1606764614416,0,0
plugin_ios_activity_recognition,,0,2,0,aff93315-4e74-41b2-84a7-f597e1c55207,64BY,,0,0,1606764616667,0,0
plugin_ios_activity_recognition,"[""stationary""]",0,2,0,aff93315-4e74-41b2-84a7-f597e1c55207,64BY,,0,1,1606764620203,0,0
plugin_ios_activity_recognition,,0,2,0,aff93315-4e74-41b2-84a7-f597e1c55207,64BY,,0,0,1606764623418,0,0
plugin_ios_activity_recognition,,0,2,0,aff93315-4e74-41b2-84a7-f597e1c55207,64BY,,0,0,1606764643833,0,0
plugin_ios_activity_recognition,"[""stationary""]",0,2,0,aff93315-4e74-41b2-84a7-f597e1c55207,64BY,,0,1,1606764661034,0,0
plugin_ios_activity_recognition,,0,2,0,aff93315-4e74-41b2-84a7-f597e1c55207,64BY,,0,0,1606764661677,0,0
plugin_ios_activity_recognition,"[""stationary""]",0,2,0,aff93315-4e74-41b2-84a7-f597e1c55207,64BY,,0,1,1606764667786,0,0
plugin_ios_activity_recognition,,0,2,0,aff93315-4e74-41b2-84a7-f597e1c55207,64BY,,0,0,1606764668107,0,0
plugin_ios_activity_recognition,"[""stationary""]",0,2,0,aff93315-4e74-41b2-84a7-f597e1c55207,64BY,,0,1,1606764696721,0,0
plugin_ios_activity_recognition,,0,2,0,aff93315-4e74-41b2-84a7-f597e1c55207,64BY,,0,0,1606764712474,0,0
plugin_ios_activity_recognition,"[""stationary""]",0,2,0,aff93315-4e74-41b2-84a7-f597e1c55207,64BY,,0,1,1606764730800,0,0
plugin_ios_activity_recognition,,0,2,0,aff93315-4e74-41b2-84a7-f597e1c55207,64BY,,0,0,1606764732407,0,0
plugin_ios_activity_recognition,"[""stationary""]",0,2,0,aff93315-4e74-41b2-84a7-f597e1c55207,64BY,,0,1,1606764795102,0,0
plugin_ios_activity_recognition,,0,2,0,aff93315-4e74-41b2-84a7-f597e1c55207,64BY,,0,0,1606764797031,0,0
plugin_ios_activity_recognition,,0,2,0,aff93315-4e74-41b2-84a7-f597e1c55207,64BY,,0,0,1606764824076,0,0
plugin_ios_activity_recognition,"[""walking""]",0,1,0,aff93315-4e74-41b2-84a7-f597e1c55207,64BY,,0,0,1606764865514,0,1
plugin_ios_activity_recognition,"[""walking""]",0,2,0,aff93315-4e74-41b2-84a7-f597e1c55207,64BY,,0,0,1606764868087,0,1
plugin_ios_activity_recognition,"[""stationary""]",0,2,0,aff93315-4e74-41b2-84a7-f597e1c55207,64BY,,0,1,1606764917923,0,0
plugin_ios_activity_recognition,,0,2,0,aff93315-4e74-41b2-84a7-f597e1c55207,64BY,,0,0,1606764920495,0,0
plugin_ios_activity_recognition,"[""stationary""]",0,2,0,aff93315-4e74-41b2-84a7-f597e1c55207,64BY,,0,1,1606764925961,0,0
plugin_ios_activity_recognition,,0,2,0,aff93315-4e74-41b2-84a7-f597e1c55207,64BY,,0,0,1606764927891,0,0
plugin_ios_activity_recognition,"[""stationary""]",0,2,0,aff93315-4e74-41b2-84a7-f597e1c55207,64BY,,0,1,1606764983515,0,0
plugin_ios_activity_recognition,,0,2,0,aff93315-4e74-41b2-84a7-f597e1c55207,64BY,,0,0,1606764987371,0,0
plugin_ios_activity_recognition,"[""stationary""]",0,2,0,aff93315-4e74-41b2-84a7-f597e1c55207,64BY,,0,1,1606764996374,0,0
plugin_ios_activity_recognition,,0,2,0,aff93315-4e74-41b2-84a7-f597e1c55207,64BY,,0,0,1606764998624,0,0
plugin_ios_activity_recognition,,0,2,0,aff93315-4e74-41b2-84a7-f597e1c55207,64BY,,0,0,1606765003741,0,0
plugin_ios_activity_recognition,"[""stationary""]",0,2,0,aff93315-4e74-41b2-84a7-f597e1c55207,64BY,,0,1,1606765006662,0,0
plugin_ios_activity_recognition,,0,2,0,aff93315-4e74-41b2-84a7-f597e1c55207,64BY,,0,0,1606765011807,0,0
plugin_ios_activity_recognition,"[""stationary""]",0,2,0,aff93315-4e74-41b2-84a7-f597e1c55207,64BY,,0,1,1606765018237,0,0
plugin_ios_activity_recognition,,0,2,0,aff93315-4e74-41b2-84a7-f597e1c55207,64BY,,0,0,1606765025300,0,0
plugin_ios_activity_recognition,"[""stationary""]",0,2,0,aff93315-4e74-41b2-84a7-f597e1c55207,64BY,,0,1,1606765049417,0,0
plugin_ios_activity_recognition,,0,2,0,aff93315-4e74-41b2-84a7-f597e1c55207,64BY,,0,0,1606765060668,0,0
plugin_ios_activity_recognition,"[""stationary""]",0,2,0,aff93315-4e74-41b2-84a7-f597e1c55207,64BY,,0,1,1606765114683,0,0
plugin_ios_activity_recognition,,0,2,0,aff93315-4e74-41b2-84a7-f597e1c55207,64BY,,0,0,1606765116291,0,0
plugin_ios_activity_recognition,"[""stationary""]",0,2,0,aff93315-4e74-41b2-84a7-f597e1c55207,64BY,,0,1,1606765147801,0,0
plugin_ios_activity_recognition,,0,2,0,aff93315-4e74-41b2-84a7-f597e1c55207,64BY,,0,0,1606765153591,0,0
plugin_ios_activity_recognition,,0,2,0,aff93315-4e74-41b2-84a7-f597e1c55207,64BY,,0,0,1606765183736,0,0
plugin_ios_activity_recognition,"[""stationary""]",0,2,0,aff93315-4e74-41b2-84a7-f597e1c55207,64BY,,0,1,1606765195386,0,0
plugin_ios_activity_recognition,,0,2,0,aff93315-4e74-41b2-84a7-f597e1c55207,64BY,,0,0,1606765196029,0,0
plugin_ios_activity_recognition,"[""stationary""]",0,2,0,aff93315-4e74-41b2-84a7-f597e1c55207,64BY,,0,1,1606765213391,0,0
plugin_ios_activity_recognition,,0,2,0,aff93315-4e74-41b2-84a7-f597e1c55207,64BY,,0,0,1606765218857,0,0
plugin_ios_activity_recognition,"[""walking""]",0,1,0,aff93315-4e74-41b2-84a7-f597e1c55207,64BY,,0,0,1606765292491,0,1
plugin_ios_activity_recognition,"[""walking""]",0,2,0,aff93315-4e74-41b2-84a7-f597e1c55207,64BY,,0,0,1606765302778,0,1
plugin_ios_activity_recognition,"[""stationary""]",0,2,0,aff93315-4e74-41b2-84a7-f597e1c55207,64BY,,0,1,1606765311128,0,0
plugin_ios_activity_recognition,"[""walking""]",0,2,0,aff93315-4e74-41b2-84a7-f597e1c55207,64BY,,0,0,1606765313062,0,1
plugin_ios_activity_recognition,,0,2,0,aff93315-4e74-41b2-84a7-f597e1c55207,64BY,,0,0,1606765354227,0,0
plugin_ios_activity_recognition,,0,2,0,aff93315-4e74-41b2-84a7-f597e1c55207,64BY,,0,0,1606765363837,0,0
plugin_ios_activity_recognition,"[""stationary""]",0,2,0,aff93315-4e74-41b2-84a7-f597e1c55207,64BY,,0,1,1606765433643,0,0
plugin_ios_activity_recognition,,0,2,0,aff93315-4e74-41b2-84a7-f597e1c55207,64BY,,0,0,1606765444576,0,0
plugin_ios_activity_recognition,"[""stationary""]",0,2,0,aff93315-4e74-41b2-84a7-f597e1c55207,64BY,,0,1,1606765448113,0,0
plugin_ios_activity_recognition,,0,2,0,aff93315-4e74-41b2-84a7-f597e1c55207,64BY,,0,0,1606765454864,0,0
plugin_ios_activity_recognition,"[""stationary""]",0,2,0,aff93315-4e74-41b2-84a7-f597e1c55207,64BY,,0,1,1606765465153,0,0
plugin_ios_activity_recognition,,0,2,0,aff93315-4e74-41b2-84a7-f597e1c55207,64BY,,0,0,1606765466118,0,0
plugin_ios_activity_recognition,"[""stationary""]",0,2,0,aff93315-4e74-41b2-84a7-f597e1c55207,64BY,,0,1,1606765480587,0,0
plugin_ios_activity_recognition,,0,2,0,aff93315-4e74-41b2-84a7-f597e1c55207,64BY,,0,0,1606765483803,0,0
plugin_ios_activity_recognition,"[""stationary""]",0,2,0,aff93315-4e74-41b2-84a7-f597e1c55207,64BY,,0,1,1606765491842,0,0
plugin_ios_activity_recognition,,0,2,0,aff93315-4e74-41b2-84a7-f597e1c55207,64BY,,0,0,1606765500203,0,0
plugin_ios_activity_recognition,"[""stationary""]",0,2,0,aff93315-4e74-41b2-84a7-f597e1c55207,64BY,,0,1,1606765529146,0,0
plugin_ios_activity_recognition,,0,2,0,aff93315-4e74-41b2-84a7-f597e1c55207,64BY,,0,0,1606765537182,0,0
plugin_ios_activity_recognition,,0,2,0,aff93315-4e74-41b2-84a7-f597e1c55207,64BY,,0,0,1606765543837,0,0
plugin_ios_activity_recognition,"[""stationary""]",0,2,0,aff93315-4e74-41b2-84a7-f597e1c55207,64BY,,0,1,1606765554871,0,0
plugin_ios_activity_recognition,,0,2,0,aff93315-4e74-41b2-84a7-f597e1c55207,64BY,,0,0,1606765559047,0,0
plugin_ios_activity_recognition,"[""stationary""]",0,2,0,aff93315-4e74-41b2-84a7-f597e1c55207,64BY,,0,1,1606765608564,0,0
plugin_ios_activity_recognition,,0,2,0,aff93315-4e74-41b2-84a7-f597e1c55207,64BY,,0,0,1606765609850,0,0
plugin_ios_activity_recognition,"[""stationary""]",0,2,0,aff93315-4e74-41b2-84a7-f597e1c55207,64BY,,0,1,1606765653581,0,0
plugin_ios_activity_recognition,,0,2,0,aff93315-4e74-41b2-84a7-f597e1c55207,64BY,,0,0,1606765662909,0,0
plugin_ios_activity_recognition,,0,2,0,aff93315-4e74-41b2-84a7-f597e1c55207,64BY,,0,0,1606765724454,0,0
plugin_ios_activity_recognition,"[""stationary""]",0,2,0,aff93315-4e74-41b2-84a7-f597e1c55207,64BY,,0,1,1606765731395,0,0
plugin_ios_activity_recognition,,0,2,0,aff93315-4e74-41b2-84a7-f597e1c55207,64BY,,0,0,1606765733002,0,0
plugin_ios_activity_recognition,"[""stationary""]",0,2,0,aff93315-4e74-41b2-84a7-f597e1c55207,64BY,,0,1,1606765759690,0,0
plugin_ios_activity_recognition,,0,2,0,aff93315-4e74-41b2-84a7-f597e1c55207,64BY,,0,0,1606765764192,0,0
plugin_ios_activity_recognition,"[""stationary""]",0,2,0,aff93315-4e74-41b2-84a7-f597e1c55207,64BY,,0,1,1606765790558,0,0
plugin_ios_activity_recognition,,0,2,0,aff93315-4e74-41b2-84a7-f597e1c55207,64BY,,0,0,1606765796024,0,0
plugin_ios_activity_recognition,"[""stationary""]",0,2,0,aff93315-4e74-41b2-84a7-f597e1c55207,64BY,,0,1,1606765804387,0,0
plugin_ios_activity_recognition,,0,2,0,aff93315-4e74-41b2-84a7-f597e1c55207,64BY,,0,0,1606765806313,0,0
plugin_ios_activity_recognition,"[""stationary""]",0,2,0,aff93315-4e74-41b2-84a7-f597e1c55207,64BY,,0,1,1606765857760,0,0
plugin_ios_activity_recognition,,0,2,0,aff93315-4e74-41b2-84a7-f597e1c55207,64BY,,0,0,1606765860979,0,0
plugin_ios_activity_recognition,"[""stationary""]",0,2,0,aff93315-4e74-41b2-84a7-f597e1c55207,64BY,,0,1,1606765902454,0,0
plugin_ios_activity_recognition,"[""stationary""]",0,2,0,aff93315-4e74-41b2-84a7-f597e1c55207,64BY,,0,1,1606765903741,0,0
plugin_ios_activity_recognition,,0,2,0,aff93315-4e74-41b2-84a7-f597e1c55207,64BY,,0,0,1606765912085,0,0
plugin_ios_activity_recognition,"[""stationary""]",0,2,0,aff93315-4e74-41b2-84a7-f597e1c55207,64BY,,0,1,1606765915622,0,0
plugin_ios_activity_recognition,,0,2,0,aff93315-4e74-41b2-84a7-f597e1c55207,64BY,,0,0,1606765948384,0,0
plugin_ios_activity_recognition,"[""stationary""]",0,2,0,aff93315-4e74-41b2-84a7-f597e1c55207,64BY,,0,1,1606765974099,0,0
plugin_ios_activity_recognition,,0,2,0,aff93315-4e74-41b2-84a7-f597e1c55207,64BY,,0,0,1606765977954,0,0
plugin_ios_activity_recognition,"[""stationary""]",0,2,0,aff93315-4e74-41b2-84a7-f597e1c55207,64BY,,0,1,1606765997250,0,0
plugin_ios_activity_recognition,,0,2,0,aff93315-4e74-41b2-84a7-f597e1c55207,64BY,,0,0,1606766000140,0,0
plugin_ios_activity_recognition,"[""stationary""]",0,2,0,aff93315-4e74-41b2-84a7-f597e1c55207,64BY,,0,1,1606766082774,0,0
plugin_ios_activity_recognition,"[""stationary""]",0,2,0,aff93315-4e74-41b2-84a7-f597e1c55207,64BY,,0,1,1606766083838,0,0
plugin_ios_activity_recognition,,0,2,0,aff93315-4e74-41b2-84a7-f597e1c55207,64BY,,0,0,1606766086632,0,0
plugin_ios_activity_recognition,"[""stationary""]",0,2,0,aff93315-4e74-41b2-84a7-f597e1c55207,64BY,,0,1,1606766091455,0,0
plugin_ios_activity_recognition,,0,2,0,aff93315-4e74-41b2-84a7-f597e1c55207,64BY,,0,0,1606766115892,0,0
plugin_ios_activity_recognition,"[""stationary""]",0,2,0,aff93315-4e74-41b2-84a7-f597e1c55207,64BY,,0,1,1606766140008,0,0
plugin_ios_activity_recognition,,0,2,0,aff93315-4e74-41b2-84a7-f597e1c55207,64BY,,0,0,1606766140651,0,0
plugin_ios_activity_recognition,"[""stationary""]",0,2,0,aff93315-4e74-41b2-84a7-f597e1c55207,64BY,,0,1,1606766147082,0,0
plugin_ios_activity_recognition,,0,2,0,aff93315-4e74-41b2-84a7-f597e1c55207,64BY,,0,0,1606766150297,0,0
plugin_ios_activity_recognition,"[""stationary""]",0,2,0,aff93315-4e74-41b2-84a7-f597e1c55207,64BY,,0,1,1606766171197,0,0
plugin_ios_activity_recognition,,0,2,0,aff93315-4e74-41b2-84a7-f597e1c55207,64BY,,0,0,1606766173769,0,0
plugin_ios_activity_recognition,"[""stationary""]",0,2,0,aff93315-4e74-41b2-84a7-f597e1c55207,64BY,,0,1,1606766179882,0,0
plugin_ios_activity_recognition,,0,2,0,aff93315-4e74-41b2-84a7-f597e1c55207,64BY,,0,0,1606766197548,0,0
plugin_ios_activity_recognition,"[""stationary""]",0,2,0,aff93315-4e74-41b2-84a7-f597e1c55207,64BY,,0,1,1606766237740,0,0
plugin_ios_activity_recognition,,0,2,0,aff93315-4e74-41b2-84a7-f597e1c55207,64BY,,0,0,1606766246100,0,0
plugin_ios_activity_recognition,"[""stationary""]",0,2,0,aff93315-4e74-41b2-84a7-f597e1c55207,64BY,,0,1,1606766249637,0,0
plugin_ios_activity_recognition,,0,2,0,aff93315-4e74-41b2-84a7-f597e1c55207,64BY,,0,0,1606766253495,0,0
plugin_ios_activity_recognition,"[""stationary""]",0,2,0,aff93315-4e74-41b2-84a7-f597e1c55207,64BY,,0,1,1606766259607,0,0
plugin_ios_activity_recognition,,0,2,0,aff93315-4e74-41b2-84a7-f597e1c55207,64BY,,0,0,1606766260890,0,0
plugin_ios_activity_recognition,,0,2,0,aff93315-4e74-41b2-84a7-f597e1c55207,64BY,,0,0,1606766263742,0,0
plugin_ios_activity_recognition,"[""stationary""]",0,2,0,aff93315-4e74-41b2-84a7-f597e1c55207,64BY,,0,1,1606766264427,0,0
plugin_ios_activity_recognition,,0,2,0,aff93315-4e74-41b2-84a7-f597e1c55207,64BY,,0,0,1606766273751,0,0
plugin_ios_activity_recognition,"[""walking""]",0,1,0,aff93315-4e74-41b2-84a7-f597e1c55207,64BY,,0,0,1606766285335,0,1
plugin_ios_activity_recognition,"[""walking""]",0,2,0,aff93315-4e74-41b2-84a7-f597e1c55207,64BY,,0,0,1606766290476,0,1
plugin_ios_activity_recognition,"[""stationary""]",0,2,0,aff93315-4e74-41b2-84a7-f597e1c55207,64BY,,0,1,1606766297545,0,0
plugin_ios_activity_recognition,,0,2,0,aff93315-4e74-41b2-84a7-f597e1c55207,64BY,,0,0,1606766301081,0,0
plugin_ios_activity_recognition,"[""stationary""]",0,2,0,aff93315-4e74-41b2-84a7-f597e1c55207,64BY,,0,1,1606766314265,0,0
plugin_ios_activity_recognition,,0,2,0,aff93315-4e74-41b2-84a7-f597e1c55207,64BY,,0,0,1606766348027,0,0
plugin_ios_activity_recognition,"[""walking""]",0,1,0,aff93315-4e74-41b2-84a7-f597e1c55207,64BY,,0,0,1606766383088,0,1
plugin_ios_activity_recognition,"[""stationary""]",0,2,0,aff93315-4e74-41b2-84a7-f597e1c55207,64BY,,0,1,1606766401403,0,0
plugin_ios_activity_recognition,"[""walking""]",0,2,0,aff93315-4e74-41b2-84a7-f597e1c55207,64BY,,0,0,1606766412657,0,1
plugin_ios_activity_recognition,"[""stationary""]",0,2,0,aff93315-4e74-41b2-84a7-f597e1c55207,64BY,,0,1,1606766416201,0,0
plugin_ios_activity_recognition,"[""walking""]",0,2,0,aff93315-4e74-41b2-84a7-f597e1c55207,64BY,,0,0,1606766424226,0,1
plugin_ios_activity_recognition,"[""stationary""]",0,2,0,aff93315-4e74-41b2-84a7-f597e1c55207,64BY,,0,1,1606766430979,0,0
plugin_ios_activity_recognition,"[""walking""]",0,2,0,aff93315-4e74-41b2-84a7-f597e1c55207,64BY,,0,0,1606766434195,0,1
plugin_ios_activity_recognition,"[""walking""]",0,2,0,aff93315-4e74-41b2-84a7-f597e1c55207,64BY,,0,0,1606766443840,0,1
plugin_ios_activity_recognition,"[""stationary""]",0,2,0,aff93315-4e74-41b2-84a7-f597e1c55207,64BY,,0,1,1606766444805,0,0
plugin_ios_activity_recognition,,0,2,0,aff93315-4e74-41b2-84a7-f597e1c55207,64BY,,0,0,1606766460519,0,0
plugin_ios_activity_recognition,"[""stationary""]",0,2,0,aff93315-4e74-41b2-84a7-f597e1c55207,64BY,,0,1,1606766466949,0,0
plugin_ios_activity_recognition,,0,2,0,aff93315-4e74-41b2-84a7-f597e1c55207,64BY,,0,0,1606766510290,0,0
plugin_ios_activity_recognition,"[""stationary""]",0,2,0,aff93315-4e74-41b2-84a7-f597e1c55207,64BY,,0,1,1606766514151,0,0
plugin_ios_activity_recognition,,0,2,0,aff93315-4e74-41b2-84a7-f597e1c55207,64BY,,0,0,1606766593241,0,0
plugin_ios_activity_recognition,"[""walking""]",0,1,0,aff93315-4e74-41b2-84a7-f597e1c55207,64BY,,0,0,1606766596139,0,1
plugin_ios_activity_recognition,"[""walking""]",0,2,0,aff93315-4e74-41b2-84a7-f597e1c55207,64BY,,0,0,1606766603861,0,1
plugin_ios_activity_recognition,"[""walking""]",0,2,0,aff93315-4e74-41b2-84a7-f597e1c55207,64BY,,0,0,1606766624046,0,1
plugin_ios_activity_recognition,,0,2,0,aff93315-4e74-41b2-84a7-f597e1c55207,64BY,,0,0,1606766655295,0,0
plugin_ios_activity_recognition,"[""walking""]",0,1,0,aff93315-4e74-41b2-84a7-f597e1c55207,64BY,,0,0,1606766799346,0,1
plugin_ios_activity_recognition,"[""walking""]",0,2,0,aff93315-4e74-41b2-84a7-f597e1c55207,64BY,,0,0,1606766802555,0,1
plugin_ios_activity_recognition,"[""walking""]",0,2,0,aff93315-4e74-41b2-84a7-f597e1c55207,64BY,,0,0,1606766803747,0,1
plugin_ios_activity_recognition,"[""stationary""]",0,2,0,aff93315-4e74-41b2-84a7-f597e1c55207,64BY,,0,1,1606766808986,0,0
plugin_ios_activity_recognition,"[""walking""]",0,2,0,aff93315-4e74-41b2-84a7-f597e1c55207,64BY,,0,0,1606766809308,0,1
plugin_ios_activity_recognition,"[""stationary""]",0,2,0,aff93315-4e74-41b2-84a7-f597e1c55207,64BY,,0,1,1606766824419,0,0
plugin_ios_activity_recognition,"[""walking""]",0,2,0,aff93315-4e74-41b2-84a7-f597e1c55207,64BY,,0,0,1606766825066,0,1
plugin_ios_activity_recognition,"[""stationary""]",0,2,0,aff93315-4e74-41b2-84a7-f597e1c55207,64BY,,0,1,1606766830527,0,0
plugin_ios_activity_recognition,"[""walking""]",0,2,0,aff93315-4e74-41b2-84a7-f597e1c55207,64BY,,0,0,1606766835993,0,1
plugin_ios_activity_recognition,"[""stationary""]",0,2,0,aff93315-4e74-41b2-84a7-f597e1c55207,64BY,,0,1,1606766840816,0,0
plugin_ios_activity_recognition,"[""walking""]",0,2,0,aff93315-4e74-41b2-84a7-f597e1c55207,64BY,,0,0,1606766842745,0,1
plugin_ios_activity_recognition,,0,2,0,aff93315-4e74-41b2-84a7-f597e1c55207,64BY,,0,0,1606766853997,0,0
plugin_ios_activity_recognition,"[""stationary""]",0,2,0,aff93315-4e74-41b2-84a7-f597e1c55207,64BY,,0,1,1606766857534,0,0
plugin_ios_activity_recognition,,0,2,0,aff93315-4e74-41b2-84a7-f597e1c55207,64BY,,0,0,1606766859463,0,0
plugin_ios_activity_recognition,"[""walking""]",0,1,0,aff93315-4e74-41b2-84a7-f597e1c55207,64BY,,0,0,1606766920232,0,1
plugin_ios_activity_recognition,"[""walking""]",0,2,0,aff93315-4e74-41b2-84a7-f597e1c55207,64BY,,0,0,1606766925376,0,1
plugin_ios_activity_recognition,"[""stationary""]",0,2,0,aff93315-4e74-41b2-84a7-f597e1c55207,64BY,,0,1,1606766941124,0,0
plugin_ios_activity_recognition,"[""walking""]",0,2,0,aff93315-4e74-41b2-84a7-f597e1c55207,64BY,,0,0,1606766943377,0,1
plugin_ios_activity_recognition,,0,2,0,aff93315-4e74-41b2-84a7-f597e1c55207,64BY,,0,0,1606766976814,0,0
plugin_ios_activity_recognition,,0,2,0,aff93315-4e74-41b2-84a7-f597e1c55207,64BY,,0,0,1606766983776,0,0
plugin_ios_activity_recognition,"[""stationary""]",0,2,0,aff93315-4e74-41b2-84a7-f597e1c55207,64BY,,0,1,1606767018282,0,0
plugin_ios_activity_recognition,,0,2,0,aff93315-4e74-41b2-84a7-f597e1c55207,64BY,,0,0,1606767022139,0,0
plugin_ios_activity_recognition,"[""stationary""]",0,2,0,aff93315-4e74-41b2-84a7-f597e1c55207,64BY,,0,1,1606767038214,0,0
plugin_ios_activity_recognition,,0,2,0,aff93315-4e74-41b2-84a7-f597e1c55207,64BY,,0,0,1606767039178,0,0
plugin_ios_activity_recognition,"[""stationary""]",0,2,0,aff93315-4e74-41b2-84a7-f597e1c55207,64BY,,0,1,1606767098653,0,0
plugin_ios_activity_recognition,,0,2,0,aff93315-4e74-41b2-84a7-f597e1c55207,64BY,,0,0,1606767105726,0,0
plugin_ios_activity_recognition,"[""walking""]",0,2,0,aff93315-4e74-41b2-84a7-f597e1c55207,64BY,,0,0,1606767149132,0,1
plugin_ios_activity_recognition,"[""walking""]",0,2,0,aff93315-4e74-41b2-84a7-f597e1c55207,64BY,,0,0,1606767163751,0,1
plugin_ios_activity_recognition,"[""stationary""]",0,2,0,aff93315-4e74-41b2-84a7-f597e1c55207,64BY,,0,1,1606767224353,0,0
plugin_ios_activity_recognition,"[""walking""]",0,2,0,aff93315-4e74-41b2-84a7-f597e1c55207,64BY,,0,0,1606767225639,0,1
plugin_ios_activity_recognition,,0,2,0,aff93315-4e74-41b2-84a7-f597e1c55207,64BY,,0,0,1606767239462,0,0
plugin_ios_activity_recognition,"[""walking""]",0,2,0,aff93315-4e74-41b2-84a7-f597e1c55207,64BY,,0,0,1606767280300,0,1
plugin_ios_activity_recognition,,0,2,0,aff93315-4e74-41b2-84a7-f597e1c55207,64BY,,0,0,1606767318870,0,0
plugin_ios_activity_recognition,"[""walking""]",0,1,0,aff93315-4e74-41b2-84a7-f597e1c55207,64BY,,0,0,1606767326587,0,1
plugin_ios_activity_recognition,"[""walking""]",0,2,0,aff93315-4e74-41b2-84a7-f597e1c55207,64BY,,0,0,1606767334302,0,1
plugin_ios_activity_recognition,"[""walking""]",0,2,0,aff93315-4e74-41b2-84a7-f597e1c55207,64BY,,0,0,1606767343752,0,1
plugin_ios_activity_recognition,,0,2,0,aff93315-4e74-41b2-84a7-f597e1c55207,64BY,,0,0,1606767452620,0,0
plugin_ios_activity_recognition,"[""walking""]",0,1,0,aff93315-4e74-41b2-84a7-f597e1c55207,64BY,,0,0,1606767491197,0,1
plugin_ios_activity_recognition,"[""walking""]",0,2,0,aff93315-4e74-41b2-84a7-f597e1c55207,64BY,,0,0,1606767496341,0,1
plugin_ios_activity_recognition,"[""walking""]",0,2,0,aff93315-4e74-41b2-84a7-f597e1c55207,64BY,,0,0,1606767524179,0,1
plugin_ios_activity_recognition,,0,2,0,aff93315-4e74-41b2-84a7-f597e1c55207,64BY,,0,0,1606767635218,0,0
plugin_ios_activity_recognition,"[""walking""]",0,1,0,aff93315-4e74-41b2-84a7-f597e1c55207,64BY,,0,0,1606767640362,0,1
plugin_ios_activity_recognition,"[""walking""]",0,2,0,aff93315-4e74-41b2-84a7-f597e1c55207,64BY,,0,0,1606767650642,0,1
plugin_ios_activity_recognition,"[""walking""]",0,2,0,aff93315-4e74-41b2-84a7-f597e1c55207,64BY,,0,0,1606767703742,0,1
plugin_ios_activity_recognition,,0,2,0,aff93315-4e74-41b2-84a7-f597e1c55207,64BY,,0,0,1606767763818,0,0
plugin_ios_activity_recognition,"[""stationary""]",0,2,0,aff93315-4e74-41b2-84a7-f597e1c55207,64BY,,0,1,1606767797573,0,0
plugin_ios_activity_recognition,,0,2,0,aff93315-4e74-41b2-84a7-f597e1c55207,64BY,,0,0,1606767803039,0,0
plugin_ios_activity_recognition,"[""stationary""]",0,2,0,aff93315-4e74-41b2-84a7-f597e1c55207,64BY,,0,1,1606767815260,0,0
plugin_ios_activity_recognition,"[""stationary""]",0,2,0,aff93315-4e74-41b2-84a7-f597e1c55207,64BY,,0,1,1606767883805,0,0
plugin_ios_activity_recognition,"[""stationary""]",0,2,0,aff93315-4e74-41b2-84a7-f597e1c55207,64BY,,0,1,1606768063747,0,0
plugin_ios_activity_recognition,"[""stationary""]",0,2,0,aff93315-4e74-41b2-84a7-f597e1c55207,64BY,supplement,0,1,1606768243747,0,0
plugin_ios_activity_recognition,"[""stationary""]",0,2,0,aff93315-4e74-41b2-84a7-f597e1c55207,64BY,,0,1,1606768243771,0,0
plugin_ios_activity_recognition,"[""stationary""]",0,2,0,aff93315-4e74-41b2-84a7-f597e1c55207,64BY,supplement,0,1,1606768423747,0,0
plugin_ios_activity_recognition,"[""stationary""]",0,2,0,aff93315-4e74-41b2-84a7-f597e1c55207,64BY,supplement,0,1,1606768423771,0,0
plugin_ios_activity_recognition,"[""stationary""]",0,2,0,aff93315-4e74-41b2-84a7-f597e1c55207,64BY,,0,1,1606768424092,0,0
plugin_ios_activity_recognition,"[""stationary""]",0,2,0,aff93315-4e74-41b2-84a7-f597e1c55207,64BY,,0,1,1606768603745,0,0
plugin_ios_activity_recognition,"[""stationary""]",0,2,0,aff93315-4e74-41b2-84a7-f597e1c55207,64BY,supplement,0,1,1606768603771,0,0
plugin_ios_activity_recognition,"[""stationary""]",0,2,0,aff93315-4e74-41b2-84a7-f597e1c55207,64BY,supplement,0,1,1606768783745,0,0
plugin_ios_activity_recognition,"[""stationary""]",0,2,0,aff93315-4e74-41b2-84a7-f597e1c55207,64BY,,0,1,1606768783747,0,0
plugin_ios_activity_recognition,"[""stationary""]",0,2,0,aff93315-4e74-41b2-84a7-f597e1c55207,64BY,supplement,0,1,1606768963745,0,0
plugin_ios_activity_recognition,"[""stationary""]",0,2,0,aff93315-4e74-41b2-84a7-f597e1c55207,64BY,,0,1,1606768963746,0,0
plugin_ios_activity_recognition,"[""stationary""]",0,2,0,aff93315-4e74-41b2-84a7-f597e1c55207,64BY,supplement,0,1,1606769143746,0,0
plugin_ios_activity_recognition,"[""stationary""]",0,2,0,aff93315-4e74-41b2-84a7-f597e1c55207,64BY,,0,1,1606769143770,0,0
plugin_ios_activity_recognition,"[""stationary""]",0,2,0,aff93315-4e74-41b2-84a7-f597e1c55207,64BY,supplement,0,1,1606769323746,0,0
plugin_ios_activity_recognition,"[""stationary""]",0,2,0,aff93315-4e74-41b2-84a7-f597e1c55207,64BY,supplement,0,1,1606769323770,0,0
plugin_ios_activity_recognition,"[""stationary""]",0,2,0,aff93315-4e74-41b2-84a7-f597e1c55207,64BY,,0,1,1606769324097,0,0
plugin_ios_activity_recognition,,0,2,0,aff93315-4e74-41b2-84a7-f597e1c55207,64BY,,0,0,1606769361924,0,0
plugin_ios_activity_recognition,"[""walking""]",0,1,0,aff93315-4e74-41b2-84a7-f597e1c55207,64BY,,0,0,1606769367069,0,1
plugin_ios_activity_recognition,"[""walking""]",0,2,0,aff93315-4e74-41b2-84a7-f597e1c55207,64BY,,0,0,1606769372212,0,1
plugin_ios_activity_recognition,"[""stationary""]",0,2,0,aff93315-4e74-41b2-84a7-f597e1c55207,64BY,,0,1,1606769430064,0,0
plugin_ios_activity_recognition,,0,2,0,aff93315-4e74-41b2-84a7-f597e1c55207,64BY,,0,0,1606769433925,0,0
plugin_ios_activity_recognition,"[""stationary""]",0,2,0,aff93315-4e74-41b2-84a7-f597e1c55207,64BY,,0,1,1606769444210,0,0
plugin_ios_activity_recognition,,0,2,0,aff93315-4e74-41b2-84a7-f597e1c55207,64BY,,0,0,1606769444849,0,0
plugin_ios_activity_recognition,,0,2,0,aff93315-4e74-41b2-84a7-f597e1c55207,64BY,,0,0,1606769503743,0,0
plugin_ios_activity_recognition,"[""stationary""]",0,2,0,aff93315-4e74-41b2-84a7-f597e1c55207,64BY,supplement,0,1,1606769503770,0,0
plugin_ios_activity_recognition,"[""stationary""]",0,2,0,aff93315-4e74-41b2-84a7-f597e1c55207,64BY,,0,1,1606769517172,0,0
plugin_ios_activity_recognition,,0,2,0,aff93315-4e74-41b2-84a7-f597e1c55207,64BY,,0,0,1606769520386,0,0
plugin_ios_activity_recognition,"[""walking""]",0,1,0,aff93315-4e74-41b2-84a7-f597e1c55207,64BY,,0,0,1606769629358,0,1
plugin_ios_activity_recognition,"[""stationary""]",0,2,0,aff93315-4e74-41b2-84a7-f597e1c55207,64BY,,0,1,1606769642219,0,0
plugin_ios_activity_recognition,"[""stationary""]",0,2,0,aff93315-4e74-41b2-84a7-f597e1c55207,64BY,,0,1,1606769683769,0,0
plugin_ios_activity_recognition,,0,2,0,aff93315-4e74-41b2-84a7-f597e1c55207,64BY,,0,0,1606769697933,0,0
plugin_ios_activity_recognition,"[""stationary""]",0,2,0,aff93315-4e74-41b2-84a7-f597e1c55207,64BY,,0,1,1606769702437,0,0
plugin_ios_activity_recognition,,0,2,0,aff93315-4e74-41b2-84a7-f597e1c55207,64BY,,0,0,1606769732230,0,0
plugin_ios_activity_recognition,"[""walking""]",0,1,0,aff93315-4e74-41b2-84a7-f597e1c55207,64BY,,0,0,1606769737057,0,1
plugin_ios_activity_recognition,"[""walking""]",0,2,0,aff93315-4e74-41b2-84a7-f597e1c55207,64BY,,0,0,1606769745731,0,1
plugin_ios_activity_recognition,"[""stationary""]",0,2,0,aff93315-4e74-41b2-84a7-f597e1c55207,64BY,,0,1,1606769764698,0,0
plugin_ios_activity_recognition,,0,2,0,aff93315-4e74-41b2-84a7-f597e1c55207,64BY,,0,0,1606769813052,0,0
plugin_ios_activity_recognition,,0,2,0,aff93315-4e74-41b2-84a7-f597e1c55207,64BY,,0,0,1606769863750,0,0
plugin_ios_activity_recognition,"[""walking""]",0,1,0,aff93315-4e74-41b2-84a7-f597e1c55207,64BY,,0,0,1606769888601,0,1
plugin_ios_activity_recognition,"[""walking""]",0,2,0,aff93315-4e74-41b2-84a7-f597e1c55207,64BY,,0,0,1606769893741,0,1
plugin_ios_activity_recognition,,0,2,0,aff93315-4e74-41b2-84a7-f597e1c55207,64BY,,0,0,1606769968314,0,0
plugin_ios_activity_recognition,,0,2,0,aff93315-4e74-41b2-84a7-f597e1c55207,64BY,,0,0,1606770043746,0,0
plugin_ios_activity_recognition,"[""walking""]",0,2,0,aff93315-4e74-41b2-84a7-f597e1c55207,64BY,,0,0,1606770058324,0,1
plugin_ios_activity_recognition,,0,2,0,aff93315-4e74-41b2-84a7-f597e1c55207,64BY,,0,0,1606770150895,0,0
plugin_ios_activity_recognition,"[""walking""]",0,1,0,aff93315-4e74-41b2-84a7-f597e1c55207,64BY,,0,0,1606770179185,0,1
plugin_ios_activity_recognition,"[""walking""]",0,2,0,aff93315-4e74-41b2-84a7-f597e1c55207,64BY,,0,0,1606770210048,0,1
plugin_ios_activity_recognition,"[""walking""]",0,2,0,aff93315-4e74-41b2-84a7-f597e1c55207,64BY,,0,0,1606770224209,0,1
plugin_ios_activity_recognition,,0,2,0,aff93315-4e74-41b2-84a7-f597e1c55207,64BY,,0,0,1606770271767,0,0
plugin_ios_activity_recognition,"[""walking""]",0,1,0,aff93315-4e74-41b2-84a7-f597e1c55207,64BY,,0,0,1606770279481,0,1
plugin_ios_activity_recognition,"[""walking""]",0,2,0,aff93315-4e74-41b2-84a7-f597e1c55207,64BY,,0,0,1606770282053,0,1
plugin_ios_activity_recognition,,0,2,0,aff93315-4e74-41b2-84a7-f597e1c55207,64BY,,0,0,1606770348912,0,0
plugin_ios_activity_recognition,"[""stationary""]",0,2,0,aff93315-4e74-41b2-84a7-f597e1c55207,64BY,,0,1,1606770370124,0,0
plugin_ios_activity_recognition,,0,2,0,aff93315-4e74-41b2-84a7-f597e1c55207,64BY,,0,0,1606770371731,0,0
plugin_ios_activity_recognition,"[""stationary""]",0,2,0,aff93315-4e74-41b2-84a7-f597e1c55207,64BY,,0,1,1606770378160,0,0
plugin_ios_activity_recognition,,0,2,0,aff93315-4e74-41b2-84a7-f597e1c55207,64BY,,0,0,1606770386197,0,0
plugin_ios_activity_recognition,,0,2,0,aff93315-4e74-41b2-84a7-f597e1c55207,64BY,,0,0,1606770403758,0,0
plugin_ios_activity_recognition,"[""stationary""]",0,2,0,aff93315-4e74-41b2-84a7-f597e1c55207,64BY,,0,1,1606770497418,0,0
plugin_ios_activity_recognition,,0,2,0,aff93315-4e74-41b2-84a7-f597e1c55207,64BY,,0,0,1606770509955,0,0
plugin_ios_activity_recognition,,0,2,0,aff93315-4e74-41b2-84a7-f597e1c55207,64BY,,0,0,1606770583759,0,0
plugin_ios_activity_recognition,"[""stationary""]",0,2,0,aff93315-4e74-41b2-84a7-f597e1c55207,64BY,,0,1,1606770598357,0,0
plugin_ios_activity_recognition,,0,2,0,aff93315-4e74-41b2-84a7-f597e1c55207,64BY,,0,0,1606770603175,0,0
plugin_ios_activity_recognition,"[""walking""]",0,2,0,aff93315-4e74-41b2-84a7-f597e1c55207,64BY,,0,0,1606770706367,0,1
plugin_ios_activity_recognition,"[""walking""]",0,2,0,aff93315-4e74-41b2-84a7-f597e1c55207,64BY,,0,0,1606770763737,0,1
plugin_ios_activity_recognition,,0,2,0,aff93315-4e74-41b2-84a7-f597e1c55207,64BY,,0,0,1606770768722,0,0
plugin_ios_activity_recognition,"[""walking""]",0,2,0,aff93315-4e74-41b2-84a7-f597e1c55207,64BY,,0,0,1606770878664,0,1
plugin_ios_activity_recognition,,0,2,0,aff93315-4e74-41b2-84a7-f597e1c55207,64BY,,0,0,1606770942952,0,0
plugin_ios_activity_recognition,,0,2,0,aff93315-4e74-41b2-84a7-f597e1c55207,64BY,,0,0,1606770943757,0,0
plugin_ios_activity_recognition,"[""stationary""]",0,2,0,aff93315-4e74-41b2-84a7-f597e1c55207,64BY,,0,1,1606770968343,0,0
plugin_ios_activity_recognition,,0,2,0,aff93315-4e74-41b2-84a7-f597e1c55207,64BY,,0,0,1606770975093,0,0
plugin_ios_activity_recognition,"[""stationary""]",0,2,0,aff93315-4e74-41b2-84a7-f597e1c55207,64BY,,0,1,1606770985380,0,0
plugin_ios_activity_recognition,,0,2,0,aff93315-4e74-41b2-84a7-f597e1c55207,64BY,,0,0,1606770989558,0,0
plugin_ios_activity_recognition,"[""stationary""]",0,2,0,aff93315-4e74-41b2-84a7-f597e1c55207,64BY,,0,1,1606771011417,0,0
plugin_ios_activity_recognition,,0,2,0,aff93315-4e74-41b2-84a7-f597e1c55207,64BY,,0,0,1606771023311,0,0
plugin_ios_activity_recognition,"[""stationary""]",0,2,0,aff93315-4e74-41b2-84a7-f597e1c55207,64BY,,0,1,1606771038101,0,0
plugin_ios_activity_recognition,,0,2,0,aff93315-4e74-41b2-84a7-f597e1c55207,64BY,,0,0,1606771041634,0,0
plugin_ios_activity_recognition,"[""stationary""]",0,2,0,aff93315-4e74-41b2-84a7-f597e1c55207,64BY,,0,1,1606771046777,0,0
plugin_ios_activity_recognition,,0,2,0,aff93315-4e74-41b2-84a7-f597e1c55207,64BY,,0,0,1606771049670,0,0
plugin_ios_activity_recognition,"[""stationary""]",0,2,0,aff93315-4e74-41b2-84a7-f597e1c55207,64BY,,0,1,1606771062528,0,0
plugin_ios_activity_recognition,,0,2,0,aff93315-4e74-41b2-84a7-f597e1c55207,64BY,,0,0,1606771066707,0,0
plugin_ios_activity_recognition,"[""stationary""]",0,2,0,aff93315-4e74-41b2-84a7-f597e1c55207,64BY,,0,1,1606771073458,0,0
plugin_ios_activity_recognition,,0,2,0,aff93315-4e74-41b2-84a7-f597e1c55207,64BY,,0,0,1606771074744,0,0
plugin_ios_activity_recognition,,0,2,0,aff93315-4e74-41b2-84a7-f597e1c55207,64BY,,0,0,1606771124080,0,0
plugin_ios_activity_recognition,"[""walking""]",0,1,0,aff93315-4e74-41b2-84a7-f597e1c55207,64BY,,0,0,1606771130681,0,1
plugin_ios_activity_recognition,"[""walking""]",0,2,0,aff93315-4e74-41b2-84a7-f597e1c55207,64BY,,0,0,1606771133251,0,1
plugin_ios_activity_recognition,,0,2,0,aff93315-4e74-41b2-84a7-f597e1c55207,64BY,,0,0,1606771184684,0,0
plugin_ios_activity_recognition,"[""walking""]",0,1,0,aff93315-4e74-41b2-84a7-f597e1c55207,64BY,,0,0,1606771266982,0,1
plugin_ios_activity_recognition,"[""walking""]",0,2,0,aff93315-4e74-41b2-84a7-f597e1c55207,64BY,,0,0,1606771269550,0,1
plugin_ios_activity_recognition,"[""walking""]",0,2,0,aff93315-4e74-41b2-84a7-f597e1c55207,64BY,,0,0,1606771303734,0,1
plugin_ios_activity_recognition,,0,2,0,aff93315-4e74-41b2-84a7-f597e1c55207,64BY,,0,0,1606771346696,0,0
plugin_ios_activity_recognition,"[""stationary""]",0,2,0,aff93315-4e74-41b2-84a7-f597e1c55207,64BY,,0,1,1606771423845,0,0
plugin_ios_activity_recognition,,0,2,0,aff93315-4e74-41b2-84a7-f597e1c55207,64BY,,0,0,1606771425771,0,0
plugin_ios_activity_recognition,"[""stationary""]",0,2,0,aff93315-4e74-41b2-84a7-f597e1c55207,64BY,,0,1,1606771440558,0,0
plugin_ios_activity_recognition,,0,2,0,aff93315-4e74-41b2-84a7-f597e1c55207,64BY,,0,0,1606771443772,0,0
plugin_ios_activity_recognition,,0,2,0,aff93315-4e74-41b2-84a7-f597e1c55207,64BY,,0,0,1606771483754,0,0
plugin_ios_activity_recognition,"[""stationary""]",0,2,0,aff93315-4e74-41b2-84a7-f597e1c55207,64BY,,0,1,1606771648217,0,0
plugin_ios_activity_recognition,,0,2,0,aff93315-4e74-41b2-84a7-f597e1c55207,64BY,,0,0,1606771653360,0,0
plugin_ios_activity_recognition,,0,2,0,aff93315-4e74-41b2-84a7-f597e1c55207,64BY,,0,0,1606771663753,0,0
plugin_ios_activity_recognition,"[""stationary""]",0,2,0,aff93315-4e74-41b2-84a7-f597e1c55207,64BY,,0,1,1606771737903,0,0
plugin_ios_activity_recognition,,0,2,0,aff93315-4e74-41b2-84a7-f597e1c55207,64BY,,0,0,1606771744011,0,0
plugin_ios_activity_recognition,,0,2,0,aff93315-4e74-41b2-84a7-f597e1c55207,64BY,,0,0,1606771843752,0,0
plugin_ios_activity_recognition,"[""stationary""]",0,2,0,aff93315-4e74-41b2-84a7-f597e1c55207,64BY,,0,1,1606771862627,0,0
plugin_ios_activity_recognition,,0,2,0,aff93315-4e74-41b2-84a7-f597e1c55207,64BY,,0,0,1606771870652,0,0
plugin_ios_activity_recognition,"[""stationary""]",0,2,0,aff93315-4e74-41b2-84a7-f597e1c55207,64BY,,0,1,1606771885439,0,0
plugin_ios_activity_recognition,,0,2,0,aff93315-4e74-41b2-84a7-f597e1c55207,64BY,,0,0,1606771895699,0,0
plugin_ios_activity_recognition,"[""stationary""]",0,2,0,aff93315-4e74-41b2-84a7-f597e1c55207,64BY,,0,1,1606771901485,0,0
plugin_ios_activity_recognition,,0,2,0,aff93315-4e74-41b2-84a7-f597e1c55207,64BY,,0,0,1606771905021,0,0
plugin_ios_activity_recognition,"[""stationary""]",0,2,0,aff93315-4e74-41b2-84a7-f597e1c55207,64BY,,0,1,1606771931380,0,0
plugin_ios_activity_recognition,,0,2,0,aff93315-4e74-41b2-84a7-f597e1c55207,64BY,,0,0,1606771944544,0,0
plugin_ios_activity_recognition,"[""stationary""]",0,2,0,aff93315-4e74-41b2-84a7-f597e1c55207,64BY,,0,1,1606771950977,0,0
plugin_ios_activity_recognition,,0,2,0,aff93315-4e74-41b2-84a7-f597e1c55207,64BY,,0,0,1606771952581,0,0
plugin_ios_activity_recognition,"[""stationary""]",0,2,0,aff93315-4e74-41b2-84a7-f597e1c55207,64BY,,0,1,1606772015908,0,0
plugin_ios_activity_recognition,,0,2,0,aff93315-4e74-41b2-84a7-f597e1c55207,64BY,,0,0,1606772019765,0,0
plugin_ios_activity_recognition,,0,2,0,aff93315-4e74-41b2-84a7-f597e1c55207,64BY,,0,0,1606772024167,0,0
plugin_ios_activity_recognition,"[""stationary""]",0,2,0,aff93315-4e74-41b2-84a7-f597e1c55207,64BY,,0,1,1606772048700,0,0
plugin_ios_activity_recognition,,0,2,0,aff93315-4e74-41b2-84a7-f597e1c55207,64BY,,0,0,1606772051590,0,0
plugin_ios_activity_recognition,"[""stationary""]",0,2,0,aff93315-4e74-41b2-84a7-f597e1c55207,64BY,,0,1,1606772176315,0,0
plugin_ios_activity_recognition,,0,2,0,aff93315-4e74-41b2-84a7-f597e1c55207,64BY,,0,0,1606772178566,0,0
plugin_ios_activity_recognition,"[""stationary""]",0,2,0,aff93315-4e74-41b2-84a7-f597e1c55207,64BY,,0,1,1606772184673,0,0
plugin_ios_activity_recognition,,0,2,0,aff93315-4e74-41b2-84a7-f597e1c55207,64BY,,0,0,1606772186602,0,0
plugin_ios_activity_recognition,,0,2,0,aff93315-4e74-41b2-84a7-f597e1c55207,64BY,,0,0,1606772203729,0,0
plugin_ios_activity_recognition,"[""stationary""]",0,2,0,aff93315-4e74-41b2-84a7-f597e1c55207,64BY,,0,1,1606772272752,0,0
plugin_ios_activity_recognition,,0,2,0,aff93315-4e74-41b2-84a7-f597e1c55207,64BY,,0,0,1606772273717,0,0
plugin_ios_activity_recognition,"[""stationary""]",0,2,0,aff93315-4e74-41b2-84a7-f597e1c55207,64BY,,0,1,1606772297183,0,0
plugin_ios_activity_recognition,,0,2,0,aff93315-4e74-41b2-84a7-f597e1c55207,64BY,,0,0,1606772298469,0,0
plugin_ios_activity_recognition,"[""stationary""]",0,2,0,aff93315-4e74-41b2-84a7-f597e1c55207,64BY,,0,1,1606772337366,0,0
plugin_ios_activity_recognition,,0,2,0,aff93315-4e74-41b2-84a7-f597e1c55207,64BY,,0,0,1606772339298,0,0
plugin_ios_activity_recognition,"[""stationary""]",0,2,0,aff93315-4e74-41b2-84a7-f597e1c55207,64BY,,0,1,1606772343151,0,0
plugin_ios_activity_recognition,,0,2,0,aff93315-4e74-41b2-84a7-f597e1c55207,64BY,,0,0,1606772345402,0,0
plugin_ios_activity_recognition,,0,2,0,aff93315-4e74-41b2-84a7-f597e1c55207,64BY,,0,0,1606772383722,0,0
plugin_ios_activity_recognition,"[""stationary""]",0,2,0,aff93315-4e74-41b2-84a7-f597e1c55207,64BY,,0,1,1606772388799,0,0
plugin_ios_activity_recognition,,0,2,0,aff93315-4e74-41b2-84a7-f597e1c55207,64BY,,0,0,1606772393621,0,0
plugin_ios_activity_recognition,"[""stationary""]",0,2,0,aff93315-4e74-41b2-84a7-f597e1c55207,64BY,,0,1,1606772417730,0,0
plugin_ios_activity_recognition,,0,2,0,aff93315-4e74-41b2-84a7-f597e1c55207,64BY,,0,0,1606772420302,0,0
plugin_ios_activity_recognition,"[""stationary""]",0,2,0,aff93315-4e74-41b2-84a7-f597e1c55207,64BY,,0,1,1606772478808,0,0
plugin_ios_activity_recognition,,0,2,0,aff93315-4e74-41b2-84a7-f597e1c55207,64BY,,0,0,1606772479772,0,0
plugin_ios_activity_recognition,"[""stationary""]",0,2,0,aff93315-4e74-41b2-84a7-f597e1c55207,64BY,,0,1,1606772494560,0,0
plugin_ios_activity_recognition,,0,2,0,aff93315-4e74-41b2-84a7-f597e1c55207,64BY,,0,0,1606772496488,0,0
plugin_ios_activity_recognition,"[""stationary""]",0,2,0,aff93315-4e74-41b2-84a7-f597e1c55207,64BY,,0,1,1606772504846,0,0
plugin_ios_activity_recognition,,0,2,0,aff93315-4e74-41b2-84a7-f597e1c55207,64BY,,0,0,1606772511275,0,0
plugin_ios_activity_recognition,"[""stationary""]",0,2,0,aff93315-4e74-41b2-84a7-f597e1c55207,64BY,,0,1,1606772522526,0,0
plugin_ios_activity_recognition,,0,2,0,aff93315-4e74-41b2-84a7-f597e1c55207,64BY,,0,0,1606772525098,0,0
plugin_ios_activity_recognition,"[""walking""]",0,1,0,aff93315-4e74-41b2-84a7-f597e1c55207,64BY,,0,0,1606772555324,0,1
plugin_ios_activity_recognition,"[""walking""]",0,2,0,aff93315-4e74-41b2-84a7-f597e1c55207,64BY,,0,0,1606772557893,0,1
plugin_ios_activity_recognition,"[""walking""]",0,2,0,aff93315-4e74-41b2-84a7-f597e1c55207,64BY,,0,0,1606772563679,0,1
plugin_ios_activity_recognition,,0,2,0,aff93315-4e74-41b2-84a7-f597e1c55207,64BY,,0,0,1606772619622,0,0
plugin_ios_activity_recognition,,0,2,0,aff93315-4e74-41b2-84a7-f597e1c55207,64BY,,0,0,1606772743820,0,0
plugin_ios_activity_recognition,"[""walking""]",0,1,0,aff93315-4e74-41b2-84a7-f597e1c55207,64BY,,0,0,1606772807379,0,1
plugin_ios_activity_recognition,"[""walking""]",0,2,0,aff93315-4e74-41b2-84a7-f597e1c55207,64BY,,0,0,1606772809951,0,1
plugin_ios_activity_recognition,,0,2,0,aff93315-4e74-41b2-84a7-f597e1c55207,64BY,,0,0,1606772876819,0,0
plugin_ios_activity_recognition,"[""stationary""]",0,2,0,aff93315-4e74-41b2-84a7-f597e1c55207,64BY,,0,1,1606772898355,0,0
plugin_ios_activity_recognition,,0,2,0,aff93315-4e74-41b2-84a7-f597e1c55207,64BY,,0,0,1606772898676,0,0
plugin_ios_activity_recognition,,0,2,0,aff93315-4e74-41b2-84a7-f597e1c55207,64BY,,0,0,1606772924077,0,0
plugin_ios_activity_recognition,"[""stationary""]",0,2,0,aff93315-4e74-41b2-84a7-f597e1c55207,64BY,,0,1,1606772941116,0,0
plugin_ios_activity_recognition,,0,2,0,aff93315-4e74-41b2-84a7-f597e1c55207,64BY,,0,0,1606772942719,0,0
plugin_ios_activity_recognition,"[""walking""]",0,1,0,aff93315-4e74-41b2-84a7-f597e1c55207,64BY,,0,0,1606772961686,0,1
plugin_ios_activity_recognition,"[""walking""]",0,2,0,aff93315-4e74-41b2-84a7-f597e1c55207,64BY,,0,0,1606772969405,0,1
plugin_ios_activity_recognition,"[""stationary""]",0,2,0,aff93315-4e74-41b2-84a7-f597e1c55207,64BY,,0,1,1606772989653,0,0
plugin_ios_activity_recognition,"[""walking""]",0,2,0,aff93315-4e74-41b2-84a7-f597e1c55207,64BY,,0,0,1606772992868,0,1
plugin_ios_activity_recognition,,0,2,0,aff93315-4e74-41b2-84a7-f597e1c55207,64BY,,0,0,1606773020841,0,0
plugin_ios_activity_recognition,,0,2,0,aff93315-4e74-41b2-84a7-f597e1c55207,64BY,,0,0,1606773103747,0,0
plugin_ios_activity_recognition,,0,2,0,aff93315-4e74-41b2-84a7-f597e1c55207,64BY,,0,0,1606773283746,0,0
plugin_ios_activity_recognition,"[""stationary""]",0,2,0,aff93315-4e74-41b2-84a7-f597e1c55207,64BY,,0,1,1606773349059,0,0
plugin_ios_activity_recognition,,0,2,0,aff93315-4e74-41b2-84a7-f597e1c55207,64BY,,0,0,1606773349702,0,0
plugin_ios_activity_recognition,"[""stationary""]",0,2,0,aff93315-4e74-41b2-84a7-f597e1c55207,64BY,,0,1,1606773386350,0,0
plugin_ios_activity_recognition,,0,2,0,aff93315-4e74-41b2-84a7-f597e1c55207,64BY,,0,0,1606773393747,0,0
plugin_ios_activity_recognition,"[""stationary""]",0,2,0,aff93315-4e74-41b2-84a7-f597e1c55207,64BY,,0,1,1606773398244,0,0
plugin_ios_activity_recognition,,0,2,0,aff93315-4e74-41b2-84a7-f597e1c55207,64BY,,0,0,1606773406910,0,0
plugin_ios_activity_recognition,"[""stationary""]",0,2,0,aff93315-4e74-41b2-84a7-f597e1c55207,64BY,,0,1,1606773429413,0,0
plugin_ios_activity_recognition,,0,2,0,aff93315-4e74-41b2-84a7-f597e1c55207,64BY,,0,0,1606773434557,0,0
plugin_ios_activity_recognition,"[""stationary""]",0,2,0,aff93315-4e74-41b2-84a7-f597e1c55207,64BY,,0,1,1606773439379,0,0
plugin_ios_activity_recognition,,0,2,0,aff93315-4e74-41b2-84a7-f597e1c55207,64BY,,0,0,1606773452840,0,0
plugin_ios_activity_recognition,"[""stationary""]",0,2,0,aff93315-4e74-41b2-84a7-f597e1c55207,64BY,,0,1,1606773462802,0,0
plugin_ios_activity_recognition,"[""stationary""]",0,2,0,aff93315-4e74-41b2-84a7-f597e1c55207,64BY,,0,1,1606773463728,0,0
plugin_ios_activity_recognition,,0,2,0,aff93315-4e74-41b2-84a7-f597e1c55207,64BY,,0,0,1606773475953,0,0
plugin_ios_activity_recognition,"[""stationary""]",0,2,0,aff93315-4e74-41b2-84a7-f597e1c55207,64BY,,0,1,1606773485272,0,0
plugin_ios_activity_recognition,,0,2,0,aff93315-4e74-41b2-84a7-f597e1c55207,64BY,,0,0,1606773486559,0,0
plugin_ios_activity_recognition,"[""stationary""]",0,2,0,aff93315-4e74-41b2-84a7-f597e1c55207,64BY,,0,1,1606773490737,0,0
plugin_ios_activity_recognition,,0,2,0,aff93315-4e74-41b2-84a7-f597e1c55207,64BY,,0,0,1606773491702,0,0
plugin_ios_activity_recognition,"[""stationary""]",0,2,0,aff93315-4e74-41b2-84a7-f597e1c55207,64BY,,0,1,1606773497167,0,0
plugin_ios_activity_recognition,,0,2,0,aff93315-4e74-41b2-84a7-f597e1c55207,64BY,,0,0,1606773512545,0,0
plugin_ios_activity_recognition,"[""stationary""]",0,2,0,aff93315-4e74-41b2-84a7-f597e1c55207,64BY,,0,1,1606773522832,0,0
plugin_ios_activity_recognition,,0,2,0,aff93315-4e74-41b2-84a7-f597e1c55207,64BY,,0,0,1606773532149,0,0
plugin_ios_activity_recognition,"[""stationary""]",0,2,0,aff93315-4e74-41b2-84a7-f597e1c55207,64BY,,0,1,1606773537935,0,0
plugin_ios_activity_recognition,,0,2,0,aff93315-4e74-41b2-84a7-f597e1c55207,64BY,,0,0,1606773540189,0,0
plugin_ios_activity_recognition,"[""stationary""]",0,2,0,aff93315-4e74-41b2-84a7-f597e1c55207,64BY,,0,1,1606773546615,0,0
plugin_ios_activity_recognition,,0,2,0,aff93315-4e74-41b2-84a7-f597e1c55207,64BY,,0,0,1606773554652,0,0
plugin_ios_activity_recognition,"[""stationary""]",0,2,0,aff93315-4e74-41b2-84a7-f597e1c55207,64BY,,0,1,1606773570726,0,0
plugin_ios_activity_recognition,,0,2,0,aff93315-4e74-41b2-84a7-f597e1c55207,64BY,,0,0,1606773581952,0,0
plugin_ios_activity_recognition,"[""stationary""]",0,2,0,aff93315-4e74-41b2-84a7-f597e1c55207,64BY,,0,1,1606773589028,0,0
plugin_ios_activity_recognition,,0,2,0,aff93315-4e74-41b2-84a7-f597e1c55207,64BY,,0,0,1606773598026,0,0
plugin_ios_activity_recognition,"[""stationary""]",0,2,0,aff93315-4e74-41b2-84a7-f597e1c55207,64BY,,0,1,1606773601562,0,0
plugin_ios_activity_recognition,,0,2,0,aff93315-4e74-41b2-84a7-f597e1c55207,64BY,,0,0,1606773614410,0,0
plugin_ios_activity_recognition,"[""stationary""]",0,2,0,aff93315-4e74-41b2-84a7-f597e1c55207,64BY,,0,1,1606773623411,0,0
plugin_ios_activity_recognition,,0,2,0,aff93315-4e74-41b2-84a7-f597e1c55207,64BY,,0,0,1606773630166,0,0
plugin_ios_activity_recognition,"[""stationary""]",0,2,0,aff93315-4e74-41b2-84a7-f597e1c55207,64BY,,0,1,1606773637556,0,0
plugin_ios_activity_recognition,"[""stationary""]",0,2,0,aff93315-4e74-41b2-84a7-f597e1c55207,64BY,,0,1,1606773643727,0,0
plugin_ios_activity_recognition,,0,2,0,aff93315-4e74-41b2-84a7-f597e1c55207,64BY,,0,0,1606773657150,0,0
plugin_ios_activity_recognition,"[""stationary""]",0,2,0,aff93315-4e74-41b2-84a7-f597e1c55207,64BY,,0,1,1606773661972,0,0
plugin_ios_activity_recognition,,0,2,0,aff93315-4e74-41b2-84a7-f597e1c55207,64BY,,0,0,1606773667437,0,0
plugin_ios_activity_recognition,"[""stationary""]",0,2,0,aff93315-4e74-41b2-84a7-f597e1c55207,64BY,,0,1,1606773672259,0,0
plugin_ios_activity_recognition,,0,2,0,aff93315-4e74-41b2-84a7-f597e1c55207,64BY,,0,0,1606773685731,0,0
plugin_ios_activity_recognition,"[""stationary""]",0,2,0,aff93315-4e74-41b2-84a7-f597e1c55207,64BY,,0,1,1606773690553,0,0
plugin_ios_activity_recognition,,0,2,0,aff93315-4e74-41b2-84a7-f597e1c55207,64BY,,0,0,1606773697947,0,0
plugin_ios_activity_recognition,"[""walking""]",0,2,0,aff93315-4e74-41b2-84a7-f597e1c55207,64BY,,0,0,1606773717563,0,1
plugin_ios_activity_recognition,,0,2,0,aff93315-4e74-41b2-84a7-f597e1c55207,64BY,,0,0,1606773810144,0,0
plugin_ios_activity_recognition,,0,2,0,aff93315-4e74-41b2-84a7-f597e1c55207,64BY,,0,0,1606773824181,0,0
plugin_ios_activity_recognition,"[""walking""]",0,1,0,aff93315-4e74-41b2-84a7-f597e1c55207,64BY,,0,0,1606773853868,0,1
plugin_ios_activity_recognition,"[""walking""]",0,2,0,aff93315-4e74-41b2-84a7-f597e1c55207,64BY,,0,0,1606773856438,0,1
plugin_ios_activity_recognition,"[""stationary""]",0,2,0,aff93315-4e74-41b2-84a7-f597e1c55207,64BY,,0,1,1606773904651,0,0
plugin_ios_activity_recognition,"[""walking""]",0,2,0,aff93315-4e74-41b2-84a7-f597e1c55207,64BY,,0,0,1606773908187,0,1
plugin_ios_activity_recognition,,0,2,0,aff93315-4e74-41b2-84a7-f597e1c55207,64BY,,0,0,1606773915585,0,0
plugin_ios_activity_recognition,"[""stationary""]",0,2,0,aff93315-4e74-41b2-84a7-f597e1c55207,64BY,,0,1,1606773952549,0,0
plugin_ios_activity_recognition,,0,2,0,aff93315-4e74-41b2-84a7-f597e1c55207,64BY,,0,0,1606773958657,0,0
plugin_ios_activity_recognition,,0,2,0,aff93315-4e74-41b2-84a7-f597e1c55207,64BY,,0,0,1606774003742,0,0
plugin_ios_activity_recognition,"[""stationary""]",0,2,0,aff93315-4e74-41b2-84a7-f597e1c55207,64BY,,0,1,1606774010091,0,0
plugin_ios_activity_recognition,,0,2,0,aff93315-4e74-41b2-84a7-f597e1c55207,64BY,,0,0,1606774010412,0,0
plugin_ios_activity_recognition,"[""stationary""]",0,2,0,aff93315-4e74-41b2-84a7-f597e1c55207,64BY,,0,1,1606774074384,0,0
plugin_ios_activity_recognition,,0,2,0,aff93315-4e74-41b2-84a7-f597e1c55207,64BY,,0,0,1606774077603,0,0
plugin_ios_activity_recognition,"[""stationary""]",0,2,0,aff93315-4e74-41b2-84a7-f597e1c55207,64BY,,0,1,1606774081135,0,0
plugin_ios_activity_recognition,,0,2,0,aff93315-4e74-41b2-84a7-f597e1c55207,64BY,,0,0,1606774084671,0,0
plugin_ios_activity_recognition,"[""stationary""]",0,2,0,aff93315-4e74-41b2-84a7-f597e1c55207,64BY,,0,1,1606774088850,0,0
plugin_ios_activity_recognition,,0,2,0,aff93315-4e74-41b2-84a7-f597e1c55207,64BY,,0,0,1606774092386,0,0
plugin_ios_activity_recognition,"[""stationary""]",0,2,0,aff93315-4e74-41b2-84a7-f597e1c55207,64BY,,0,1,1606774098494,0,0
plugin_ios_activity_recognition,,0,2,0,aff93315-4e74-41b2-84a7-f597e1c55207,64BY,,0,0,1606774099137,0,0
plugin_ios_activity_recognition,"[""stationary""]",0,2,0,aff93315-4e74-41b2-84a7-f597e1c55207,64BY,,0,1,1606774110710,0,0
plugin_ios_activity_recognition,,0,2,0,aff93315-4e74-41b2-84a7-f597e1c55207,64BY,,0,0,1606774114889,0,0
plugin_ios_activity_recognition,"[""stationary""]",0,2,0,aff93315-4e74-41b2-84a7-f597e1c55207,64BY,,0,1,1606774118425,0,0
plugin_ios_activity_recognition,,0,2,0,aff93315-4e74-41b2-84a7-f597e1c55207,64BY,,0,0,1606774121322,0,0
plugin_ios_activity_recognition,"[""stationary""]",0,2,0,aff93315-4e74-41b2-84a7-f597e1c55207,64BY,,0,1,1606774136752,0,0
plugin_ios_activity_recognition,,0,2,0,aff93315-4e74-41b2-84a7-f597e1c55207,64BY,,0,0,1606774147039,0,0
plugin_ios_activity_recognition,"[""stationary""]",0,2,0,aff93315-4e74-41b2-84a7-f597e1c55207,64BY,,0,1,1606774152822,0,0
plugin_ios_activity_recognition,,0,2,0,aff93315-4e74-41b2-84a7-f597e1c55207,64BY,,0,0,1606774154754,0,0
plugin_ios_activity_recognition,"[""stationary""]",0,2,0,aff93315-4e74-41b2-84a7-f597e1c55207,64BY,,0,1,1606774162144,0,0
plugin_ios_activity_recognition,,0,2,0,aff93315-4e74-41b2-84a7-f597e1c55207,64BY,,0,0,1606774162470,0,0
plugin_ios_activity_recognition,"[""stationary""]",0,2,0,aff93315-4e74-41b2-84a7-f597e1c55207,64BY,,0,1,1606774169538,0,0
plugin_ios_activity_recognition,,0,2,0,aff93315-4e74-41b2-84a7-f597e1c55207,64BY,,0,0,1606774171788,0,0
plugin_ios_activity_recognition,"[""stationary""]",0,2,0,aff93315-4e74-41b2-84a7-f597e1c55207,64BY,,0,1,1606774175967,0,0
plugin_ios_activity_recognition,,0,2,0,aff93315-4e74-41b2-84a7-f597e1c55207,64BY,,0,0,1606774180790,0,0
plugin_ios_activity_recognition,,0,2,0,aff93315-4e74-41b2-84a7-f597e1c55207,64BY,,0,0,1606774183742,0,0
plugin_ios_activity_recognition,"[""stationary""]",0,2,0,aff93315-4e74-41b2-84a7-f597e1c55207,64BY,,0,1,1606774201045,0,0
plugin_ios_activity_recognition,,0,2,0,aff93315-4e74-41b2-84a7-f597e1c55207,64BY,,0,0,1606774212936,0,0
plugin_ios_activity_recognition,"[""stationary""]",0,2,0,aff93315-4e74-41b2-84a7-f597e1c55207,64BY,,0,1,1606774232545,0,0
plugin_ios_activity_recognition,,0,2,0,aff93315-4e74-41b2-84a7-f597e1c55207,64BY,,0,0,1606774234153,0,0
plugin_ios_activity_recognition,"[""stationary""]",0,2,0,aff93315-4e74-41b2-84a7-f597e1c55207,64BY,,0,1,1606774275944,0,0
plugin_ios_activity_recognition,,0,2,0,aff93315-4e74-41b2-84a7-f597e1c55207,64BY,,0,0,1606774277872,0,0
plugin_ios_activity_recognition,"[""stationary""]",0,2,0,aff93315-4e74-41b2-84a7-f597e1c55207,64BY,,0,1,1606774299089,0,0
plugin_ios_activity_recognition,,0,2,0,aff93315-4e74-41b2-84a7-f597e1c55207,64BY,,0,0,1606774300696,0,0
plugin_ios_activity_recognition,"[""stationary""]",0,2,0,aff93315-4e74-41b2-84a7-f597e1c55207,64BY,,0,1,1606774310983,0,0
plugin_ios_activity_recognition,,0,2,0,aff93315-4e74-41b2-84a7-f597e1c55207,64BY,,0,0,1606774312591,0,0
plugin_ios_activity_recognition,"[""stationary""]",0,2,0,aff93315-4e74-41b2-84a7-f597e1c55207,64BY,,0,1,1606774328985,0,0
plugin_ios_activity_recognition,,0,2,0,aff93315-4e74-41b2-84a7-f597e1c55207,64BY,,0,0,1606774329949,0,0
plugin_ios_activity_recognition,"[""stationary""]",0,2,0,aff93315-4e74-41b2-84a7-f597e1c55207,64BY,,0,1,1606774334129,0,0
plugin_ios_activity_recognition,,0,2,0,aff93315-4e74-41b2-84a7-f597e1c55207,64BY,,0,0,1606774339919,0,0
plugin_ios_activity_recognition,"[""stationary""]",0,2,0,aff93315-4e74-41b2-84a7-f597e1c55207,64BY,,0,1,1606774343451,0,0
plugin_ios_activity_recognition,,0,2,0,aff93315-4e74-41b2-84a7-f597e1c55207,64BY,,0,0,1606774347952,0,0
plugin_ios_activity_recognition,,0,2,0,aff93315-4e74-41b2-84a7-f597e1c55207,64BY,,0,0,1606774363725,0,0
plugin_ios_activity_recognition,"[""stationary""]",0,2,0,aff93315-4e74-41b2-84a7-f597e1c55207,64BY,,0,1,1606774373351,0,0
plugin_ios_activity_recognition,,0,2,0,aff93315-4e74-41b2-84a7-f597e1c55207,64BY,,0,0,1606774374633,0,0
plugin_ios_activity_recognition,,0,2,0,aff93315-4e74-41b2-84a7-f597e1c55207,64BY,,0,0,1606774543740,0,0
plugin_ios_activity_recognition,"[""walking""]",0,1,0,aff93315-4e74-41b2-84a7-f597e1c55207,64BY,,0,0,1606774640814,0,1
plugin_ios_activity_recognition,"[""walking""]",0,2,0,aff93315-4e74-41b2-84a7-f597e1c55207,64BY,,0,0,1606774643386,0,1
plugin_ios_activity_recognition,,0,2,0,aff93315-4e74-41b2-84a7-f597e1c55207,64BY,,0,0,1606774694820,0,0
plugin_ios_activity_recognition,,0,2,0,aff93315-4e74-41b2-84a7-f597e1c55207,64BY,,0,0,1606774724085,0,0
plugin_ios_activity_recognition,"[""stationary""]",0,2,0,aff93315-4e74-41b2-84a7-f597e1c55207,64BY,,0,1,1606774816007,0,0
plugin_ios_activity_recognition,,0,2,0,aff93315-4e74-41b2-84a7-f597e1c55207,64BY,,0,0,1606774816971,0,0
plugin_ios_activity_recognition,"[""walking""]",0,1,0,aff93315-4e74-41b2-84a7-f597e1c55207,64BY,,0,0,1606774825978,0,1
plugin_ios_activity_recognition,"[""walking""]",0,2,0,aff93315-4e74-41b2-84a7-f597e1c55207,64BY,,0,0,1606774831122,0,1
plugin_ios_activity_recognition,,0,2,0,aff93315-4e74-41b2-84a7-f597e1c55207,64BY,,0,0,1606774882555,0,0
plugin_ios_activity_recognition,,0,2,0,aff93315-4e74-41b2-84a7-f597e1c55207,64BY,,0,0,1606774903723,0,0
plugin_ios_activity_recognition,"[""walking""]",0,1,0,aff93315-4e74-41b2-84a7-f597e1c55207,64BY,,0,0,1606774931419,0,1
plugin_ios_activity_recognition,"[""walking""]",0,2,0,aff93315-4e74-41b2-84a7-f597e1c55207,64BY,,0,0,1606774939134,0,1
plugin_ios_activity_recognition,,0,2,0,aff93315-4e74-41b2-84a7-f597e1c55207,64BY,,0,0,1606775000859,0,0
plugin_ios_activity_recognition,"[""walking""]",0,1,0,aff93315-4e74-41b2-84a7-f597e1c55207,64BY,,0,0,1606775006000,0,1
plugin_ios_activity_recognition,"[""walking""]",0,2,0,aff93315-4e74-41b2-84a7-f597e1c55207,64BY,,0,0,1606775008571,0,1
plugin_ios_activity_recognition,"[""walking""]",0,2,0,aff93315-4e74-41b2-84a7-f597e1c55207,64BY,,0,0,1606775083738,0,1
plugin_ios_activity_recognition,,0,2,0,aff93315-4e74-41b2-84a7-f597e1c55207,64BY,,0,0,1606775150014,0,0
plugin_ios_activity_recognition,,0,2,0,aff93315-4e74-41b2-84a7-f597e1c55207,64BY,,0,0,1606775263716,0,0
plugin_ios_activity_recognition,"[""walking""]",0,1,0,aff93315-4e74-41b2-84a7-f597e1c55207,64BY,,0,0,1606775430334,0,1
plugin_ios_activity_recognition,"[""walking""]",0,2,0,aff93315-4e74-41b2-84a7-f597e1c55207,64BY,,0,0,1606775433221,0,1
plugin_ios_activity_recognition,"[""walking""]",0,2,0,aff93315-4e74-41b2-84a7-f597e1c55207,64BY,,0,0,1606775443714,0,1
plugin_ios_activity_recognition,"[""walking""]",0,2,0,aff93315-4e74-41b2-84a7-f597e1c55207,64BY,supplement,0,0,1606775623714,0,1
plugin_ios_activity_recognition,"[""walking""]",0,2,0,aff93315-4e74-41b2-84a7-f597e1c55207,64BY,,0,0,1606775624075,0,1
plugin_ios_activity_recognition,,0,2,0,aff93315-4e74-41b2-84a7-f597e1c55207,64BY,,0,0,1606775700359,0,0
plugin_ios_activity_recognition,"[""stationary""]",0,2,0,aff93315-4e74-41b2-84a7-f597e1c55207,64BY,,0,1,1606775753719,0,0
plugin_ios_activity_recognition,,0,2,0,aff93315-4e74-41b2-84a7-f597e1c55207,64BY,,0,0,1606775758862,0,0
plugin_ios_activity_recognition,"[""stationary""]",0,2,0,aff93315-4e74-41b2-84a7-f597e1c55207,64BY,,0,1,1606775782329,0,0
plugin_ios_activity_recognition,,0,2,0,aff93315-4e74-41b2-84a7-f597e1c55207,64BY,,0,0,1606775782654,0,0
plugin_ios_activity_recognition,,0,2,0,aff93315-4e74-41b2-84a7-f597e1c55207,64BY,,0,0,1606775803692,0,0
plugin_ios_activity_recognition,"[""walking""]",0,2,0,aff93315-4e74-41b2-84a7-f597e1c55207,64BY,supplement,0,0,1606775803714,0,1
plugin_ios_activity_recognition,"[""walking""]",0,1,0,aff93315-4e74-41b2-84a7-f597e1c55207,64BY,,0,0,1606775859807,0,1
plugin_ios_activity_recognition,"[""walking""]",0,2,0,aff93315-4e74-41b2-84a7-f597e1c55207,64BY,,0,0,1606775862379,0,1
plugin_ios_activity_recognition,,0,2,0,aff93315-4e74-41b2-84a7-f597e1c55207,64BY,,0,0,1606775918307,0,0
plugin_ios_activity_recognition,"[""stationary""]",0,2,0,aff93315-4e74-41b2-84a7-f597e1c55207,64BY,,0,1,1606775926022,0,0
plugin_ios_activity_recognition,,0,2,0,aff93315-4e74-41b2-84a7-f597e1c55207,64BY,,0,0,1606775935987,0,0
plugin_ios_activity_recognition,,0,2,0,aff93315-4e74-41b2-84a7-f597e1c55207,64BY,,0,0,1606775983706,0,0
plugin_ios_activity_recognition,"[""walking""]",0,2,0,aff93315-4e74-41b2-84a7-f597e1c55207,64BY,,0,0,1606776021824,0,1
plugin_ios_activity_recognition,,0,2,0,aff93315-4e74-41b2-84a7-f597e1c55207,64BY,,0,0,1606776093828,0,0
plugin_ios_activity_recognition,,0,2,0,aff93315-4e74-41b2-84a7-f597e1c55207,64BY,,0,0,1606776163689,0,0
plugin_ios_activity_recognition,"[""walking""]",0,1,0,aff93315-4e74-41b2-84a7-f597e1c55207,64BY,,0,0,1606776325283,0,1
plugin_ios_activity_recognition,"[""walking""]",0,1,0,aff93315-4e74-41b2-84a7-f597e1c55207,64BY,,0,0,1606776343701,0,1
plugin_ios_activity_recognition,"[""walking""]",0,2,0,aff93315-4e74-41b2-84a7-f597e1c55207,64BY,,0,0,1606776358715,0,1
plugin_ios_activity_recognition,"[""stationary""]",0,2,0,aff93315-4e74-41b2-84a7-f597e1c55207,64BY,,0,1,1606776498221,0,0
plugin_ios_activity_recognition,"[""walking""]",0,2,0,aff93315-4e74-41b2-84a7-f597e1c55207,64BY,,0,0,1606776499829,0,1
plugin_ios_activity_recognition,"[""walking""]",0,2,0,aff93315-4e74-41b2-84a7-f597e1c55207,64BY,,0,0,1606776524029,0,1
plugin_ios_activity_recognition,,0,2,0,aff93315-4e74-41b2-84a7-f597e1c55207,64BY,,0,0,1606776543877,0,0
plugin_ios_activity_recognition,"[""walking""]",0,1,0,aff93315-4e74-41b2-84a7-f597e1c55207,64BY,,0,0,1606776615891,0,1
plugin_ios_activity_recognition,"[""walking""]",0,2,0,aff93315-4e74-41b2-84a7-f597e1c55207,64BY,,0,0,1606776618463,0,1
plugin_ios_activity_recognition,"[""walking""]",0,2,0,aff93315-4e74-41b2-84a7-f597e1c55207,64BY,,0,0,1606776703768,0,1
plugin_ios_activity_recognition,"[""walking""]",0,2,0,aff93315-4e74-41b2-84a7-f597e1c55207,64BY,,0,0,1606776883734,0,1
plugin_ios_activity_recognition,,0,2,0,aff93315-4e74-41b2-84a7-f597e1c55207,64BY,,0,0,1606777017080,0,0
plugin_ios_activity_recognition,"[""walking""]",0,1,0,aff93315-4e74-41b2-84a7-f597e1c55207,64BY,,0,0,1606777019652,0,1
plugin_ios_activity_recognition,"[""walking""]",0,2,0,aff93315-4e74-41b2-84a7-f597e1c55207,64BY,,0,0,1606777032510,0,1
plugin_ios_activity_recognition,"[""walking""]",0,2,0,aff93315-4e74-41b2-84a7-f597e1c55207,64BY,,0,0,1606777063720,0,1
plugin_ios_activity_recognition,"[""walking""]",0,2,0,aff93315-4e74-41b2-84a7-f597e1c55207,64BY,,0,0,1606777243720,0,1
plugin_ios_activity_recognition,"[""walking""]",0,2,0,aff93315-4e74-41b2-84a7-f597e1c55207,64BY,supplement,0,0,1606777423720,0,1
plugin_ios_activity_recognition,"[""walking""]",0,2,0,aff93315-4e74-41b2-84a7-f597e1c55207,64BY,,0,0,1606777424220,0,1
plugin_ios_activity_recognition,"[""walking""]",0,2,0,aff93315-4e74-41b2-84a7-f597e1c55207,64BY,supplement,0,0,1606777603720,0,1
plugin_ios_activity_recognition,"[""walking""]",0,2,0,aff93315-4e74-41b2-84a7-f597e1c55207,64BY,,0,0,1606777603731,0,1
plugin_ios_activity_recognition,"[""walking""]",0,2,0,aff93315-4e74-41b2-84a7-f597e1c55207,64BY,supplement,0,0,1606777783731,0,1
plugin_ios_activity_recognition,"[""walking""]",0,2,0,aff93315-4e74-41b2-84a7-f597e1c55207,64BY,,0,0,1606777783732,0,1
plugin_ios_activity_recognition,,0,2,0,aff93315-4e74-41b2-84a7-f597e1c55207,64BY,,0,0,1606777842553,0,0
plugin_ios_activity_recognition,"[""walking""]",0,2,0,aff93315-4e74-41b2-84a7-f597e1c55207,64BY,,0,0,1606777881128,0,1
plugin_ios_activity_recognition,"[""stationary""]",0,2,0,aff93315-4e74-41b2-84a7-f597e1c55207,64BY,,0,1,1606777955375,0,0
plugin_ios_activity_recognition,"[""walking""]",0,2,0,aff93315-4e74-41b2-84a7-f597e1c55207,64BY,,0,0,1606777957625,0,1
plugin_ios_activity_recognition,"[""walking""]",0,2,0,aff93315-4e74-41b2-84a7-f597e1c55207,64BY,,0,0,1606777963719,0,1
plugin_ios_activity_recognition,"[""walking""]",0,2,0,aff93315-4e74-41b2-84a7-f597e1c55207,64BY,supplement,0,0,1606777963731,0,1
plugin_ios_activity_recognition,,0,2,0,aff93315-4e74-41b2-84a7-f597e1c55207,64BY,,0,0,1606777965989,0,0
plugin_ios_activity_recognition,"[""walking""]",0,1,0,aff93315-4e74-41b2-84a7-f597e1c55207,64BY,,0,0,1606777981418,0,1
plugin_ios_activity_recognition,"[""walking""]",0,2,0,aff93315-4e74-41b2-84a7-f597e1c55207,64BY,,0,0,1606777983989,0,1
plugin_ios_activity_recognition,,0,2,0,aff93315-4e74-41b2-84a7-f597e1c55207,64BY,,0,0,1606778035420,0,0
plugin_ios_activity_recognition,"[""walking""]",0,2,0,aff93315-4e74-41b2-84a7-f597e1c55207,64BY,,0,0,1606778043135,0,1
plugin_ios_activity_recognition,"[""walking""]",0,2,0,aff93315-4e74-41b2-84a7-f597e1c55207,64BY,,0,0,1606778143811,0,1
plugin_ios_activity_recognition,"[""stationary""]",0,2,0,aff93315-4e74-41b2-84a7-f597e1c55207,64BY,,0,1,1606778148568,0,0
plugin_ios_activity_recognition,"[""walking""]",0,2,0,aff93315-4e74-41b2-84a7-f597e1c55207,64BY,,0,0,1606778168499,0,1
plugin_ios_activity_recognition,,0,2,0,aff93315-4e74-41b2-84a7-f597e1c55207,64BY,,0,0,1606778197434,0,0
plugin_ios_activity_recognition,"[""walking""]",0,1,0,aff93315-4e74-41b2-84a7-f597e1c55207,64BY,,0,0,1606778205150,0,1
plugin_ios_activity_recognition,"[""walking""]",0,2,0,aff93315-4e74-41b2-84a7-f597e1c55207,64BY,,0,0,1606778207721,0,1
plugin_ios_activity_recognition,,0,2,0,aff93315-4e74-41b2-84a7-f597e1c55207,64BY,,0,0,1606778236014,0,0
plugin_ios_activity_recognition,"[""stationary""]",0,2,0,aff93315-4e74-41b2-84a7-f597e1c55207,64BY,,0,1,1606778247259,0,0
plugin_ios_activity_recognition,,0,2,0,aff93315-4e74-41b2-84a7-f597e1c55207,64BY,,0,0,1606778248869,0,0
plugin_ios_activity_recognition,"[""walking""]",0,1,0,aff93315-4e74-41b2-84a7-f597e1c55207,64BY,,0,0,1606778302877,0,1
plugin_ios_activity_recognition,"[""walking""]",0,2,0,aff93315-4e74-41b2-84a7-f597e1c55207,64BY,,0,0,1606778305444,0,1
plugin_ios_activity_recognition,"[""walking""]",0,2,0,aff93315-4e74-41b2-84a7-f597e1c55207,64BY,,0,0,1606778310260,0,1
plugin_ios_activity_recognition,"[""automotive""]",1,2,0,aff93315-4e74-41b2-84a7-f597e1c55207,64BY,,0,0,1606778310588,0,0
plugin_ios_activity_recognition,"[""automotive""]",1,2,0,aff93315-4e74-41b2-84a7-f597e1c55207,64BY,,0,0,1606778346600,0,0
plugin_ios_activity_recognition,"[""automotive""]",1,2,0,aff93315-4e74-41b2-84a7-f597e1c55207,64BY,,0,0,1606778374892,0,0
plugin_ios_activity_recognition,"[""automotive""]",1,2,0,aff93315-4e74-41b2-84a7-f597e1c55207,64BY,,0,0,1606778387751,0,0
plugin_ios_activity_recognition,"[""automotive""]",1,2,0,aff93315-4e74-41b2-84a7-f597e1c55207,64BY,,0,0,1606778408326,0,0
plugin_ios_activity_recognition,"[""automotive""]",1,2,0,aff93315-4e74-41b2-84a7-f597e1c55207,64BY,,0,0,1606778477770,0,0
plugin_ios_activity_recognition,"[""automotive""]",1,2,0,aff93315-4e74-41b2-84a7-f597e1c55207,64BY,,0,0,1606778536916,0,0
plugin_ios_activity_recognition,"[""automotive""]",1,2,0,aff93315-4e74-41b2-84a7-f597e1c55207,64BY,,0,0,1606778557493,0,0
plugin_ios_activity_recognition,"[""automotive""]",1,2,0,aff93315-4e74-41b2-84a7-f597e1c55207,64BY,,0,0,1606778570352,0,0
plugin_ios_activity_recognition,"[""automotive""]",1,2,0,aff93315-4e74-41b2-84a7-f597e1c55207,64BY,,0,0,1606778584287,0,0
plugin_ios_activity_recognition,"[""automotive""]",1,2,0,aff93315-4e74-41b2-84a7-f597e1c55207,64BY,,0,0,1606778588355,0,0
plugin_ios_activity_recognition,"[""automotive""]",1,2,0,aff93315-4e74-41b2-84a7-f597e1c55207,64BY,,0,0,1606778601215,0,0
plugin_ios_activity_recognition,"[""automotive""]",1,2,0,aff93315-4e74-41b2-84a7-f597e1c55207,64BY,,0,0,1606778603784,0,0
plugin_ios_activity_recognition,"[""automotive""]",1,2,0,aff93315-4e74-41b2-84a7-f597e1c55207,64BY,,0,0,1606778624356,0,0
plugin_ios_activity_recognition,"[""automotive""]",1,2,0,aff93315-4e74-41b2-84a7-f597e1c55207,64BY,,0,0,1606778670659,0,0
plugin_ios_activity_recognition,"[""automotive""]",1,2,0,aff93315-4e74-41b2-84a7-f597e1c55207,64BY,,0,0,1606778673232,0,0
plugin_ios_activity_recognition,"[""automotive""]",1,2,0,aff93315-4e74-41b2-84a7-f597e1c55207,64BY,,0,0,1606778698952,0,0
plugin_ios_activity_recognition,"[""automotive""]",1,2,0,aff93315-4e74-41b2-84a7-f597e1c55207,64BY,,0,0,1606778701523,0,0
plugin_ios_activity_recognition,"[""automotive""]",1,2,0,aff93315-4e74-41b2-84a7-f597e1c55207,64BY,,0,0,1606778727246,0,0
plugin_ios_activity_recognition,"[""automotive""]",1,2,0,aff93315-4e74-41b2-84a7-f597e1c55207,64BY,,0,0,1606778732390,0,0
plugin_ios_activity_recognition,"[""automotive""]",1,2,0,aff93315-4e74-41b2-84a7-f597e1c55207,64BY,,0,0,1606778764388,0,0
plugin_ios_activity_recognition,"[""automotive""]",1,2,0,aff93315-4e74-41b2-84a7-f597e1c55207,64BY,,0,0,1606778791549,0,0
plugin_ios_activity_recognition,"[""automotive""]",1,2,0,aff93315-4e74-41b2-84a7-f597e1c55207,64BY,,0,0,1606778796693,0,0
plugin_ios_activity_recognition,"[""automotive""]",1,2,0,aff93315-4e74-41b2-84a7-f597e1c55207,64BY,,0,0,1606778855849,0,0
plugin_ios_activity_recognition,"[""automotive""]",1,2,0,aff93315-4e74-41b2-84a7-f597e1c55207,64BY,,0,0,1606778858420,0,0
plugin_ios_activity_recognition,"[""automotive""]",1,2,0,aff93315-4e74-41b2-84a7-f597e1c55207,64BY,,0,0,1606778876421,0,0
plugin_ios_activity_recognition,"[""automotive""]",1,2,0,aff93315-4e74-41b2-84a7-f597e1c55207,64BY,,0,0,1606778929780,0,0
plugin_ios_activity_recognition,"[""automotive""]",1,2,0,aff93315-4e74-41b2-84a7-f597e1c55207,64BY,,0,0,1606778944357,0,0
plugin_ios_activity_recognition,,0,2,0,aff93315-4e74-41b2-84a7-f597e1c55207,64BY,,0,0,1606778961292,0,0
plugin_ios_activity_recognition,"[""walking""]",0,1,0,aff93315-4e74-41b2-84a7-f597e1c55207,64BY,,0,0,1606778963864,0,1
plugin_ios_activity_recognition,,0,2,0,aff93315-4e74-41b2-84a7-f597e1c55207,64BY,,0,0,1606778966436,0,0
plugin_ios_activity_recognition,"[""stationary""]",0,2,0,aff93315-4e74-41b2-84a7-f597e1c55207,64BY,,0,1,1606778985396,0,0
plugin_ios_activity_recognition,,0,2,0,aff93315-4e74-41b2-84a7-f597e1c55207,64BY,,0,0,1606779011648,0,0
plugin_ios_activity_recognition,"[""stationary""]",0,2,0,aff93315-4e74-41b2-84a7-f597e1c55207,64BY,,0,1,1606779017760,0,0
plugin_ios_activity_recognition,"[""stationary""]",0,2,0,aff93315-4e74-41b2-84a7-f597e1c55207,64BY,,0,1,1606779124291,0,0
plugin_ios_activity_recognition,"[""stationary""]",0,2,0,aff93315-4e74-41b2-84a7-f597e1c55207,64BY,supplement,0,1,1606779304291,0,0
plugin_ios_activity_recognition,"[""stationary""]",0,2,0,aff93315-4e74-41b2-84a7-f597e1c55207,64BY,,0,1,1606779304310,0,0
plugin_ios_activity_recognition,,0,2,0,aff93315-4e74-41b2-84a7-f597e1c55207,64BY,,0,0,1606779338437,0,0
plugin_ios_activity_recognition,"[""walking""]",0,1,0,aff93315-4e74-41b2-84a7-f597e1c55207,64BY,,0,0,1606779342622,0,1
plugin_ios_activity_recognition,"[""walking""]",0,2,0,aff93315-4e74-41b2-84a7-f597e1c55207,64BY,,0,0,1606779352908,0,1
plugin_ios_activity_recognition,"[""stationary""]",0,2,0,aff93315-4e74-41b2-84a7-f597e1c55207,64BY,,0,1,1606779395966,0,0
plugin_ios_activity_recognition,"[""walking""]",0,2,0,aff93315-4e74-41b2-84a7-f597e1c55207,64BY,,0,0,1606779396612,0,1
plugin_ios_activity_recognition,,0,2,0,aff93315-4e74-41b2-84a7-f597e1c55207,64BY,,0,0,1606779448360,0,0
plugin_ios_activity_recognition,"[""walking""]",0,1,0,aff93315-4e74-41b2-84a7-f597e1c55207,64BY,,0,0,1606779476339,0,1
plugin_ios_activity_recognition,"[""walking""]",0,1,0,aff93315-4e74-41b2-84a7-f597e1c55207,64BY,,0,0,1606779482754,0,1
plugin_ios_activity_recognition,"[""automotive""]",1,2,0,aff93315-4e74-41b2-84a7-f597e1c55207,64BY,,0,0,1606779484047,0,0
plugin_ios_activity_recognition,"[""stationary""]",0,2,0,aff93315-4e74-41b2-84a7-f597e1c55207,64BY,supplement,0,1,1606779484291,0,0
plugin_ios_activity_recognition,"[""automotive""]",1,2,0,aff93315-4e74-41b2-84a7-f597e1c55207,64BY,,0,0,1606779484602,0,0
plugin_ios_activity_recognition,"[""automotive""]",1,2,0,aff93315-4e74-41b2-84a7-f597e1c55207,64BY,,0,0,1606779512345,0,0
plugin_ios_activity_recognition,"[""automotive""]",1,2,0,aff93315-4e74-41b2-84a7-f597e1c55207,64BY,,0,0,1606779561211,0,0
plugin_ios_activity_recognition,"[""automotive""]",1,2,0,aff93315-4e74-41b2-84a7-f597e1c55207,64BY,,0,0,1606779563785,0,0
plugin_ios_activity_recognition,"[""automotive""]",1,2,0,aff93315-4e74-41b2-84a7-f597e1c55207,64BY,,0,0,1606779625530,0,0
plugin_ios_activity_recognition,"[""automotive""]",1,2,0,aff93315-4e74-41b2-84a7-f597e1c55207,64BY,,0,0,1606779628102,0,0
plugin_ios_activity_recognition,"[""automotive""]",1,2,0,aff93315-4e74-41b2-84a7-f597e1c55207,64BY,,0,0,1606779664379,0,0
plugin_ios_activity_recognition,"[""automotive""]",1,2,0,aff93315-4e74-41b2-84a7-f597e1c55207,64BY,,0,0,1606779674400,0,0
plugin_ios_activity_recognition,"[""stationary"",""automotive""]",1,2,0,aff93315-4e74-41b2-84a7-f597e1c55207,64BY,,0,1,1606779711690,0,0
plugin_ios_activity_recognition,"[""automotive""]",1,2,0,aff93315-4e74-41b2-84a7-f597e1c55207,64BY,,0,0,1606779714264,0,0
plugin_ios_activity_recognition,"[""automotive""]",1,2,0,aff93315-4e74-41b2-84a7-f597e1c55207,64BY,,0,0,1606779730991,0,0
plugin_ios_activity_recognition,"[""automotive""]",1,2,0,aff93315-4e74-41b2-84a7-f597e1c55207,64BY,,0,0,1606779751574,0,0
plugin_ios_activity_recognition,"[""automotive""]",1,2,0,aff93315-4e74-41b2-84a7-f597e1c55207,64BY,,0,0,1606779756714,0,0
plugin_ios_activity_recognition,"[""automotive""]",1,2,0,aff93315-4e74-41b2-84a7-f597e1c55207,64BY,,0,0,1606779815871,0,0
plugin_ios_activity_recognition,"[""automotive""]",1,2,0,aff93315-4e74-41b2-84a7-f597e1c55207,64BY,,0,0,1606779821017,0,0
plugin_ios_activity_recognition,"[""automotive""]",1,2,0,aff93315-4e74-41b2-84a7-f597e1c55207,64BY,,0,0,1606779839022,0,0
plugin_ios_activity_recognition,"[""automotive""]",1,2,0,aff93315-4e74-41b2-84a7-f597e1c55207,64BY,,0,0,1606779844386,0,0
plugin_ios_activity_recognition,"[""automotive""]",1,2,0,aff93315-4e74-41b2-84a7-f597e1c55207,64BY,,0,0,1606779846737,0,0
plugin_ios_activity_recognition,"[""automotive""]",1,2,0,aff93315-4e74-41b2-84a7-f597e1c55207,64BY,,0,0,1606779880176,0,0
plugin_ios_activity_recognition,"[""automotive""]",1,2,0,aff93315-4e74-41b2-84a7-f597e1c55207,64BY,,0,0,1606779895609,0,0
plugin_ios_activity_recognition,"[""automotive""]",1,2,0,aff93315-4e74-41b2-84a7-f597e1c55207,64BY,,0,0,1606779941910,0,0
plugin_ios_activity_recognition,"[""automotive""]",1,2,0,aff93315-4e74-41b2-84a7-f597e1c55207,64BY,,0,0,1606779944481,0,0
plugin_ios_activity_recognition,"[""automotive""]",1,2,0,aff93315-4e74-41b2-84a7-f597e1c55207,64BY,,0,0,1606779949624,0,0
plugin_ios_activity_recognition,"[""automotive""]",1,2,0,aff93315-4e74-41b2-84a7-f597e1c55207,64BY,,0,0,1606779951222,0,0
plugin_ios_activity_recognition,"[""automotive""]",1,2,0,aff93315-4e74-41b2-84a7-f597e1c55207,64BY,,0,0,1606779983069,0,0
plugin_ios_activity_recognition,"[""automotive""]",1,2,0,aff93315-4e74-41b2-84a7-f597e1c55207,64BY,,0,0,1606780024321,0,0
plugin_ios_activity_recognition,"[""automotive""]",1,2,0,aff93315-4e74-41b2-84a7-f597e1c55207,64BY,,0,0,1606780093664,0,0
plugin_ios_activity_recognition,"[""stationary"",""automotive""]",1,2,0,aff93315-4e74-41b2-84a7-f597e1c55207,64BY,,0,1,1606780140599,0,0
plugin_ios_activity_recognition,"[""automotive""]",1,2,0,aff93315-4e74-41b2-84a7-f597e1c55207,64BY,,0,0,1606780145422,0,0
plugin_ios_activity_recognition,"[""automotive""]",1,2,0,aff93315-4e74-41b2-84a7-f597e1c55207,64BY,,0,0,1606780204289,0,0
plugin_ios_activity_recognition,,0,2,0,aff93315-4e74-41b2-84a7-f597e1c55207,64BY,,0,0,1606780250563,0,0
plugin_ios_activity_recognition,"[""walking""]",0,2,0,aff93315-4e74-41b2-84a7-f597e1c55207,64BY,,0,0,1606780253135,0,1
plugin_ios_activity_recognition,,0,2,0,aff93315-4e74-41b2-84a7-f597e1c55207,64BY,,0,0,1606780312289,0,0
plugin_ios_activity_recognition,"[""walking""]",0,1,0,aff93315-4e74-41b2-84a7-f597e1c55207,64BY,,0,0,1606780348296,0,1
plugin_ios_activity_recognition,"[""walking""]",0,2,0,aff93315-4e74-41b2-84a7-f597e1c55207,64BY,,0,0,1606780353440,0,1
plugin_ios_activity_recognition,,0,2,0,aff93315-4e74-41b2-84a7-f597e1c55207,64BY,,0,0,1606780381728,0,0
plugin_ios_activity_recognition,,0,2,0,aff93315-4e74-41b2-84a7-f597e1c55207,64BY,,0,0,1606780384288,0,0
plugin_ios_activity_recognition,"[""walking""]",0,2,0,aff93315-4e74-41b2-84a7-f597e1c55207,64BY,,0,0,1606780512896,0,1
plugin_ios_activity_recognition,"[""stationary""]",0,2,0,aff93315-4e74-41b2-84a7-f597e1c55207,64BY,,0,1,1606780548907,0,0
plugin_ios_activity_recognition,"[""stationary""]",0,2,0,aff93315-4e74-41b2-84a7-f597e1c55207,64BY,,0,1,1606780564289,0,0
plugin_ios_activity_recognition,,0,2,0,aff93315-4e74-41b2-84a7-f597e1c55207,64BY,,0,0,1606780584119,0,0
plugin_ios_activity_recognition,"[""stationary""]",0,2,0,aff93315-4e74-41b2-84a7-f597e1c55207,64BY,,0,1,1606780657734,0,0
plugin_ios_activity_recognition,"[""stationary""]",0,2,0,aff93315-4e74-41b2-84a7-f597e1c55207,64BY,,0,1,1606780744322,0,0
