index,name,accuracy,device_id,device_label,double_altitude,double_bearing,double_latitude,double_longitude,double_speed,provider,timestamp
686468,locations,12.0,72725612-02ce-4f0d-8d47-06601389a52d,297WR,274.2884430997374,-1.0,40.50750712747249,-80.07853265244026,0.0,fused,1598745686454
686469,locations,65.0,72725612-02ce-4f0d-8d47-06601389a52d,297WR,271.18963623046875,-1.0,40.507321679529646,-80.07868077483185,-1.0,fused,1598745986542
686470,locations,65.0,72725612-02ce-4f0d-8d47-06601389a52d,297WR,271.0131225585937,-1.0,40.507313573345094,-80.07871861948423,-1.0,fused,1598746286542
686471,locations,65.0,72725612-02ce-4f0d-8d47-06601389a52d,297WR,271.19012451171875,-1.0,40.50731326730956,-80.07876380785541,-1.0,fused,1598746586450
686472,locations,65.0,72725612-02ce-4f0d-8d47-06601389a52d,297WR,270.99258422851557,-1.0,40.507323179609536,-80.07866053518694,-1.0,fused,1598746886456
686473,locations,65.0,72725612-02ce-4f0d-8d47-06601389a52d,297WR,288.22894287109375,-1.0,40.5051600521096,-80.0852030685882,-1.0,fused,1598747186454
686474,locations,65.0,72725612-02ce-4f0d-8d47-06601389a52d,297WR,222.18878173828125,-1.0,40.52462701130406,-80.15441700915697,-1.0,fused,1598747486540
686475,locations,65.0,72725612-02ce-4f0d-8d47-06601389a52d,297WR,215.2228240966797,-1.0,40.56078880396756,-80.205707527403,-1.0,fused,1598747786447
686476,locations,165.0,72725612-02ce-4f0d-8d47-06601389a52d,297WR,338.0115966796875,-1.0,40.57667138203957,-80.19710026817637,-1.0,fused,1598748086446
686477,locations,65.0,72725612-02ce-4f0d-8d47-06601389a52d,297WR,341.5169677734375,-1.0,40.57701722038233,-80.19697715290906,-1.0,fused,1598748386456
686478,locations,16.0,72725612-02ce-4f0d-8d47-06601389a52d,297WR,340.2734633620853,-1.0,40.576792549388905,-80.1970467660985,0.33551791310310364,fused,1598748686543
686479,locations,65.0,72725612-02ce-4f0d-8d47-06601389a52d,297WR,340.93798828125,-1.0,40.576864547594106,-80.1972019300082,-1.0,fused,1598748986445
686480,locations,65.0,72725612-02ce-4f0d-8d47-06601389a52d,297WR,338.1681213378906,-1.0,40.57640060576614,-80.19696419051765,-1.0,fused,1598749286442
686481,locations,16.0,72725612-02ce-4f0d-8d47-06601389a52d,297WR,341.51835689884183,-1.0,40.576899747486,-80.1971547287284,0.16691327095031738,fused,1598749586448
686482,locations,65.0,72725612-02ce-4f0d-8d47-06601389a52d,297WR,342.2757873535156,-1.0,40.57702087166891,-80.19690904932179,-1.0,fused,1598749886539
686483,locations,65.0,72725612-02ce-4f0d-8d47-06601389a52d,297WR,341.96923828125,-1.0,40.576328260604576,-80.19729614916446,-1.0,fused,1598750186446
686484,locations,16.0,72725612-02ce-4f0d-8d47-06601389a52d,297WR,340.4877383747738,-1.0,40.57686821116038,-80.19704661749365,0.006163340993225575,fused,1598750486436
686485,locations,65.0,72725612-02ce-4f0d-8d47-06601389a52d,297WR,339.1894836425781,-1.0,40.57642891148463,-80.19700760130726,-1.0,fused,1598750786441
686486,locations,65.0,72725612-02ce-4f0d-8d47-06601389a52d,297WR,339.55291748046875,-1.0,40.57680190028529,-80.19696292741443,-1.0,fused,1598751086527
686487,locations,65.0,72725612-02ce-4f0d-8d47-06601389a52d,297WR,339.5556335449219,-1.0,40.576384645017406,-80.19693756504194,-1.0,fused,1598751386439
686488,locations,65.0,72725612-02ce-4f0d-8d47-06601389a52d,297WR,338.64453125,-1.0,40.576376765681246,-80.19700083024992,-1.0,fused,1598751686436
686489,locations,65.0,72725612-02ce-4f0d-8d47-06601389a52d,297WR,338.1408996582031,-1.0,40.5767484178575,-80.19695747113934,-1.0,fused,1598751986514
686490,locations,65.0,72725612-02ce-4f0d-8d47-06601389a52d,297WR,339.9183044433594,-1.0,40.576678179791216,-80.19696733948345,-1.0,fused,1598752286521
686491,locations,65.0,72725612-02ce-4f0d-8d47-06601389a52d,297WR,338.7414855957031,-1.0,40.576403511962816,-80.1969707431647,-1.0,fused,1598752586433
686492,locations,65.0,72725612-02ce-4f0d-8d47-06601389a52d,297WR,339.4264831542969,-1.0,40.5765781234313,-80.19698939392597,-1.0,fused,1598752886432
686493,locations,65.0,72725612-02ce-4f0d-8d47-06601389a52d,297WR,338.9481201171875,-1.0,40.576392136674905,-80.19700177975466,-1.0,fused,1598753186431
686494,locations,65.0,72725612-02ce-4f0d-8d47-06601389a52d,297WR,338.7763671875,-1.0,40.57639207120288,-80.19700197829324,-1.0,fused,1598753486516
686495,locations,65.0,72725612-02ce-4f0d-8d47-06601389a52d,297WR,338.6513671875,-1.0,40.57639363088282,-80.19700684332173,-1.0,fused,1598753786427
686496,locations,65.0,72725612-02ce-4f0d-8d47-06601389a52d,297WR,340.0994873046875,-1.0,40.57701458778483,-80.19701258656242,-1.0,fused,1598754086427
686497,locations,65.0,72725612-02ce-4f0d-8d47-06601389a52d,297WR,341.2974853515625,-1.0,40.5768289034592,-80.19692444728794,-1.0,fused,1598754386425
686498,locations,65.0,72725612-02ce-4f0d-8d47-06601389a52d,297WR,339.3733215332031,-1.0,40.576609724758775,-80.19692668487623,-1.0,fused,1598754686527
686499,locations,65.0,72725612-02ce-4f0d-8d47-06601389a52d,297WR,339.62640380859375,-1.0,40.576566274795,-80.19697627922301,-1.0,fused,1598754986440
686500,locations,65.0,72725612-02ce-4f0d-8d47-06601389a52d,297WR,339.36383056640625,-1.0,40.57639372033372,-80.19700701743344,-1.0,fused,1598755286440
686501,locations,65.0,72725612-02ce-4f0d-8d47-06601389a52d,297WR,338.64617919921875,-1.0,40.57675307060148,-80.19691171776978,-1.0,fused,1598755586440
686502,locations,65.0,72725612-02ce-4f0d-8d47-06601389a52d,297WR,338.009521484375,-1.0,40.57638455109157,-80.19693756000733,-1.0,fused,1598755886527
686503,locations,65.0,72725612-02ce-4f0d-8d47-06601389a52d,297WR,338.0024108886719,-1.0,40.57638453928092,-80.19693756000635,-1.0,fused,1598756186440
686504,locations,65.0,72725612-02ce-4f0d-8d47-06601389a52d,297WR,338.04998779296875,-1.0,40.57638513697341,-80.19693796806241,-1.0,fused,1598756486440
686505,locations,65.0,72725612-02ce-4f0d-8d47-06601389a52d,297WR,338.0061950683594,-1.0,40.57638357457572,-80.19693755994324,-1.0,fused,1598756786440
686506,locations,65.0,72725612-02ce-4f0d-8d47-06601389a52d,297WR,338.0199279785156,-1.0,40.576384531435316,-80.19693755996292,-1.0,fused,1598757086527
686507,locations,65.0,72725612-02ce-4f0d-8d47-06601389a52d,297WR,338.3597412109375,-1.0,40.57640300509914,-80.1969645577323,-1.0,fused,1598757386435
686508,locations,65.0,72725612-02ce-4f0d-8d47-06601389a52d,297WR,338.5066223144531,-1.0,40.57640737629795,-80.19697132374812,-1.0,fused,1598757686442
686509,locations,65.0,72725612-02ce-4f0d-8d47-06601389a52d,297WR,338.8145446777344,-1.0,40.57639368529442,-80.1970075618287,-1.0,fused,1598757986442
686510,locations,65.0,72725612-02ce-4f0d-8d47-06601389a52d,297WR,338.7314758300781,-1.0,40.5763798187956,-80.19699698431924,-1.0,fused,1598758286528
686511,locations,65.0,72725612-02ce-4f0d-8d47-06601389a52d,297WR,338.83465576171875,-1.0,40.57638540383719,-80.19701694996874,-1.0,fused,1598758586443
686512,locations,65.0,72725612-02ce-4f0d-8d47-06601389a52d,297WR,339.4526672363281,-1.0,40.57638647837821,-80.19705745964465,-1.0,fused,1598758886443
686513,locations,65.0,72725612-02ce-4f0d-8d47-06601389a52d,297WR,338.0032043457031,-1.0,40.576767341972776,-80.19722786496897,-1.0,fused,1598759186442
686514,locations,65.0,72725612-02ce-4f0d-8d47-06601389a52d,297WR,340.1954650878906,-1.0,40.576641886743865,-80.1970093725768,-1.0,fused,1598759486530
686515,locations,65.0,72725612-02ce-4f0d-8d47-06601389a52d,297WR,340.3995056152344,-1.0,40.576324674472794,-80.19713212436005,-1.0,fused,1598759786443
686516,locations,65.0,72725612-02ce-4f0d-8d47-06601389a52d,297WR,338.3877258300781,-1.0,40.57640046175838,-80.19696303990038,-1.0,fused,1598760086443
686517,locations,65.0,72725612-02ce-4f0d-8d47-06601389a52d,297WR,338.96002197265625,-1.0,40.57687243370373,-80.19690456486245,-1.0,fused,1598760386467
686518,locations,65.0,72725612-02ce-4f0d-8d47-06601389a52d,297WR,342.2318115234375,-1.0,40.57761378941262,-80.19686125644078,-1.0,fused,1598760686531
686519,locations,65.0,72725612-02ce-4f0d-8d47-06601389a52d,297WR,344.4947204589844,-1.0,40.57732546286656,-80.19687899855991,-1.0,fused,1598760986442
686520,locations,65.0,72725612-02ce-4f0d-8d47-06601389a52d,297WR,343.7882080078125,-1.0,40.57688832145179,-80.19692290614803,-1.0,fused,1598761286442
686521,locations,65.0,72725612-02ce-4f0d-8d47-06601389a52d,297WR,342.0447998046875,-1.0,40.57662196913517,-80.19694890877909,-1.0,fused,1598761586442
686522,locations,65.0,72725612-02ce-4f0d-8d47-06601389a52d,297WR,342.3766174316406,-1.0,40.57761042420496,-80.19686133866378,-1.0,fused,1598761886527
686523,locations,65.0,72725612-02ce-4f0d-8d47-06601389a52d,297WR,344.34185791015625,-1.0,40.57695121326145,-80.19691839351603,-1.0,fused,1598762186442
686524,locations,65.0,72725612-02ce-4f0d-8d47-06601389a52d,297WR,342.6544189453125,-1.0,40.57689007950472,-80.19692375192079,-1.0,fused,1598762486442
686525,locations,65.0,72725612-02ce-4f0d-8d47-06601389a52d,297WR,332.22821044921875,-1.0,40.576699193098406,-80.19708124332458,-1.0,fused,1598762786441
686526,locations,65.0,72725612-02ce-4f0d-8d47-06601389a52d,297WR,340.0564270019531,-1.0,40.576897794236395,-80.19699833761156,-1.0,fused,1598763086532
686527,locations,65.0,72725612-02ce-4f0d-8d47-06601389a52d,297WR,341.1105651855469,-1.0,40.57690089013306,-80.1969022853188,-1.0,fused,1598763386541
686528,locations,65.0,72725612-02ce-4f0d-8d47-06601389a52d,297WR,341.3132019042969,-1.0,40.576989250778375,-80.19689846028085,-1.0,fused,1598763686447
686529,locations,65.0,72725612-02ce-4f0d-8d47-06601389a52d,297WR,341.72412109375,-1.0,40.577021843996796,-80.19689685199799,-1.0,fused,1598763986447
686530,locations,65.0,72725612-02ce-4f0d-8d47-06601389a52d,297WR,342.0296936035156,-1.0,40.577203405264,-80.19688603627661,-1.0,fused,1598764286450
686531,locations,65.0,72725612-02ce-4f0d-8d47-06601389a52d,297WR,343.20831298828125,-1.0,40.577246129802155,-80.19688337600962,-1.0,fused,1598764586541
686532,locations,65.0,72725612-02ce-4f0d-8d47-06601389a52d,297WR,341.7581787109375,-1.0,40.57676315537692,-80.19691636878892,-1.0,fused,1598764886447
686533,locations,65.0,72725612-02ce-4f0d-8d47-06601389a52d,297WR,342.3151550292969,-1.0,40.577134579419386,-80.19689058229514,-1.0,fused,1598765186451
686534,locations,65.0,72725612-02ce-4f0d-8d47-06601389a52d,297WR,342.8329772949219,-1.0,40.577217457156785,-80.1968852920962,-1.0,fused,1598765486451
686535,locations,65.0,72725612-02ce-4f0d-8d47-06601389a52d,297WR,342.5125732421875,-1.0,40.57701543065682,-80.1968980847198,-1.0,fused,1598765786544
686536,locations,65.0,72725612-02ce-4f0d-8d47-06601389a52d,297WR,341.6751403808594,-1.0,40.57681449626718,-80.1969107171514,-1.0,fused,1598766086453
686537,locations,65.0,72725612-02ce-4f0d-8d47-06601389a52d,297WR,349.26043701171875,-1.0,40.57674361429429,-80.19719019614735,-1.0,fused,1598766386454
686538,locations,65.0,72725612-02ce-4f0d-8d47-06601389a52d,297WR,342.7786560058594,-1.0,40.57694286177288,-80.19691664702836,-1.0,fused,1598766686454
686539,locations,65.0,72725612-02ce-4f0d-8d47-06601389a52d,297WR,342.7535400390625,-1.0,40.577226363809146,-80.19688122383401,-1.0,fused,1598766986542
686540,locations,65.0,72725612-02ce-4f0d-8d47-06601389a52d,297WR,343.39654541015625,-1.0,40.57732685660781,-80.19687664533326,-1.0,fused,1598767286456
686541,locations,65.0,72725612-02ce-4f0d-8d47-06601389a52d,297WR,343.4571228027344,-1.0,40.577146061985424,-80.19688791497231,-1.0,fused,1598767586457
686542,locations,65.0,72725612-02ce-4f0d-8d47-06601389a52d,297WR,343.21533203125,-1.0,40.57713999157376,-80.19688907111399,-1.0,fused,1598767886469
686543,locations,65.0,72725612-02ce-4f0d-8d47-06601389a52d,297WR,343.0990905761719,-1.0,40.57714447054876,-80.19688912173999,-1.0,fused,1598768186545
686544,locations,65.0,72725612-02ce-4f0d-8d47-06601389a52d,297WR,344.62420654296875,-1.0,40.57761456655845,-80.19686091159427,-1.0,fused,1598768486457
686545,locations,65.0,72725612-02ce-4f0d-8d47-06601389a52d,297WR,344.8013000488281,-1.0,40.57713659608672,-80.19695556390536,-1.0,fused,1598768786459
686546,locations,65.0,72725612-02ce-4f0d-8d47-06601389a52d,297WR,343.57403564453125,-1.0,40.57685991578802,-80.19694867228452,-1.0,fused,1598769086459
686547,locations,65.0,72725612-02ce-4f0d-8d47-06601389a52d,297WR,340.3285217285156,-1.0,40.576383518832024,-80.19693740300528,-1.0,fused,1598769386546
686548,locations,65.0,72725612-02ce-4f0d-8d47-06601389a52d,297WR,339.516357421875,-1.0,40.57681492750452,-80.19693450099817,-1.0,fused,1598769686459
686549,locations,65.0,72725612-02ce-4f0d-8d47-06601389a52d,297WR,338.9866027832031,-1.0,40.57670895318635,-80.19697324104179,-1.0,fused,1598769986460
686550,locations,65.0,72725612-02ce-4f0d-8d47-06601389a52d,297WR,341.6883850097656,-1.0,40.577342494937504,-80.19690958496209,-1.0,fused,1598770286454
686551,locations,65.0,72725612-02ce-4f0d-8d47-06601389a52d,297WR,342.5250244140625,-1.0,40.57694570555672,-80.19692044095609,-1.0,fused,1598770586549
686552,locations,65.0,72725612-02ce-4f0d-8d47-06601389a52d,297WR,342.6046142578125,-1.0,40.577024113999975,-80.19697468555843,-1.0,fused,1598770886462
686553,locations,65.0,72725612-02ce-4f0d-8d47-06601389a52d,297WR,342.94036865234375,-1.0,40.577006812726395,-80.19698188347986,-1.0,fused,1598771186463
686554,locations,65.0,72725612-02ce-4f0d-8d47-06601389a52d,297WR,342.59539794921875,-1.0,40.576931412115904,-80.19690332214185,-1.0,fused,1598771486463
686555,locations,65.0,72725612-02ce-4f0d-8d47-06601389a52d,297WR,342.6447448730469,-1.0,40.57715512263061,-80.19691621277393,-1.0,fused,1598771786550
686556,locations,65.0,72725612-02ce-4f0d-8d47-06601389a52d,297WR,342.9190673828125,-1.0,40.577143048164636,-80.19689018302337,-1.0,fused,1598772086464
686557,locations,65.0,72725612-02ce-4f0d-8d47-06601389a52d,297WR,342.4558410644531,-1.0,40.576876087141976,-80.19692391040563,-1.0,fused,1598772386465
686558,locations,65.0,72725612-02ce-4f0d-8d47-06601389a52d,297WR,343.0235595703125,-1.0,40.57733512134792,-80.19691125427678,-1.0,fused,1598772686464
686559,locations,65.0,72725612-02ce-4f0d-8d47-06601389a52d,297WR,342.2339782714844,-1.0,40.57680076925577,-80.19696689098478,-1.0,fused,1598772986550
686560,locations,65.0,72725612-02ce-4f0d-8d47-06601389a52d,297WR,342.03997802734375,-1.0,40.57694246947996,-80.19692217277495,-1.0,fused,1598773286464
686561,locations,65.0,72725612-02ce-4f0d-8d47-06601389a52d,297WR,342.59228515625,-1.0,40.57704329925311,-80.19689440484713,-1.0,fused,1598773586465
686562,locations,65.0,72725612-02ce-4f0d-8d47-06601389a52d,297WR,341.5982360839844,-1.0,40.57670750498513,-80.19690840770187,-1.0,fused,1598773886466
686563,locations,65.0,72725612-02ce-4f0d-8d47-06601389a52d,297WR,342.00933837890625,-1.0,40.57702489460432,-80.19701128350735,-1.0,fused,1598774186553
686564,locations,65.0,72725612-02ce-4f0d-8d47-06601389a52d,297WR,342.49041748046875,-1.0,40.57702142246673,-80.1968953163246,-1.0,fused,1598774486466
686565,locations,65.0,72725612-02ce-4f0d-8d47-06601389a52d,297WR,342.1639099121094,-1.0,40.57693129917543,-80.19690154293015,-1.0,fused,1598774786466
686566,locations,65.0,72725612-02ce-4f0d-8d47-06601389a52d,297WR,340.67889404296875,-1.0,40.57642900296533,-80.19700505349847,-1.0,fused,1598775086468
686567,locations,65.0,72725612-02ce-4f0d-8d47-06601389a52d,297WR,340.1199645996094,-1.0,40.57681070643137,-80.19690980942582,-1.0,fused,1598775386554
686568,locations,65.0,72725612-02ce-4f0d-8d47-06601389a52d,297WR,340.605224609375,-1.0,40.576873058650364,-80.19692308166601,-1.0,fused,1598775686467
686569,locations,65.0,72725612-02ce-4f0d-8d47-06601389a52d,297WR,340.6227111816406,-1.0,40.57657312888952,-80.19699370358992,-1.0,fused,1598775986469
686570,locations,65.0,72725612-02ce-4f0d-8d47-06601389a52d,297WR,341.9027099609375,-1.0,40.57733345657769,-80.19691115376862,-1.0,fused,1598776286546
686571,locations,65.0,72725612-02ce-4f0d-8d47-06601389a52d,297WR,342.43115234375,-1.0,40.5768333074198,-80.19693504508241,-1.0,fused,1598776586555
686572,locations,65.0,72725612-02ce-4f0d-8d47-06601389a52d,297WR,341.84381103515625,-1.0,40.57687214620074,-80.19692381260306,-1.0,fused,1598776886469
686573,locations,165.0,72725612-02ce-4f0d-8d47-06601389a52d,297WR,338.0137939453125,-1.0,40.576663933959395,-80.19709015141791,-1.0,fused,1598777186473
686574,locations,65.0,72725612-02ce-4f0d-8d47-06601389a52d,297WR,346.0,-1.0,40.5776138300126,-80.19686125999694,-1.0,fused,1598777486473
686575,locations,65.0,72725612-02ce-4f0d-8d47-06601389a52d,297WR,340.8226318359375,-1.0,40.576815570561365,-80.19691084772128,-1.0,fused,1598777786560
686576,locations,65.0,72725612-02ce-4f0d-8d47-06601389a52d,297WR,339.9932556152344,-1.0,40.57671001841521,-80.19691728833519,-1.0,fused,1598778086474
686577,locations,65.0,72725612-02ce-4f0d-8d47-06601389a52d,297WR,340.56829833984375,-1.0,40.57676272735762,-80.19693368132789,-1.0,fused,1598778386474
686578,locations,65.0,72725612-02ce-4f0d-8d47-06601389a52d,297WR,345.2580871582031,-1.0,40.57731202495506,-80.19696151229533,-1.0,fused,1598778686475
686579,locations,65.0,72725612-02ce-4f0d-8d47-06601389a52d,297WR,341.842041015625,-1.0,40.576812938913264,-80.19698954450719,-1.0,fused,1598778986477
686580,locations,65.0,72725612-02ce-4f0d-8d47-06601389a52d,297WR,343.4190979003906,-1.0,40.57715350991943,-80.19691649766915,-1.0,fused,1598779286563
686581,locations,65.0,72725612-02ce-4f0d-8d47-06601389a52d,297WR,341.61590576171875,-1.0,40.57686314026482,-80.19695143520521,-1.0,fused,1598779586477
686582,locations,65.0,72725612-02ce-4f0d-8d47-06601389a52d,297WR,343.41351318359375,-1.0,40.57715339443092,-80.1969165990107,-1.0,fused,1598779886477
686583,locations,65.0,72725612-02ce-4f0d-8d47-06601389a52d,297WR,339.64892578125,-1.0,40.57660961575747,-80.19694669968888,-1.0,fused,1598780186478
686584,locations,65.0,72725612-02ce-4f0d-8d47-06601389a52d,297WR,342.8299865722656,-1.0,40.57701103345409,-80.19695349606357,-1.0,fused,1598780486565
686585,locations,65.0,72725612-02ce-4f0d-8d47-06601389a52d,297WR,342.43707275390625,-1.0,40.57693420781019,-80.1969701679257,-1.0,fused,1598780786480
686586,locations,65.0,72725612-02ce-4f0d-8d47-06601389a52d,297WR,341.3699951171875,-1.0,40.57687339577681,-80.19692422948243,-1.0,fused,1598781086478
686587,locations,65.0,72725612-02ce-4f0d-8d47-06601389a52d,297WR,342.15728759765625,-1.0,40.57701950025694,-80.19689809710167,-1.0,fused,1598781386479
686588,locations,65.0,72725612-02ce-4f0d-8d47-06601389a52d,297WR,341.5632629394531,-1.0,40.57693798310629,-80.19690581999691,-1.0,fused,1598781686567
686589,locations,65.0,72725612-02ce-4f0d-8d47-06601389a52d,297WR,340.56561279296875,-1.0,40.57676229095165,-80.19693370914077,-1.0,fused,1598781986481
686590,locations,65.0,72725612-02ce-4f0d-8d47-06601389a52d,297WR,342.1378479003906,-1.0,40.57692383622593,-80.19695152098508,-1.0,fused,1598782286480
686591,locations,65.0,72725612-02ce-4f0d-8d47-06601389a52d,297WR,346.0,-1.0,40.57760814365007,-80.19686126000856,-1.0,fused,1598782586483
686592,locations,65.0,72725612-02ce-4f0d-8d47-06601389a52d,297WR,341.5446472167969,-1.0,40.57692897795922,-80.19690369845031,-1.0,fused,1598782886570
686593,locations,65.0,72725612-02ce-4f0d-8d47-06601389a52d,297WR,344.23388671875,-1.0,40.57732053073283,-80.19687936019304,-1.0,fused,1598783186484
686594,locations,65.0,72725612-02ce-4f0d-8d47-06601389a52d,297WR,342.1478576660156,-1.0,40.57701752971639,-80.19689818160205,-1.0,fused,1598783486484
686595,locations,65.0,72725612-02ce-4f0d-8d47-06601389a52d,297WR,341.85882568359375,-1.0,40.576940919313614,-80.19692242041287,-1.0,fused,1598783786486
686596,locations,65.0,72725612-02ce-4f0d-8d47-06601389a52d,297WR,338.9952087402344,-1.0,40.576432536831156,-80.19700436828708,-1.0,fused,1598784086571
686597,locations,165.0,72725612-02ce-4f0d-8d47-06601389a52d,297WR,338.0000915527344,-1.0,40.576664007932436,-80.19709010760306,-1.0,fused,1598784386485
686598,locations,65.0,72725612-02ce-4f0d-8d47-06601389a52d,297WR,342.1434631347656,-1.0,40.57701751916263,-80.19689821998607,-1.0,fused,1598784686485
686599,locations,65.0,72725612-02ce-4f0d-8d47-06601389a52d,297WR,344.2314147949219,-1.0,40.57731897073413,-80.1968795144429,-1.0,fused,1598784986483
686600,locations,65.0,72725612-02ce-4f0d-8d47-06601389a52d,297WR,343.8048400878906,-1.0,40.57713573741354,-80.19695589520224,-1.0,fused,1598785286572
686601,locations,65.0,72725612-02ce-4f0d-8d47-06601389a52d,297WR,338.0,-1.0,40.57638454810138,-80.1969375600022,-1.0,fused,1598785586486
686602,locations,65.0,72725612-02ce-4f0d-8d47-06601389a52d,297WR,338.0,-1.0,40.576383585697954,-80.19693755727445,-1.0,fused,1598785886487
686603,locations,65.0,72725612-02ce-4f0d-8d47-06601389a52d,297WR,339.4280700683594,-1.0,40.57714808737194,-80.19691674359423,-1.0,fused,1598786186487
686604,locations,65.0,72725612-02ce-4f0d-8d47-06601389a52d,297WR,341.1268005371094,-1.0,40.576913865330354,-80.1969320131872,-1.0,fused,1598786486574
686605,locations,65.0,72725612-02ce-4f0d-8d47-06601389a52d,297WR,341.4323425292969,-1.0,40.576858569564756,-80.19694953466401,-1.0,fused,1598786786487
686606,locations,65.0,72725612-02ce-4f0d-8d47-06601389a52d,297WR,341.20013427734375,-1.0,40.576794391128466,-80.19699572979827,-1.0,fused,1598787086487
686607,locations,65.0,72725612-02ce-4f0d-8d47-06601389a52d,297WR,341.1546936035156,-1.0,40.577011723239096,-80.19689986577775,-1.0,fused,1598787386511
686608,locations,65.0,72725612-02ce-4f0d-8d47-06601389a52d,297WR,341.7987976074219,-1.0,40.57700607760921,-80.19695306560476,-1.0,fused,1598787686576
686609,locations,208.0,72725612-02ce-4f0d-8d47-06601389a52d,297WR,340.82891845703125,-1.0,40.57681653651224,-80.19691078876446,-1.0,fused,1598787986487
686610,locations,65.0,72725612-02ce-4f0d-8d47-06601389a52d,297WR,341.9700622558594,-1.0,40.57701578467351,-80.19689816921662,-1.0,fused,1598788286488
686611,locations,65.0,72725612-02ce-4f0d-8d47-06601389a52d,297WR,342.2234191894531,-1.0,40.57701952894455,-80.196898122333,-1.0,fused,1598788586491
686612,locations,65.0,72725612-02ce-4f0d-8d47-06601389a52d,297WR,341.6097106933594,-1.0,40.576855378197706,-80.1969504394872,-1.0,fused,1598788887569
686613,locations,65.0,72725612-02ce-4f0d-8d47-06601389a52d,297WR,338.0,-1.0,40.57638454352406,-80.1969375599929,-1.0,fused,1598789186583
686614,locations,65.0,72725612-02ce-4f0d-8d47-06601389a52d,297WR,340.9877014160156,-1.0,40.57674475553189,-80.19696347434686,-1.0,fused,1598789486491
686615,locations,65.0,72725612-02ce-4f0d-8d47-06601389a52d,297WR,342.1637878417969,-1.0,40.57701980450084,-80.19689804019447,-1.0,fused,1598789786497
686616,locations,65.0,72725612-02ce-4f0d-8d47-06601389a52d,297WR,342.2350769042969,-1.0,40.57702129422203,-80.1968980130583,-1.0,fused,1598790086497
686617,locations,65.0,72725612-02ce-4f0d-8d47-06601389a52d,297WR,341.5580749511719,-1.0,40.576930815815714,-80.196903584372,-1.0,fused,1598790386589
686618,locations,65.0,72725612-02ce-4f0d-8d47-06601389a52d,297WR,342.9872741699219,-1.0,40.57714094251636,-80.1968905396487,-1.0,fused,1598790686498
686619,locations,65.0,72725612-02ce-4f0d-8d47-06601389a52d,297WR,338.3903503417969,-1.0,40.57640291583596,-80.19696443615149,-1.0,fused,1598790986499
686620,locations,65.0,72725612-02ce-4f0d-8d47-06601389a52d,297WR,344.23553466796875,-1.0,40.577320922221226,-80.1968793351021,-1.0,fused,1598791286499
686621,locations,65.0,72725612-02ce-4f0d-8d47-06601389a52d,297WR,341.41143798828125,-1.0,40.576933458429906,-80.19690123924673,-1.0,fused,1598791586592
686622,locations,65.0,72725612-02ce-4f0d-8d47-06601389a52d,297WR,344.1613464355469,-1.0,40.577326237288034,-80.19687900483666,-1.0,fused,1598791886500
686623,locations,65.0,72725612-02ce-4f0d-8d47-06601389a52d,297WR,343.041748046875,-1.0,40.57714016083622,-80.19689054032425,-1.0,fused,1598792186500
686624,locations,65.0,72725612-02ce-4f0d-8d47-06601389a52d,297WR,342.31256103515625,-1.0,40.577020803797936,-80.19689801540842,-1.0,fused,1598792486516
686625,locations,65.0,72725612-02ce-4f0d-8d47-06601389a52d,297WR,344.238037109375,-1.0,40.57732121956321,-80.19687931758466,-1.0,fused,1598792786592
686626,locations,65.0,72725612-02ce-4f0d-8d47-06601389a52d,297WR,337.9558410644531,-1.0,40.57638453834103,-80.19693755001201,-1.0,fused,1598793086503
686627,locations,65.0,72725612-02ce-4f0d-8d47-06601389a52d,297WR,337.9928283691406,-1.0,40.5763845447474,-80.19693755999212,-1.0,fused,1598793386499
686628,locations,65.0,72725612-02ce-4f0d-8d47-06601389a52d,297WR,337.999755859375,-1.0,40.57638455049758,-80.19693755999963,-1.0,fused,1598793686572
686629,locations,65.0,72725612-02ce-4f0d-8d47-06601389a52d,297WR,338.0,-1.0,40.57638453275426,-80.1969375538797,-1.0,fused,1598793986590
686630,locations,65.0,72725612-02ce-4f0d-8d47-06601389a52d,297WR,338.0,-1.0,40.576384535626175,-80.19693755999997,-1.0,fused,1598794286501
686631,locations,65.0,72725612-02ce-4f0d-8d47-06601389a52d,297WR,338.0,-1.0,40.576384511311566,-80.19693755999471,-1.0,fused,1598794586504
686632,locations,65.0,72725612-02ce-4f0d-8d47-06601389a52d,297WR,338.0,-1.0,40.576383858019426,-80.19693667643276,-1.0,fused,1598794886506
686633,locations,65.0,72725612-02ce-4f0d-8d47-06601389a52d,297WR,338.7381896972656,-1.0,40.57636696516357,-80.1970057419397,-1.0,fused,1598795186590
686634,locations,65.0,72725612-02ce-4f0d-8d47-06601389a52d,297WR,338.0000305175781,-1.0,40.576395436000155,-80.19694041623218,-1.0,fused,1598795486499
686635,locations,65.0,72725612-02ce-4f0d-8d47-06601389a52d,297WR,338.2145690917969,-1.0,40.57637146929749,-80.19698809695149,-1.0,fused,1598795786506
686636,locations,65.0,72725612-02ce-4f0d-8d47-06601389a52d,297WR,338.0,-1.0,40.57638424549853,-80.1969375599943,-1.0,fused,1598796086505
686637,locations,65.0,72725612-02ce-4f0d-8d47-06601389a52d,297WR,338.0,-1.0,40.57638452285827,-80.19693755999995,-1.0,fused,1598796386589
686638,locations,65.0,72725612-02ce-4f0d-8d47-06601389a52d,297WR,338.0,-1.0,40.57638446049285,-80.19693753796865,-1.0,fused,1598796686504
686639,locations,65.0,72725612-02ce-4f0d-8d47-06601389a52d,297WR,338.03863525390625,-1.0,40.57638461733429,-80.19693727447479,-1.0,fused,1598796986508
686640,locations,65.0,72725612-02ce-4f0d-8d47-06601389a52d,297WR,338.0347595214844,-1.0,40.576382535372794,-80.19693663493352,-1.0,fused,1598797286508
686641,locations,65.0,72725612-02ce-4f0d-8d47-06601389a52d,297WR,338.4664611816406,-1.0,40.57640796827406,-80.19697081962344,-1.0,fused,1598797586596
686642,locations,65.0,72725612-02ce-4f0d-8d47-06601389a52d,297WR,338.0,-1.0,40.57638542535511,-80.19693755967748,-1.0,fused,1598797886508
686643,locations,65.0,72725612-02ce-4f0d-8d47-06601389a52d,297WR,338.00006103515625,-1.0,40.57638424796343,-80.1969375600033,-1.0,fused,1598798186505
686644,locations,65.0,72725612-02ce-4f0d-8d47-06601389a52d,297WR,338.0,-1.0,40.57638174601368,-80.19693755999997,-1.0,fused,1598798486510
686645,locations,65.0,72725612-02ce-4f0d-8d47-06601389a52d,297WR,338.0,-1.0,40.57638155561056,-80.19693755999997,-1.0,fused,1598798786601
686646,locations,65.0,72725612-02ce-4f0d-8d47-06601389a52d,297WR,338.0,-1.0,40.576383597685314,-80.19693756000059,-1.0,fused,1598799086507
686647,locations,76.0,72725612-02ce-4f0d-8d47-06601389a52d,297WR,338.0,-1.0,40.57656131373499,-80.19703389862538,-1.0,fused,1598799386486
686648,locations,65.0,72725612-02ce-4f0d-8d47-06601389a52d,297WR,338.0,-1.0,40.576388483518016,-80.19693756112356,-1.0,fused,1598799686489
686649,locations,65.0,72725612-02ce-4f0d-8d47-06601389a52d,297WR,338.0,-1.0,40.57638392497061,-80.19693755999997,-1.0,fused,1598799986492
686650,locations,65.0,72725612-02ce-4f0d-8d47-06601389a52d,297WR,338.0,-1.0,40.57638544912405,-80.19693755999855,-1.0,fused,1598800286574
686651,locations,65.0,72725612-02ce-4f0d-8d47-06601389a52d,297WR,335.8900146484375,-1.0,40.576389821647155,-80.19694055923165,-1.0,fused,1598800586486
686652,locations,65.0,72725612-02ce-4f0d-8d47-06601389a52d,297WR,338.8060302734375,-1.0,40.576355945378666,-80.19704940917273,-1.0,fused,1598800886481
686653,locations,65.0,72725612-02ce-4f0d-8d47-06601389a52d,297WR,338.4052734375,-1.0,40.57637990794545,-80.19693773967032,-1.0,fused,1598801186561
686654,locations,65.0,72725612-02ce-4f0d-8d47-06601389a52d,297WR,338.1374816894531,-1.0,40.576384361273306,-80.1969376044337,-1.0,fused,1598801486568
686655,locations,65.0,72725612-02ce-4f0d-8d47-06601389a52d,297WR,338.03472900390625,-1.0,40.57638543828406,-80.19693756006511,-1.0,fused,1598801786481
686656,locations,65.0,72725612-02ce-4f0d-8d47-06601389a52d,297WR,338.0906677246094,-1.0,40.57636793641166,-80.19700225660627,-1.0,fused,1598802086480
686657,locations,65.0,72725612-02ce-4f0d-8d47-06601389a52d,297WR,338.4599914550781,-1.0,40.57638344865174,-80.19694178297135,-1.0,fused,1598802386478
686658,locations,65.0,72725612-02ce-4f0d-8d47-06601389a52d,297WR,338.1162109375,-1.0,40.5763845466801,-80.19693755990396,-1.0,fused,1598802686565
686659,locations,65.0,72725612-02ce-4f0d-8d47-06601389a52d,297WR,338.02935791015625,-1.0,40.5763962534076,-80.19694063044851,-1.0,fused,1598802986478
686660,locations,65.0,72725612-02ce-4f0d-8d47-06601389a52d,297WR,338.0074462890625,-1.0,40.57638549966865,-80.19693755990755,-1.0,fused,1598803286480
686661,locations,65.0,72725612-02ce-4f0d-8d47-06601389a52d,297WR,338.00189208984375,-1.0,40.57638454656027,-80.1969375598799,-1.0,fused,1598803586475
686662,locations,65.0,72725612-02ce-4f0d-8d47-06601389a52d,297WR,338.00048828125,-1.0,40.57638454285181,-80.1969375598965,-1.0,fused,1598803886561
686663,locations,65.0,72725612-02ce-4f0d-8d47-06601389a52d,297WR,338.0002136230469,-1.0,40.57638453900649,-80.19693755991062,-1.0,fused,1598804186473
686664,locations,65.0,72725612-02ce-4f0d-8d47-06601389a52d,297WR,338.0002136230469,-1.0,40.57638447339343,-80.19693751492865,-1.0,fused,1598804486469
686665,locations,65.0,72725612-02ce-4f0d-8d47-06601389a52d,297WR,338.0002136230469,-1.0,40.576384544592045,-80.19693755998294,-1.0,fused,1598804786472
686666,locations,65.0,72725612-02ce-4f0d-8d47-06601389a52d,297WR,338.0000305175781,-1.0,40.576401788099815,-80.19694697467506,-1.0,fused,1598805086557
686667,locations,65.0,72725612-02ce-4f0d-8d47-06601389a52d,297WR,338.0000305175781,-1.0,40.57638333552278,-80.19693755999748,-1.0,fused,1598805386470
686668,locations,65.0,72725612-02ce-4f0d-8d47-06601389a52d,297WR,338.0000305175781,-1.0,40.57638414829909,-80.19693755999782,-1.0,fused,1598805686470
686669,locations,65.0,72725612-02ce-4f0d-8d47-06601389a52d,297WR,338.0235900878906,-1.0,40.57639867116699,-80.19695821800975,-1.0,fused,1598805986490
686670,locations,65.0,72725612-02ce-4f0d-8d47-06601389a52d,297WR,338.0060729980469,-1.0,40.576385501574244,-80.19693755994645,-1.0,fused,1598806286576
686671,locations,65.0,72725612-02ce-4f0d-8d47-06601389a52d,297WR,338.0014953613281,-1.0,40.57638454284177,-80.19693755995289,-1.0,fused,1598806586491
686672,locations,65.0,72725612-02ce-4f0d-8d47-06601389a52d,297WR,338.0003967285156,-1.0,40.576385498084726,-80.19693755995918,-1.0,fused,1598806886492
686673,locations,65.0,72725612-02ce-4f0d-8d47-06601389a52d,297WR,338.0002136230469,-1.0,40.576385493323656,-80.19693755996454,-1.0,fused,1598807186493
686674,locations,65.0,72725612-02ce-4f0d-8d47-06601389a52d,297WR,338.0002136230469,-1.0,40.57638454724154,-80.19693755996948,-1.0,fused,1598807486580
686675,locations,65.0,72725612-02ce-4f0d-8d47-06601389a52d,297WR,338.35772705078125,-1.0,40.57636649663503,-80.19700754391435,-1.0,fused,1598807786494
686676,locations,65.0,72725612-02ce-4f0d-8d47-06601389a52d,297WR,338.6484375,-1.0,40.57636640137417,-80.19700794744476,-1.0,fused,1598808086491
686677,locations,65.0,72725612-02ce-4f0d-8d47-06601389a52d,297WR,338.331298828125,-1.0,40.576384547474476,-80.19693755992263,-1.0,fused,1598808386492
686678,locations,65.0,72725612-02ce-4f0d-8d47-06601389a52d,297WR,338.0837097167969,-1.0,40.576384546717975,-80.19693755992077,-1.0,fused,1598808686583
686679,locations,65.0,72725612-02ce-4f0d-8d47-06601389a52d,297WR,338.0196838378906,-1.0,40.57638454954874,-80.19693755993157,-1.0,fused,1598808986496
686680,locations,65.0,72725612-02ce-4f0d-8d47-06601389a52d,297WR,338.0050048828125,-1.0,40.57638454277085,-80.19693755994093,-1.0,fused,1598809286497
686681,locations,65.0,72725612-02ce-4f0d-8d47-06601389a52d,297WR,338.00128173828125,-1.0,40.576384547795385,-80.19693755994906,-1.0,fused,1598809586498
686682,locations,65.0,72725612-02ce-4f0d-8d47-06601389a52d,297WR,338.0003356933594,-1.0,40.576385489808175,-80.19693755995607,-1.0,fused,1598809886586
686683,locations,65.0,72725612-02ce-4f0d-8d47-06601389a52d,297WR,338.0002136230469,-1.0,40.576384546404384,-80.19693755996187,-1.0,fused,1598810186493
686684,locations,65.0,72725612-02ce-4f0d-8d47-06601389a52d,297WR,338.0002136230469,-1.0,40.576384540033935,-80.1969375599672,-1.0,fused,1598810486499
686685,locations,65.0,72725612-02ce-4f0d-8d47-06601389a52d,297WR,338.0002136230469,-1.0,40.57638453607333,-80.19693755997164,-1.0,fused,1598810786577
686686,locations,65.0,72725612-02ce-4f0d-8d47-06601389a52d,297WR,338.0002136230469,-1.0,40.57639624400032,-80.19694062774865,-1.0,fused,1598811086587
686687,locations,65.0,72725612-02ce-4f0d-8d47-06601389a52d,297WR,338.0002136230469,-1.0,40.576396241290134,-80.19694062772567,-1.0,fused,1598811386497
686688,locations,65.0,72725612-02ce-4f0d-8d47-06601389a52d,297WR,338.0002136230469,-1.0,40.576384544776396,-80.19693755998148,-1.0,fused,1598811686503
686689,locations,65.0,72725612-02ce-4f0d-8d47-06601389a52d,297WR,338.0002136230469,-1.0,40.57638454057013,-80.196937559984,-1.0,fused,1598811986580
686690,locations,65.0,72725612-02ce-4f0d-8d47-06601389a52d,297WR,338.1692199707031,-1.0,40.5764065490793,-80.19697147149799,-1.0,fused,1598812286587
686691,locations,65.0,72725612-02ce-4f0d-8d47-06601389a52d,297WR,338.5846862792969,-1.0,40.57643110522671,-80.1970049898717,-1.0,fused,1598812586499
686692,locations,65.0,72725612-02ce-4f0d-8d47-06601389a52d,297WR,338.8000183105469,-1.0,40.576366456981056,-80.19700773262377,-1.0,fused,1598812886500
686693,locations,65.0,72725612-02ce-4f0d-8d47-06601389a52d,297WR,338.5276794433594,-1.0,40.576384542415575,-80.19693757523599,-1.0,fused,1598813186499
686694,locations,65.0,72725612-02ce-4f0d-8d47-06601389a52d,297WR,338.7088623046875,-1.0,40.57633952187712,-80.19711408862442,-1.0,fused,1598813486587
686695,locations,65.0,72725612-02ce-4f0d-8d47-06601389a52d,297WR,339.17767333984375,-1.0,40.576366545389966,-80.19700735292591,-1.0,fused,1598813786499
686696,locations,65.0,72725612-02ce-4f0d-8d47-06601389a52d,297WR,338.7936096191406,-1.0,40.576403079202436,-80.19696467838456,-1.0,fused,1598814086501
686697,locations,65.0,72725612-02ce-4f0d-8d47-06601389a52d,297WR,338.779052734375,-1.0,40.576366418302825,-80.19700787376243,-1.0,fused,1598814386503
686698,locations,65.0,72725612-02ce-4f0d-8d47-06601389a52d,297WR,338.5225830078125,-1.0,40.576403102084534,-80.19696469164947,-1.0,fused,1598814686560
686699,locations,65.0,72725612-02ce-4f0d-8d47-06601389a52d,297WR,338.00140380859375,-1.0,40.57638158229289,-80.19693745493703,-1.0,fused,1598814986593
686700,locations,65.0,72725612-02ce-4f0d-8d47-06601389a52d,297WR,339.80035400390625,-1.0,40.57638517302334,-80.19709542420169,-1.0,fused,1598815286503
686701,locations,65.0,72725612-02ce-4f0d-8d47-06601389a52d,297WR,338.4546203613281,-1.0,40.576383599592354,-80.19693755922128,-1.0,fused,1598815586504
686702,locations,16.0,72725612-02ce-4f0d-8d47-06601389a52d,297WR,340.3436964509462,135.02763528700467,40.576853676085456,-80.19724296577104,0.0,fused,1598815886595
686703,locations,65.0,72725612-02ce-4f0d-8d47-06601389a52d,297WR,338.39935302734375,-1.0,40.576381535181305,-80.19693945219322,-1.0,fused,1598816186596
686704,locations,65.0,72725612-02ce-4f0d-8d47-06601389a52d,297WR,338.03704833984375,-1.0,40.57638430652846,-80.19693741197138,-1.0,fused,1598816486510
686705,locations,65.0,72725612-02ce-4f0d-8d47-06601389a52d,297WR,338.0025329589844,-1.0,40.57640809103406,-80.19695041701333,-1.0,fused,1598816786506
686706,locations,65.0,72725612-02ce-4f0d-8d47-06601389a52d,297WR,338.0018310546875,-1.0,40.57642602988883,-80.196960212965,-1.0,fused,1598817086511
686707,locations,65.0,72725612-02ce-4f0d-8d47-06601389a52d,297WR,338.00048828125,-1.0,40.57638454322778,-80.19693756012326,-1.0,fused,1598817386604
686708,locations,65.0,72725612-02ce-4f0d-8d47-06601389a52d,297WR,338.0002136230469,-1.0,40.57638424879635,-80.19693756010463,-1.0,fused,1598817686511
686709,locations,65.0,72725612-02ce-4f0d-8d47-06601389a52d,297WR,338.0002136230469,-1.0,40.57638453808249,-80.19693756009016,-1.0,fused,1598817986511
686710,locations,65.0,72725612-02ce-4f0d-8d47-06601389a52d,297WR,338.63238525390625,-1.0,40.57633939515849,-80.19711457806284,-1.0,fused,1598818286512
686711,locations,65.0,72725612-02ce-4f0d-8d47-06601389a52d,297WR,339.0674743652344,-1.0,40.576366670970785,-80.19700688842245,-1.0,fused,1598818586604
686712,locations,65.0,72725612-02ce-4f0d-8d47-06601389a52d,297WR,338.5373840332031,-1.0,40.57638454598442,-80.1969375601454,-1.0,fused,1598818886512
686713,locations,65.0,72725612-02ce-4f0d-8d47-06601389a52d,297WR,338.00653076171875,-1.0,40.57639621349608,-80.1969406198108,-1.0,fused,1598819186513
686714,locations,65.0,72725612-02ce-4f0d-8d47-06601389a52d,297WR,338.0015563964844,-1.0,40.576385489947725,-80.19693755998486,-1.0,fused,1598819486515
686715,locations,65.0,72725612-02ce-4f0d-8d47-06601389a52d,297WR,338.0003967285156,-1.0,40.576381679929646,-80.19693755998689,-1.0,fused,1598819786605
686716,locations,65.0,72725612-02ce-4f0d-8d47-06601389a52d,297WR,338.0002136230469,-1.0,40.57638167993893,-80.1969375599886,-1.0,fused,1598820086516
686717,locations,65.0,72725612-02ce-4f0d-8d47-06601389a52d,297WR,338.0002136230469,-1.0,40.57638551057454,-80.19693755999022,-1.0,fused,1598820386518
686718,locations,65.0,72725612-02ce-4f0d-8d47-06601389a52d,297WR,338.0002136230469,-1.0,40.57639619092185,-80.19694061433495,-1.0,fused,1598820686517
686719,locations,65.0,72725612-02ce-4f0d-8d47-06601389a52d,297WR,338.0002136230469,-1.0,40.57639620753257,-80.1969406177932,-1.0,fused,1598820986607
686720,locations,65.0,72725612-02ce-4f0d-8d47-06601389a52d,297WR,338.0002136230469,-1.0,40.576384556074856,-80.19693756274721,-1.0,fused,1598821286519
686721,locations,65.0,72725612-02ce-4f0d-8d47-06601389a52d,297WR,338.0002136230469,-1.0,40.57638454242953,-80.19693755998597,-1.0,fused,1598821586519
686722,locations,65.0,72725612-02ce-4f0d-8d47-06601389a52d,297WR,338.0002136230469,-1.0,40.57638551746572,-80.19693755998776,-1.0,fused,1598821886520
686723,locations,65.0,72725612-02ce-4f0d-8d47-06601389a52d,297WR,338.0002136230469,-1.0,40.57638740627269,-80.19693755998945,-1.0,fused,1598822186603
686724,locations,65.0,72725612-02ce-4f0d-8d47-06601389a52d,297WR,338.0002136230469,-1.0,40.57638294045089,-80.19693755992988,-1.0,fused,1598822486520
686725,locations,65.0,72725612-02ce-4f0d-8d47-06601389a52d,297WR,338.5140686035156,-1.0,40.57629567702282,-80.19728158109416,-1.0,fused,1598822786521
686726,locations,65.0,72725612-02ce-4f0d-8d47-06601389a52d,297WR,340.87237548828125,-1.0,40.576346159599716,-80.19708643101451,-1.0,fused,1598823086521
686727,locations,65.0,72725612-02ce-4f0d-8d47-06601389a52d,297WR,341.2610778808594,-1.0,40.5769193750958,-80.1969003657662,-1.0,fused,1598823386611
686728,locations,65.0,72725612-02ce-4f0d-8d47-06601389a52d,297WR,338.00567626953125,-1.0,40.57638453342482,-80.19693755993994,-1.0,fused,1598823686522
686729,locations,65.0,72725612-02ce-4f0d-8d47-06601389a52d,297WR,338.9975891113281,-1.0,40.576431770340136,-80.19700597334278,-1.0,fused,1598823986516
686730,locations,65.0,72725612-02ce-4f0d-8d47-06601389a52d,297WR,335.4112548828125,-1.0,40.57638941897893,-80.19694025190053,-1.0,fused,1598824286516
686731,locations,65.0,72725612-02ce-4f0d-8d47-06601389a52d,297WR,338.04779052734375,-1.0,40.576388430803455,-80.19693423671194,-1.0,fused,1598824586608
686732,locations,65.0,72725612-02ce-4f0d-8d47-06601389a52d,297WR,338.00006103515625,-1.0,40.57638452381257,-80.19693807437643,-1.0,fused,1598824886519
686733,locations,65.0,72725612-02ce-4f0d-8d47-06601389a52d,297WR,338.0,-1.0,40.57638459154222,-80.19693758878995,-1.0,fused,1598825186522
686734,locations,165.0,72725612-02ce-4f0d-8d47-06601389a52d,297WR,338.0002136230469,-1.0,40.5766639700006,-80.197090140001,-1.0,fused,1598825486524
686735,locations,165.0,72725612-02ce-4f0d-8d47-06601389a52d,297WR,338.0000305175781,-1.0,40.576663969999984,-80.19709013999997,-1.0,fused,1598825786521
686736,locations,165.0,72725612-02ce-4f0d-8d47-06601389a52d,297WR,338.0000305175781,-1.0,40.57660203429134,-80.19705275953275,-1.0,fused,1598826086614
686737,locations,65.0,72725612-02ce-4f0d-8d47-06601389a52d,297WR,338.1625061035156,-1.0,40.57638484944149,-80.1969394413268,-1.0,fused,1598826386523
686738,locations,65.0,72725612-02ce-4f0d-8d47-06601389a52d,297WR,338.0143737792969,-1.0,40.57639581636306,-80.19694119980616,-1.0,fused,1598826686522
686739,locations,65.0,72725612-02ce-4f0d-8d47-06601389a52d,297WR,338.000732421875,-1.0,40.57638315863528,-80.19693679881432,-1.0,fused,1598826986527
686740,locations,65.0,72725612-02ce-4f0d-8d47-06601389a52d,297WR,340.0220031738281,-1.0,40.576376987114116,-80.197054878146,-1.0,fused,1598827286618
686741,locations,32.0,72725612-02ce-4f0d-8d47-06601389a52d,297WR,340.3683691653885,32.69406308500548,40.576869216063436,-80.19704047370702,0.20621313154697413,fused,1598827586509
686742,locations,65.0,72725612-02ce-4f0d-8d47-06601389a52d,297WR,338.00872802734375,-1.0,40.57638455000437,-80.19693755999405,-1.0,fused,1598827886508
686743,locations,65.0,72725612-02ce-4f0d-8d47-06601389a52d,297WR,338.0000915527344,-1.0,40.57639630539396,-80.19694064659437,-1.0,fused,1598828186507
686744,locations,65.0,72725612-02ce-4f0d-8d47-06601389a52d,297WR,345.21173095703125,-1.0,40.577654483877,-80.19685647589517,-1.0,fused,1598828486593
686745,locations,65.0,72725612-02ce-4f0d-8d47-06601389a52d,297WR,339.9189147949219,-1.0,40.576339034966566,-80.19711596008432,-1.0,fused,1598828786504
686746,locations,65.0,72725612-02ce-4f0d-8d47-06601389a52d,297WR,339.57489013671875,-1.0,40.57652927869135,-80.19710084955454,-1.0,fused,1598829086505
686747,locations,65.0,72725612-02ce-4f0d-8d47-06601389a52d,297WR,338.4219665527344,-1.0,40.57638168005509,-80.19693755897477,-1.0,fused,1598829386505
686748,locations,65.0,72725612-02ce-4f0d-8d47-06601389a52d,297WR,338.0995178222656,-1.0,40.576385489963506,-80.19693755906417,-1.0,fused,1598829686589
686749,locations,65.0,72725612-02ce-4f0d-8d47-06601389a52d,297WR,338.6991271972656,-1.0,40.57643161573899,-80.19700574378265,-1.0,fused,1598829986502
686750,locations,65.0,72725612-02ce-4f0d-8d47-06601389a52d,297WR,338.1983337402344,-1.0,40.57638930971387,-80.19693755890759,-1.0,fused,1598830286501
686751,locations,65.0,72725612-02ce-4f0d-8d47-06601389a52d,297WR,339.98809814453125,-1.0,40.57702646424535,-80.19689785481096,-1.0,fused,1598830586501
686752,locations,65.0,72725612-02ce-4f0d-8d47-06601389a52d,297WR,340.0730285644531,-1.0,40.576385174286706,-80.19709883961524,-1.0,fused,1598830886586
686753,locations,65.0,72725612-02ce-4f0d-8d47-06601389a52d,297WR,338.5975036621094,-1.0,40.576385487753,-80.19693755936257,-1.0,fused,1598831186510
686754,locations,65.0,72725612-02ce-4f0d-8d47-06601389a52d,297WR,338.40631103515625,-1.0,40.57652506972703,-80.19701334254606,-1.0,fused,1598831486511
686755,locations,65.0,72725612-02ce-4f0d-8d47-06601389a52d,297WR,338.3296203613281,-1.0,40.5766089016307,-80.19705971135241,-1.0,fused,1598831786512
