name,activities,automotive,confidence,cycling,device_id,device_label,label,running,stationary,timestamp,unknown,walking
plugin_ios_activity_recognition,,0,2,0,e2a7ad3c-7a05-4c18-bac3-ef017ab94d38,710CL,,0,0,1606003200485,0,0
plugin_ios_activity_recognition,"[""stationary""]",0,2,0,e2a7ad3c-7a05-4c18-bac3-ef017ab94d38,710CL,,0,1,1606003203992,0,0
plugin_ios_activity_recognition,,0,2,0,e2a7ad3c-7a05-4c18-bac3-ef017ab94d38,710CL,,0,0,1606003221880,0,0
plugin_ios_activity_recognition,"[""stationary""]",0,2,0,e2a7ad3c-7a05-4c18-bac3-ef017ab94d38,710CL,,0,1,1606003266944,0,0
plugin_ios_activity_recognition,,0,2,0,e2a7ad3c-7a05-4c18-bac3-ef017ab94d38,710CL,,0,0,1606003267575,0,0
plugin_ios_activity_recognition,"[""walking""]",0,1,0,e2a7ad3c-7a05-4c18-bac3-ef017ab94d38,710CL,,0,0,1606003361544,0,1
plugin_ios_activity_recognition,"[""walking""]",0,2,0,e2a7ad3c-7a05-4c18-bac3-ef017ab94d38,710CL,,0,0,1606003364098,0,1
plugin_ios_activity_recognition,"[""walking""]",0,2,0,e2a7ad3c-7a05-4c18-bac3-ef017ab94d38,710CL,,0,0,1606003365137,0,1
plugin_ios_activity_recognition,,0,2,0,e2a7ad3c-7a05-4c18-bac3-ef017ab94d38,710CL,,0,0,1606003415242,0,0
plugin_ios_activity_recognition,"[""stationary""]",0,2,0,e2a7ad3c-7a05-4c18-bac3-ef017ab94d38,710CL,,0,1,1606003470846,0,0
plugin_ios_activity_recognition,,0,2,0,e2a7ad3c-7a05-4c18-bac3-ef017ab94d38,710CL,,0,0,1606003490983,0,0
plugin_ios_activity_recognition,"[""stationary""]",0,2,0,e2a7ad3c-7a05-4c18-bac3-ef017ab94d38,710CL,,0,1,1606003506965,0,0
plugin_ios_activity_recognition,"[""stationary""]",0,2,0,e2a7ad3c-7a05-4c18-bac3-ef017ab94d38,710CL,,0,1,1606003545219,0,0
plugin_ios_activity_recognition,,0,2,0,e2a7ad3c-7a05-4c18-bac3-ef017ab94d38,710CL,,0,0,1606003628883,0,0
plugin_ios_activity_recognition,"[""walking""]",0,1,0,e2a7ad3c-7a05-4c18-bac3-ef017ab94d38,710CL,,0,0,1606003645187,0,1
plugin_ios_activity_recognition,"[""walking""]",0,2,0,e2a7ad3c-7a05-4c18-bac3-ef017ab94d38,710CL,,0,0,1606003648696,0,1
plugin_ios_activity_recognition,"[""stationary""]",0,2,0,e2a7ad3c-7a05-4c18-bac3-ef017ab94d38,710CL,,0,1,1606003681938,0,0
plugin_ios_activity_recognition,,0,2,0,e2a7ad3c-7a05-4c18-bac3-ef017ab94d38,710CL,,0,0,1606003701755,0,0
plugin_ios_activity_recognition,,0,2,0,e2a7ad3c-7a05-4c18-bac3-ef017ab94d38,710CL,,0,0,1606003725143,0,0
plugin_ios_activity_recognition,"[""stationary""]",0,2,0,e2a7ad3c-7a05-4c18-bac3-ef017ab94d38,710CL,,0,1,1606003736276,0,0
plugin_ios_activity_recognition,,0,2,0,e2a7ad3c-7a05-4c18-bac3-ef017ab94d38,710CL,,0,0,1606003832075,0,0
plugin_ios_activity_recognition,"[""walking""]",0,1,0,e2a7ad3c-7a05-4c18-bac3-ef017ab94d38,710CL,,0,0,1606003847102,0,1
plugin_ios_activity_recognition,"[""walking""]",0,2,0,e2a7ad3c-7a05-4c18-bac3-ef017ab94d38,710CL,,0,0,1606003854775,0,1
plugin_ios_activity_recognition,"[""stationary""]",0,2,0,e2a7ad3c-7a05-4c18-bac3-ef017ab94d38,710CL,,0,1,1606003904617,0,0
plugin_ios_activity_recognition,"[""stationary""]",0,2,0,e2a7ad3c-7a05-4c18-bac3-ef017ab94d38,710CL,,0,1,1606003905156,0,0
plugin_ios_activity_recognition,"[""walking""]",0,2,0,e2a7ad3c-7a05-4c18-bac3-ef017ab94d38,710CL,,0,0,1606003906216,0,1
plugin_ios_activity_recognition,,0,2,0,e2a7ad3c-7a05-4c18-bac3-ef017ab94d38,710CL,,0,0,1606003934026,0,0
plugin_ios_activity_recognition,"[""stationary""]",0,2,0,e2a7ad3c-7a05-4c18-bac3-ef017ab94d38,710CL,,0,1,1606003951915,0,0
plugin_ios_activity_recognition,,0,2,0,e2a7ad3c-7a05-4c18-bac3-ef017ab94d38,710CL,,0,0,1606003954784,0,0
plugin_ios_activity_recognition,"[""walking""]",0,1,0,e2a7ad3c-7a05-4c18-bac3-ef017ab94d38,710CL,,0,0,1606004010729,0,1
plugin_ios_activity_recognition,"[""walking""]",0,2,0,e2a7ad3c-7a05-4c18-bac3-ef017ab94d38,710CL,,0,0,1606004013285,0,1
plugin_ios_activity_recognition,,0,2,0,e2a7ad3c-7a05-4c18-bac3-ef017ab94d38,710CL,,0,0,1606004066340,0,0
plugin_ios_activity_recognition,,0,2,0,e2a7ad3c-7a05-4c18-bac3-ef017ab94d38,710CL,,0,0,1606004085241,0,0
plugin_ios_activity_recognition,"[""stationary""]",0,2,0,e2a7ad3c-7a05-4c18-bac3-ef017ab94d38,710CL,,0,1,1606004105966,0,0
plugin_ios_activity_recognition,,0,2,0,e2a7ad3c-7a05-4c18-bac3-ef017ab94d38,710CL,,0,0,1606004107877,0,0
plugin_ios_activity_recognition,"[""stationary""]",0,2,0,e2a7ad3c-7a05-4c18-bac3-ef017ab94d38,710CL,,0,1,1606004123220,0,0
plugin_ios_activity_recognition,,0,2,0,e2a7ad3c-7a05-4c18-bac3-ef017ab94d38,710CL,,0,0,1606004127681,0,0
plugin_ios_activity_recognition,"[""stationary""]",0,2,0,e2a7ad3c-7a05-4c18-bac3-ef017ab94d38,710CL,,0,1,1606004165718,0,0
plugin_ios_activity_recognition,,0,2,0,e2a7ad3c-7a05-4c18-bac3-ef017ab94d38,710CL,,0,0,1606004166997,0,0
plugin_ios_activity_recognition,"[""stationary""]",0,2,0,e2a7ad3c-7a05-4c18-bac3-ef017ab94d38,710CL,,0,1,1606004256485,0,0
plugin_ios_activity_recognition,,0,2,0,e2a7ad3c-7a05-4c18-bac3-ef017ab94d38,710CL,,0,0,1606004259351,0,0
plugin_ios_activity_recognition,,0,2,0,e2a7ad3c-7a05-4c18-bac3-ef017ab94d38,710CL,,0,0,1606004265231,0,0
plugin_ios_activity_recognition,"[""stationary""]",0,2,0,e2a7ad3c-7a05-4c18-bac3-ef017ab94d38,710CL,,0,1,1606004364803,0,0
plugin_ios_activity_recognition,,0,2,0,e2a7ad3c-7a05-4c18-bac3-ef017ab94d38,710CL,,0,0,1606004368314,0,0
plugin_ios_activity_recognition,"[""stationary""]",0,2,0,e2a7ad3c-7a05-4c18-bac3-ef017ab94d38,710CL,,0,1,1606004381413,0,0
plugin_ios_activity_recognition,,0,2,0,e2a7ad3c-7a05-4c18-bac3-ef017ab94d38,710CL,,0,0,1606004386522,0,0
plugin_ios_activity_recognition,"[""stationary""]",0,2,0,e2a7ad3c-7a05-4c18-bac3-ef017ab94d38,710CL,,0,1,1606004404737,0,0
plugin_ios_activity_recognition,,0,2,0,e2a7ad3c-7a05-4c18-bac3-ef017ab94d38,710CL,,0,0,1606004405695,0,0
plugin_ios_activity_recognition,,0,2,0,e2a7ad3c-7a05-4c18-bac3-ef017ab94d38,710CL,,0,0,1606004445157,0,0
plugin_ios_activity_recognition,"[""stationary""]",0,2,0,e2a7ad3c-7a05-4c18-bac3-ef017ab94d38,710CL,,0,1,1606004545682,0,0
plugin_ios_activity_recognition,,0,2,0,e2a7ad3c-7a05-4c18-bac3-ef017ab94d38,710CL,,0,0,1606004546961,0,0
plugin_ios_activity_recognition,"[""stationary""]",0,2,0,e2a7ad3c-7a05-4c18-bac3-ef017ab94d38,710CL,,0,1,1606004621112,0,0
plugin_ios_activity_recognition,"[""stationary""]",0,2,0,e2a7ad3c-7a05-4c18-bac3-ef017ab94d38,710CL,,0,1,1606004625162,0,0
plugin_ios_activity_recognition,,0,2,0,e2a7ad3c-7a05-4c18-bac3-ef017ab94d38,710CL,,0,0,1606004628768,0,0
plugin_ios_activity_recognition,"[""stationary""]",0,2,0,e2a7ad3c-7a05-4c18-bac3-ef017ab94d38,710CL,,0,1,1606004646667,0,0
plugin_ios_activity_recognition,,0,2,0,e2a7ad3c-7a05-4c18-bac3-ef017ab94d38,710CL,,0,0,1606004650484,0,0
plugin_ios_activity_recognition,,0,2,0,e2a7ad3c-7a05-4c18-bac3-ef017ab94d38,710CL,,0,0,1606004805251,0,0
plugin_ios_activity_recognition,"[""stationary""]",0,2,0,e2a7ad3c-7a05-4c18-bac3-ef017ab94d38,710CL,,0,1,1606004888601,0,0
plugin_ios_activity_recognition,,0,2,0,e2a7ad3c-7a05-4c18-bac3-ef017ab94d38,710CL,,0,0,1606004892117,0,0
plugin_ios_activity_recognition,"[""stationary""]",0,2,0,e2a7ad3c-7a05-4c18-bac3-ef017ab94d38,710CL,,0,1,1606004928548,0,0
plugin_ios_activity_recognition,,0,2,0,e2a7ad3c-7a05-4c18-bac3-ef017ab94d38,710CL,,0,0,1606004931410,0,0
plugin_ios_activity_recognition,"[""stationary""]",0,2,0,e2a7ad3c-7a05-4c18-bac3-ef017ab94d38,710CL,,0,1,1606004945788,0,0
plugin_ios_activity_recognition,,0,2,0,e2a7ad3c-7a05-4c18-bac3-ef017ab94d38,710CL,,0,0,1606004953129,0,0
plugin_ios_activity_recognition,"[""stationary""]",0,2,0,e2a7ad3c-7a05-4c18-bac3-ef017ab94d38,710CL,,0,1,1606004965903,0,0
plugin_ios_activity_recognition,,0,2,0,e2a7ad3c-7a05-4c18-bac3-ef017ab94d38,710CL,,0,0,1606004978358,0,0
plugin_ios_activity_recognition,"[""stationary""]",0,2,0,e2a7ad3c-7a05-4c18-bac3-ef017ab94d38,710CL,,0,1,1606004983143,0,0
plugin_ios_activity_recognition,,0,2,0,e2a7ad3c-7a05-4c18-bac3-ef017ab94d38,710CL,,0,0,1606004983782,0,0
plugin_ios_activity_recognition,,0,2,0,e2a7ad3c-7a05-4c18-bac3-ef017ab94d38,710CL,,0,0,1606004985254,0,0
plugin_ios_activity_recognition,"[""stationary""]",0,2,0,e2a7ad3c-7a05-4c18-bac3-ef017ab94d38,710CL,,0,1,1606004990803,0,0
plugin_ios_activity_recognition,,0,2,0,e2a7ad3c-7a05-4c18-bac3-ef017ab94d38,710CL,,0,0,1606004991123,0,0
plugin_ios_activity_recognition,,0,2,0,e2a7ad3c-7a05-4c18-bac3-ef017ab94d38,710CL,,0,0,1606005165173,0,0
plugin_ios_activity_recognition,"[""walking""]",0,2,0,e2a7ad3c-7a05-4c18-bac3-ef017ab94d38,710CL,,0,0,1606005209749,0,1
plugin_ios_activity_recognition,"[""stationary""]",0,2,0,e2a7ad3c-7a05-4c18-bac3-ef017ab94d38,710CL,,0,1,1606005223162,0,0
plugin_ios_activity_recognition,"[""walking""]",0,2,0,e2a7ad3c-7a05-4c18-bac3-ef017ab94d38,710CL,,0,0,1606005260537,0,1
plugin_ios_activity_recognition,"[""stationary""]",0,2,0,e2a7ad3c-7a05-4c18-bac3-ef017ab94d38,710CL,,0,1,1606005294097,0,0
plugin_ios_activity_recognition,,0,2,0,e2a7ad3c-7a05-4c18-bac3-ef017ab94d38,710CL,,0,0,1606005324735,0,0
plugin_ios_activity_recognition,"[""walking""]",0,1,0,e2a7ad3c-7a05-4c18-bac3-ef017ab94d38,710CL,,0,0,1606005332410,0,1
plugin_ios_activity_recognition,"[""walking""]",0,2,0,e2a7ad3c-7a05-4c18-bac3-ef017ab94d38,710CL,,0,0,1606005342635,0,1
plugin_ios_activity_recognition,"[""walking""]",0,2,0,e2a7ad3c-7a05-4c18-bac3-ef017ab94d38,710CL,,0,0,1606005345171,0,1
plugin_ios_activity_recognition,,0,2,0,e2a7ad3c-7a05-4c18-bac3-ef017ab94d38,710CL,,0,0,1606005434679,0,0
plugin_ios_activity_recognition,,0,2,0,e2a7ad3c-7a05-4c18-bac3-ef017ab94d38,710CL,,0,0,1606005525264,0,0
plugin_ios_activity_recognition,,0,2,0,e2a7ad3c-7a05-4c18-bac3-ef017ab94d38,710CL,,0,0,1606005705171,0,0
plugin_ios_activity_recognition,"[""running""]",0,2,0,e2a7ad3c-7a05-4c18-bac3-ef017ab94d38,710CL,,1,0,1606005708284,0,0
plugin_ios_activity_recognition,,0,2,0,e2a7ad3c-7a05-4c18-bac3-ef017ab94d38,710CL,,0,0,1606005711154,0,0
plugin_ios_activity_recognition,,0,2,0,e2a7ad3c-7a05-4c18-bac3-ef017ab94d38,710CL,,0,0,1606005885170,0,0
plugin_ios_activity_recognition,"[""running""]",0,2,0,e2a7ad3c-7a05-4c18-bac3-ef017ab94d38,710CL,,1,0,1606005958884,0,0
plugin_ios_activity_recognition,,0,2,0,e2a7ad3c-7a05-4c18-bac3-ef017ab94d38,710CL,,0,0,1606005963999,0,0
plugin_ios_activity_recognition,"[""running""]",0,2,0,e2a7ad3c-7a05-4c18-bac3-ef017ab94d38,710CL,,1,0,1606005966555,0,0
plugin_ios_activity_recognition,,0,2,0,e2a7ad3c-7a05-4c18-bac3-ef017ab94d38,710CL,,0,0,1606005981897,0,0
plugin_ios_activity_recognition,,0,2,0,e2a7ad3c-7a05-4c18-bac3-ef017ab94d38,710CL,,0,0,1606006065173,0,0
plugin_ios_activity_recognition,,0,2,0,e2a7ad3c-7a05-4c18-bac3-ef017ab94d38,710CL,supplement,0,0,1606006245173,0,0
plugin_ios_activity_recognition,,0,2,0,e2a7ad3c-7a05-4c18-bac3-ef017ab94d38,710CL,,0,0,1606006245264,0,0
plugin_ios_activity_recognition,,0,2,0,e2a7ad3c-7a05-4c18-bac3-ef017ab94d38,710CL,supplement,0,0,1606006425173,0,0
plugin_ios_activity_recognition,,0,2,0,e2a7ad3c-7a05-4c18-bac3-ef017ab94d38,710CL,,0,0,1606006425183,0,0
plugin_ios_activity_recognition,"[""walking""]",0,2,0,e2a7ad3c-7a05-4c18-bac3-ef017ab94d38,710CL,,0,0,1606006465214,0,1
plugin_ios_activity_recognition,,0,2,0,e2a7ad3c-7a05-4c18-bac3-ef017ab94d38,710CL,,0,0,1606006524032,0,0
plugin_ios_activity_recognition,,0,2,0,e2a7ad3c-7a05-4c18-bac3-ef017ab94d38,710CL,,0,0,1606006605184,0,0
plugin_ios_activity_recognition,,0,2,0,e2a7ad3c-7a05-4c18-bac3-ef017ab94d38,710CL,supplement,0,0,1606006785184,0,0
plugin_ios_activity_recognition,,0,2,0,e2a7ad3c-7a05-4c18-bac3-ef017ab94d38,710CL,,0,0,1606006785187,0,0
plugin_ios_activity_recognition,,0,2,0,e2a7ad3c-7a05-4c18-bac3-ef017ab94d38,710CL,supplement,0,0,1606006965184,0,0
plugin_ios_activity_recognition,,0,2,0,e2a7ad3c-7a05-4c18-bac3-ef017ab94d38,710CL,,0,0,1606006965186,0,0
plugin_ios_activity_recognition,"[""stationary""]",0,2,0,e2a7ad3c-7a05-4c18-bac3-ef017ab94d38,710CL,,0,1,1606007046987,0,0
plugin_ios_activity_recognition,,0,2,0,e2a7ad3c-7a05-4c18-bac3-ef017ab94d38,710CL,,0,0,1606007111836,0,0
plugin_ios_activity_recognition,"[""walking""]",0,1,0,e2a7ad3c-7a05-4c18-bac3-ef017ab94d38,710CL,,0,0,1606007114715,0,1
plugin_ios_activity_recognition,"[""walking""]",0,2,0,e2a7ad3c-7a05-4c18-bac3-ef017ab94d38,710CL,,0,0,1606007137728,0,1
plugin_ios_activity_recognition,"[""walking""]",0,2,0,e2a7ad3c-7a05-4c18-bac3-ef017ab94d38,710CL,,0,0,1606007145227,0,1
plugin_ios_activity_recognition,,0,2,0,e2a7ad3c-7a05-4c18-bac3-ef017ab94d38,710CL,,0,0,1606007188870,0,0
plugin_ios_activity_recognition,,0,2,0,e2a7ad3c-7a05-4c18-bac3-ef017ab94d38,710CL,,0,0,1606007325193,0,0
plugin_ios_activity_recognition,,0,2,0,e2a7ad3c-7a05-4c18-bac3-ef017ab94d38,710CL,supplement,0,0,1606007505193,0,0
plugin_ios_activity_recognition,,0,2,0,e2a7ad3c-7a05-4c18-bac3-ef017ab94d38,710CL,,0,0,1606007505196,0,0
plugin_ios_activity_recognition,,0,2,0,e2a7ad3c-7a05-4c18-bac3-ef017ab94d38,710CL,supplement,0,0,1606007685193,0,0
plugin_ios_activity_recognition,,0,2,0,e2a7ad3c-7a05-4c18-bac3-ef017ab94d38,710CL,supplement,0,0,1606007685196,0,0
plugin_ios_activity_recognition,,0,2,0,e2a7ad3c-7a05-4c18-bac3-ef017ab94d38,710CL,,0,0,1606007685286,0,0
plugin_ios_activity_recognition,"[""walking""]",0,1,0,e2a7ad3c-7a05-4c18-bac3-ef017ab94d38,710CL,,0,0,1606007743787,0,1
plugin_ios_activity_recognition,"[""walking""]",0,2,0,e2a7ad3c-7a05-4c18-bac3-ef017ab94d38,710CL,,0,0,1606007746343,0,1
plugin_ios_activity_recognition,"[""stationary""]",0,2,0,e2a7ad3c-7a05-4c18-bac3-ef017ab94d38,710CL,,0,1,1606007771587,0,0
plugin_ios_activity_recognition,,0,2,0,e2a7ad3c-7a05-4c18-bac3-ef017ab94d38,710CL,supplement,0,0,1606007865196,0,0
plugin_ios_activity_recognition,"[""stationary""]",0,2,0,e2a7ad3c-7a05-4c18-bac3-ef017ab94d38,710CL,,0,1,1606007865202,0,0
plugin_ios_activity_recognition,"[""stationary""]",0,2,0,e2a7ad3c-7a05-4c18-bac3-ef017ab94d38,710CL,supplement,0,1,1606008045202,0,0
plugin_ios_activity_recognition,"[""stationary""]",0,2,0,e2a7ad3c-7a05-4c18-bac3-ef017ab94d38,710CL,,0,1,1606008045204,0,0
plugin_ios_activity_recognition,,0,2,0,e2a7ad3c-7a05-4c18-bac3-ef017ab94d38,710CL,,0,0,1606008209030,0,0
plugin_ios_activity_recognition,"[""walking""]",0,1,0,e2a7ad3c-7a05-4c18-bac3-ef017ab94d38,710CL,,0,0,1606008213827,0,1
plugin_ios_activity_recognition,"[""walking""]",0,2,0,e2a7ad3c-7a05-4c18-bac3-ef017ab94d38,710CL,,0,0,1606008224055,0,1
plugin_ios_activity_recognition,"[""stationary""]",0,2,0,e2a7ad3c-7a05-4c18-bac3-ef017ab94d38,710CL,supplement,0,1,1606008225202,0,0
plugin_ios_activity_recognition,"[""walking""]",0,2,0,e2a7ad3c-7a05-4c18-bac3-ef017ab94d38,710CL,,0,0,1606008225207,0,1
plugin_ios_activity_recognition,"[""stationary""]",0,2,0,e2a7ad3c-7a05-4c18-bac3-ef017ab94d38,710CL,,0,1,1606008231724,0,0
plugin_ios_activity_recognition,"[""stationary""]",0,2,0,e2a7ad3c-7a05-4c18-bac3-ef017ab94d38,710CL,,0,1,1606008405284,0,0
plugin_ios_activity_recognition,"[""stationary""]",0,2,0,e2a7ad3c-7a05-4c18-bac3-ef017ab94d38,710CL,,0,1,1606008585211,0,0
plugin_ios_activity_recognition,"[""stationary""]",0,2,0,e2a7ad3c-7a05-4c18-bac3-ef017ab94d38,710CL,supplement,0,1,1606008765211,0,0
plugin_ios_activity_recognition,"[""stationary""]",0,2,0,e2a7ad3c-7a05-4c18-bac3-ef017ab94d38,710CL,,0,1,1606008765213,0,0
plugin_ios_activity_recognition,,0,2,0,e2a7ad3c-7a05-4c18-bac3-ef017ab94d38,710CL,,0,0,1606008821288,0,0
plugin_ios_activity_recognition,"[""stationary""]",0,2,0,e2a7ad3c-7a05-4c18-bac3-ef017ab94d38,710CL,,0,1,1606008851954,0,0
plugin_ios_activity_recognition,"[""stationary""]",0,2,0,e2a7ad3c-7a05-4c18-bac3-ef017ab94d38,710CL,,0,1,1606008945167,0,0
plugin_ios_activity_recognition,"[""stationary""]",0,2,0,e2a7ad3c-7a05-4c18-bac3-ef017ab94d38,710CL,supplement,0,1,1606008945211,0,0
plugin_ios_activity_recognition,"[""stationary""]",0,2,0,e2a7ad3c-7a05-4c18-bac3-ef017ab94d38,710CL,supplement,0,1,1606009125167,0,0
plugin_ios_activity_recognition,"[""stationary""]",0,2,0,e2a7ad3c-7a05-4c18-bac3-ef017ab94d38,710CL,,0,1,1606009125250,0,0
plugin_ios_activity_recognition,"[""stationary""]",0,2,0,e2a7ad3c-7a05-4c18-bac3-ef017ab94d38,710CL,,0,1,1606009305165,0,0
plugin_ios_activity_recognition,"[""stationary""]",0,2,0,e2a7ad3c-7a05-4c18-bac3-ef017ab94d38,710CL,supplement,0,1,1606009305167,0,0
plugin_ios_activity_recognition,,0,2,0,e2a7ad3c-7a05-4c18-bac3-ef017ab94d38,710CL,,0,0,1606009425067,0,0
plugin_ios_activity_recognition,,0,2,0,e2a7ad3c-7a05-4c18-bac3-ef017ab94d38,710CL,,0,0,1606009485166,0,0
plugin_ios_activity_recognition,"[""stationary""]",0,2,0,e2a7ad3c-7a05-4c18-bac3-ef017ab94d38,710CL,,0,1,1606009490254,0,0
plugin_ios_activity_recognition,,0,2,0,e2a7ad3c-7a05-4c18-bac3-ef017ab94d38,710CL,,0,0,1606009620228,0,0
plugin_ios_activity_recognition,"[""stationary""]",0,2,0,e2a7ad3c-7a05-4c18-bac3-ef017ab94d38,710CL,,0,1,1606009631420,0,0
plugin_ios_activity_recognition,,0,2,0,e2a7ad3c-7a05-4c18-bac3-ef017ab94d38,710CL,,0,0,1606009654724,0,0
plugin_ios_activity_recognition,,0,2,0,e2a7ad3c-7a05-4c18-bac3-ef017ab94d38,710CL,,0,0,1606009665167,0,0
plugin_ios_activity_recognition,"[""walking""]",0,1,0,e2a7ad3c-7a05-4c18-bac3-ef017ab94d38,710CL,,0,0,1606009687645,0,1
plugin_ios_activity_recognition,"[""walking""]",0,2,0,e2a7ad3c-7a05-4c18-bac3-ef017ab94d38,710CL,,0,0,1606009692756,0,1
plugin_ios_activity_recognition,,0,2,0,e2a7ad3c-7a05-4c18-bac3-ef017ab94d38,710CL,,0,0,1606009743896,0,0
plugin_ios_activity_recognition,"[""stationary""]",0,2,0,e2a7ad3c-7a05-4c18-bac3-ef017ab94d38,710CL,,0,1,1606009845260,0,0
plugin_ios_activity_recognition,,0,2,0,e2a7ad3c-7a05-4c18-bac3-ef017ab94d38,710CL,,0,0,1606009889592,0,0
plugin_ios_activity_recognition,"[""walking""]",0,1,0,e2a7ad3c-7a05-4c18-bac3-ef017ab94d38,710CL,,0,0,1606009892142,0,1
plugin_ios_activity_recognition,"[""walking""]",0,2,0,e2a7ad3c-7a05-4c18-bac3-ef017ab94d38,710CL,,0,0,1606009899813,0,1
plugin_ios_activity_recognition,,0,2,0,e2a7ad3c-7a05-4c18-bac3-ef017ab94d38,710CL,,0,0,1606010007213,0,0
plugin_ios_activity_recognition,,0,2,0,e2a7ad3c-7a05-4c18-bac3-ef017ab94d38,710CL,,0,0,1606010025249,0,0
plugin_ios_activity_recognition,"[""walking""]",0,1,0,e2a7ad3c-7a05-4c18-bac3-ef017ab94d38,710CL,,0,0,1606010032782,0,1
plugin_ios_activity_recognition,"[""walking""]",0,2,0,e2a7ad3c-7a05-4c18-bac3-ef017ab94d38,710CL,,0,0,1606010035339,0,1
plugin_ios_activity_recognition,,0,2,0,e2a7ad3c-7a05-4c18-bac3-ef017ab94d38,710CL,,0,0,1606010086482,0,0
plugin_ios_activity_recognition,"[""walking""]",0,1,0,e2a7ad3c-7a05-4c18-bac3-ef017ab94d38,710CL,,0,0,1606010104384,0,1
plugin_ios_activity_recognition,"[""walking""]",0,2,0,e2a7ad3c-7a05-4c18-bac3-ef017ab94d38,710CL,,0,0,1606010142737,0,1
plugin_ios_activity_recognition,,0,2,0,e2a7ad3c-7a05-4c18-bac3-ef017ab94d38,710CL,,0,0,1606010204118,0,0
plugin_ios_activity_recognition,,0,2,0,e2a7ad3c-7a05-4c18-bac3-ef017ab94d38,710CL,,0,0,1606010205168,0,0
plugin_ios_activity_recognition,,0,2,0,e2a7ad3c-7a05-4c18-bac3-ef017ab94d38,710CL,supplement,0,0,1606010385168,0,0
plugin_ios_activity_recognition,,0,2,0,e2a7ad3c-7a05-4c18-bac3-ef017ab94d38,710CL,,0,0,1606010385178,0,0
plugin_ios_activity_recognition,"[""stationary""]",0,2,0,e2a7ad3c-7a05-4c18-bac3-ef017ab94d38,710CL,,0,1,1606010487030,0,0
plugin_ios_activity_recognition,,0,2,0,e2a7ad3c-7a05-4c18-bac3-ef017ab94d38,710CL,,0,0,1606010491501,0,0
plugin_ios_activity_recognition,"[""stationary""]",0,2,0,e2a7ad3c-7a05-4c18-bac3-ef017ab94d38,710CL,,0,1,1606010496291,0,0
plugin_ios_activity_recognition,,0,2,0,e2a7ad3c-7a05-4c18-bac3-ef017ab94d38,710CL,supplement,0,0,1606010565168,0,0
plugin_ios_activity_recognition,"[""stationary""]",0,2,0,e2a7ad3c-7a05-4c18-bac3-ef017ab94d38,710CL,,0,1,1606010565256,0,0
plugin_ios_activity_recognition,,0,2,0,e2a7ad3c-7a05-4c18-bac3-ef017ab94d38,710CL,,0,0,1606010606827,0,0
plugin_ios_activity_recognition,"[""stationary""]",0,2,0,e2a7ad3c-7a05-4c18-bac3-ef017ab94d38,710CL,,0,1,1606010633991,0,0
plugin_ios_activity_recognition,,0,2,0,e2a7ad3c-7a05-4c18-bac3-ef017ab94d38,710CL,,0,0,1606010731073,0,0
plugin_ios_activity_recognition,"[""walking""]",0,1,0,e2a7ad3c-7a05-4c18-bac3-ef017ab94d38,710CL,,0,0,1606010735874,0,1
plugin_ios_activity_recognition,"[""walking""]",0,2,0,e2a7ad3c-7a05-4c18-bac3-ef017ab94d38,710CL,,0,0,1606010743546,0,1
plugin_ios_activity_recognition,"[""walking""]",0,2,0,e2a7ad3c-7a05-4c18-bac3-ef017ab94d38,710CL,,0,0,1606010745182,0,1
plugin_ios_activity_recognition,"[""stationary""]",0,2,0,e2a7ad3c-7a05-4c18-bac3-ef017ab94d38,710CL,,0,1,1606010767196,0,0
plugin_ios_activity_recognition,"[""walking""]",0,2,0,e2a7ad3c-7a05-4c18-bac3-ef017ab94d38,710CL,,0,0,1606010781568,0,1
plugin_ios_activity_recognition,,0,2,0,e2a7ad3c-7a05-4c18-bac3-ef017ab94d38,710CL,,0,0,1606010781891,0,0
plugin_ios_activity_recognition,"[""stationary""]",0,2,0,e2a7ad3c-7a05-4c18-bac3-ef017ab94d38,710CL,,0,1,1606010785724,0,0
plugin_ios_activity_recognition,,0,2,0,e2a7ad3c-7a05-4c18-bac3-ef017ab94d38,710CL,,0,0,1606010818910,0,0
plugin_ios_activity_recognition,"[""stationary""]",0,2,0,e2a7ad3c-7a05-4c18-bac3-ef017ab94d38,710CL,,0,1,1606010822745,0,0
plugin_ios_activity_recognition,"[""stationary""]",0,2,0,e2a7ad3c-7a05-4c18-bac3-ef017ab94d38,710CL,,0,1,1606010925181,0,0
plugin_ios_activity_recognition,,0,2,0,e2a7ad3c-7a05-4c18-bac3-ef017ab94d38,710CL,,0,0,1606010982398,0,0
plugin_ios_activity_recognition,"[""stationary""]",0,2,0,e2a7ad3c-7a05-4c18-bac3-ef017ab94d38,710CL,,0,1,1606011005086,0,0
plugin_ios_activity_recognition,,0,2,0,e2a7ad3c-7a05-4c18-bac3-ef017ab94d38,710CL,,0,0,1606011037970,0,0
plugin_ios_activity_recognition,"[""stationary""]",0,2,0,e2a7ad3c-7a05-4c18-bac3-ef017ab94d38,710CL,,0,1,1606011045959,0,0
plugin_ios_activity_recognition,"[""stationary""]",0,2,0,e2a7ad3c-7a05-4c18-bac3-ef017ab94d38,710CL,,0,1,1606011105182,0,0
plugin_ios_activity_recognition,,0,2,0,e2a7ad3c-7a05-4c18-bac3-ef017ab94d38,710CL,,0,0,1606011120670,0,0
plugin_ios_activity_recognition,"[""stationary""]",0,2,0,e2a7ad3c-7a05-4c18-bac3-ef017ab94d38,710CL,,0,1,1606011169571,0,0
plugin_ios_activity_recognition,,0,2,0,e2a7ad3c-7a05-4c18-bac3-ef017ab94d38,710CL,,0,0,1606011170849,0,0
plugin_ios_activity_recognition,"[""stationary""]",0,2,0,e2a7ad3c-7a05-4c18-bac3-ef017ab94d38,710CL,,0,1,1606011175007,0,0
plugin_ios_activity_recognition,,0,2,0,e2a7ad3c-7a05-4c18-bac3-ef017ab94d38,710CL,,0,0,1606011175964,0,0
plugin_ios_activity_recognition,,0,2,0,e2a7ad3c-7a05-4c18-bac3-ef017ab94d38,710CL,,0,0,1606011285275,0,0
plugin_ios_activity_recognition,,0,2,0,e2a7ad3c-7a05-4c18-bac3-ef017ab94d38,710CL,,0,0,1606011465189,0,0
plugin_ios_activity_recognition,"[""stationary""]",0,2,0,e2a7ad3c-7a05-4c18-bac3-ef017ab94d38,710CL,,0,1,1606011600417,0,0
plugin_ios_activity_recognition,"[""stationary""]",0,2,0,e2a7ad3c-7a05-4c18-bac3-ef017ab94d38,710CL,,0,1,1606011645289,0,0
plugin_ios_activity_recognition,,0,2,0,e2a7ad3c-7a05-4c18-bac3-ef017ab94d38,710CL,,0,0,1606011702075,0,0
plugin_ios_activity_recognition,,0,2,0,e2a7ad3c-7a05-4c18-bac3-ef017ab94d38,710CL,,0,0,1606011825209,0,0
plugin_ios_activity_recognition,,0,2,0,e2a7ad3c-7a05-4c18-bac3-ef017ab94d38,710CL,supplement,0,0,1606012005209,0,0
plugin_ios_activity_recognition,,0,2,0,e2a7ad3c-7a05-4c18-bac3-ef017ab94d38,710CL,,0,0,1606012005305,0,0
plugin_ios_activity_recognition,"[""stationary""]",0,2,0,e2a7ad3c-7a05-4c18-bac3-ef017ab94d38,710CL,,0,1,1606012109837,0,0
plugin_ios_activity_recognition,,0,2,0,e2a7ad3c-7a05-4c18-bac3-ef017ab94d38,710CL,,0,0,1606012110477,0,0
plugin_ios_activity_recognition,"[""walking""]",0,1,0,e2a7ad3c-7a05-4c18-bac3-ef017ab94d38,710CL,,0,0,1606012113676,0,1
plugin_ios_activity_recognition,"[""walking""]",0,2,0,e2a7ad3c-7a05-4c18-bac3-ef017ab94d38,710CL,,0,0,1606012118791,0,1
plugin_ios_activity_recognition,,0,2,0,e2a7ad3c-7a05-4c18-bac3-ef017ab94d38,710CL,,0,0,1606012169918,0,0
plugin_ios_activity_recognition,"[""stationary""]",0,2,0,e2a7ad3c-7a05-4c18-bac3-ef017ab94d38,710CL,,0,1,1606012184293,0,0
plugin_ios_activity_recognition,,0,2,0,e2a7ad3c-7a05-4c18-bac3-ef017ab94d38,710CL,supplement,0,0,1606012185209,0,0
plugin_ios_activity_recognition,"[""stationary""]",0,2,0,e2a7ad3c-7a05-4c18-bac3-ef017ab94d38,710CL,,0,1,1606012185215,0,0
plugin_ios_activity_recognition,,0,2,0,e2a7ad3c-7a05-4c18-bac3-ef017ab94d38,710CL,,0,0,1606012187170,0,0
plugin_ios_activity_recognition,"[""stationary""]",0,2,0,e2a7ad3c-7a05-4c18-bac3-ef017ab94d38,710CL,,0,1,1606012194511,0,0
plugin_ios_activity_recognition,,0,2,0,e2a7ad3c-7a05-4c18-bac3-ef017ab94d38,710CL,,0,0,1606012196104,0,0
plugin_ios_activity_recognition,"[""stationary""]",0,2,0,e2a7ad3c-7a05-4c18-bac3-ef017ab94d38,710CL,,0,1,1606012200893,0,0
plugin_ios_activity_recognition,,0,2,0,e2a7ad3c-7a05-4c18-bac3-ef017ab94d38,710CL,,0,0,1606012202165,0,0
plugin_ios_activity_recognition,"[""walking""]",0,1,0,e2a7ad3c-7a05-4c18-bac3-ef017ab94d38,710CL,,0,0,1606012215913,0,1
plugin_ios_activity_recognition,"[""walking""]",0,2,0,e2a7ad3c-7a05-4c18-bac3-ef017ab94d38,710CL,,0,0,1606012221027,0,1
plugin_ios_activity_recognition,,0,2,0,e2a7ad3c-7a05-4c18-bac3-ef017ab94d38,710CL,,0,0,1606012226138,0,0
plugin_ios_activity_recognition,,0,2,0,e2a7ad3c-7a05-4c18-bac3-ef017ab94d38,710CL,,0,0,1606012365215,0,0
plugin_ios_activity_recognition,"[""stationary""]",0,2,0,e2a7ad3c-7a05-4c18-bac3-ef017ab94d38,710CL,,0,1,1606012472196,0,0
plugin_ios_activity_recognition,,0,2,0,e2a7ad3c-7a05-4c18-bac3-ef017ab94d38,710CL,,0,0,1606012473155,0,0
plugin_ios_activity_recognition,"[""stationary""]",0,2,0,e2a7ad3c-7a05-4c18-bac3-ef017ab94d38,710CL,,0,1,1606012507323,0,0
plugin_ios_activity_recognition,,0,2,0,e2a7ad3c-7a05-4c18-bac3-ef017ab94d38,710CL,,0,0,1606012511151,0,0
plugin_ios_activity_recognition,,0,2,0,e2a7ad3c-7a05-4c18-bac3-ef017ab94d38,710CL,,0,0,1606012545217,0,0
plugin_ios_activity_recognition,"[""stationary""]",0,2,0,e2a7ad3c-7a05-4c18-bac3-ef017ab94d38,710CL,,0,1,1606012578258,0,0
plugin_ios_activity_recognition,,0,2,0,e2a7ad3c-7a05-4c18-bac3-ef017ab94d38,710CL,,0,0,1606012580813,0,0
plugin_ios_activity_recognition,"[""stationary""]",0,2,0,e2a7ad3c-7a05-4c18-bac3-ef017ab94d38,710CL,,0,1,1606012677312,0,0
plugin_ios_activity_recognition,,0,2,0,e2a7ad3c-7a05-4c18-bac3-ef017ab94d38,710CL,,0,0,1606012682093,0,0
plugin_ios_activity_recognition,,0,2,0,e2a7ad3c-7a05-4c18-bac3-ef017ab94d38,710CL,,0,0,1606012725302,0,0
plugin_ios_activity_recognition,"[""stationary""]",0,2,0,e2a7ad3c-7a05-4c18-bac3-ef017ab94d38,710CL,,0,1,1606012741515,0,0
plugin_ios_activity_recognition,,0,2,0,e2a7ad3c-7a05-4c18-bac3-ef017ab94d38,710CL,,0,0,1606012743753,0,0
plugin_ios_activity_recognition,"[""stationary""]",0,2,0,e2a7ad3c-7a05-4c18-bac3-ef017ab94d38,710CL,,0,1,1606012839288,0,0
plugin_ios_activity_recognition,,0,2,0,e2a7ad3c-7a05-4c18-bac3-ef017ab94d38,710CL,,0,0,1606012842796,0,0
plugin_ios_activity_recognition,"[""stationary""]",0,2,0,e2a7ad3c-7a05-4c18-bac3-ef017ab94d38,710CL,,0,1,1606012849179,0,0
plugin_ios_activity_recognition,,0,2,0,e2a7ad3c-7a05-4c18-bac3-ef017ab94d38,710CL,,0,0,1606012861327,0,0
plugin_ios_activity_recognition,,0,2,0,e2a7ad3c-7a05-4c18-bac3-ef017ab94d38,710CL,,0,0,1606012905224,0,0
plugin_ios_activity_recognition,"[""walking""]",0,1,0,e2a7ad3c-7a05-4c18-bac3-ef017ab94d38,710CL,,0,0,1606012946992,0,1
plugin_ios_activity_recognition,"[""walking""]",0,2,0,e2a7ad3c-7a05-4c18-bac3-ef017ab94d38,710CL,,0,0,1606012957220,0,1
plugin_ios_activity_recognition,"[""stationary""]",0,2,0,e2a7ad3c-7a05-4c18-bac3-ef017ab94d38,710CL,,0,1,1606012992049,0,0
plugin_ios_activity_recognition,,0,2,0,e2a7ad3c-7a05-4c18-bac3-ef017ab94d38,710CL,,0,0,1606013008334,0,0
plugin_ios_activity_recognition,"[""stationary""]",0,2,0,e2a7ad3c-7a05-4c18-bac3-ef017ab94d38,710CL,,0,1,1606013016954,0,0
plugin_ios_activity_recognition,,0,2,0,e2a7ad3c-7a05-4c18-bac3-ef017ab94d38,710CL,,0,0,1606013033228,0,0
plugin_ios_activity_recognition,"[""stationary""]",0,2,0,e2a7ad3c-7a05-4c18-bac3-ef017ab94d38,710CL,,0,1,1606013038656,0,0
plugin_ios_activity_recognition,,0,2,0,e2a7ad3c-7a05-4c18-bac3-ef017ab94d38,710CL,,0,0,1606013057812,0,0
plugin_ios_activity_recognition,,0,2,0,e2a7ad3c-7a05-4c18-bac3-ef017ab94d38,710CL,,0,0,1606013085204,0,0
plugin_ios_activity_recognition,"[""stationary""]",0,2,0,e2a7ad3c-7a05-4c18-bac3-ef017ab94d38,710CL,,0,1,1606013122004,0,0
plugin_ios_activity_recognition,,0,2,0,e2a7ad3c-7a05-4c18-bac3-ef017ab94d38,710CL,,0,0,1606013123912,0,0
plugin_ios_activity_recognition,"[""stationary""]",0,2,0,e2a7ad3c-7a05-4c18-bac3-ef017ab94d38,710CL,,0,1,1606013173418,0,0
plugin_ios_activity_recognition,,0,2,0,e2a7ad3c-7a05-4c18-bac3-ef017ab94d38,710CL,,0,0,1606013179166,0,0
plugin_ios_activity_recognition,"[""stationary""]",0,2,0,e2a7ad3c-7a05-4c18-bac3-ef017ab94d38,710CL,,0,1,1606013226455,0,0
plugin_ios_activity_recognition,,0,2,0,e2a7ad3c-7a05-4c18-bac3-ef017ab94d38,710CL,,0,0,1606013228687,0,0
plugin_ios_activity_recognition,"[""stationary""]",0,2,0,e2a7ad3c-7a05-4c18-bac3-ef017ab94d38,710CL,,0,1,1606013237947,0,0
plugin_ios_activity_recognition,,0,2,0,e2a7ad3c-7a05-4c18-bac3-ef017ab94d38,710CL,,0,0,1606013240184,0,0
plugin_ios_activity_recognition,"[""stationary""]",0,2,0,e2a7ad3c-7a05-4c18-bac3-ef017ab94d38,710CL,,0,1,1606013244339,0,0
plugin_ios_activity_recognition,,0,2,0,e2a7ad3c-7a05-4c18-bac3-ef017ab94d38,710CL,,0,0,1606013249773,0,0
plugin_ios_activity_recognition,,0,2,0,e2a7ad3c-7a05-4c18-bac3-ef017ab94d38,710CL,,0,0,1606013265207,0,0
plugin_ios_activity_recognition,"[""walking""]",0,1,0,e2a7ad3c-7a05-4c18-bac3-ef017ab94d38,710CL,,0,0,1606013348196,0,1
plugin_ios_activity_recognition,"[""stationary""]",0,2,0,e2a7ad3c-7a05-4c18-bac3-ef017ab94d38,710CL,,0,1,1606013356175,0,0
plugin_ios_activity_recognition,"[""walking""]",0,2,0,e2a7ad3c-7a05-4c18-bac3-ef017ab94d38,710CL,,0,0,1606013358412,0,1
plugin_ios_activity_recognition,"[""stationary""]",0,2,0,e2a7ad3c-7a05-4c18-bac3-ef017ab94d38,710CL,,0,1,1606013383318,0,0
plugin_ios_activity_recognition,"[""walking""]",0,2,0,e2a7ad3c-7a05-4c18-bac3-ef017ab94d38,710CL,,0,0,1606013384916,0,1
plugin_ios_activity_recognition,"[""stationary""]",0,2,0,e2a7ad3c-7a05-4c18-bac3-ef017ab94d38,710CL,,0,1,1606013392897,0,0
plugin_ios_activity_recognition,"[""walking""]",0,2,0,e2a7ad3c-7a05-4c18-bac3-ef017ab94d38,710CL,,0,0,1606013397681,0,1
plugin_ios_activity_recognition,"[""stationary""]",0,2,0,e2a7ad3c-7a05-4c18-bac3-ef017ab94d38,710CL,,0,1,1606013404708,0,0
plugin_ios_activity_recognition,,0,2,0,e2a7ad3c-7a05-4c18-bac3-ef017ab94d38,710CL,,0,0,1606013407899,0,0
plugin_ios_activity_recognition,"[""stationary""]",0,2,0,e2a7ad3c-7a05-4c18-bac3-ef017ab94d38,710CL,,0,1,1606013415884,0,0
plugin_ios_activity_recognition,,0,2,0,e2a7ad3c-7a05-4c18-bac3-ef017ab94d38,710CL,,0,0,1606013438199,0,0
plugin_ios_activity_recognition,,0,2,0,e2a7ad3c-7a05-4c18-bac3-ef017ab94d38,710CL,,0,0,1606013445300,0,0
plugin_ios_activity_recognition,"[""stationary""]",0,2,0,e2a7ad3c-7a05-4c18-bac3-ef017ab94d38,710CL,,0,1,1606013454499,0,0
plugin_ios_activity_recognition,,0,2,0,e2a7ad3c-7a05-4c18-bac3-ef017ab94d38,710CL,,0,0,1606013476849,0,0
plugin_ios_activity_recognition,"[""walking""]",0,1,0,e2a7ad3c-7a05-4c18-bac3-ef017ab94d38,710CL,,0,0,1606013501466,0,1
plugin_ios_activity_recognition,"[""walking""]",0,2,0,e2a7ad3c-7a05-4c18-bac3-ef017ab94d38,710CL,,0,0,1606013504022,0,1
plugin_ios_activity_recognition,"[""stationary""]",0,2,0,e2a7ad3c-7a05-4c18-bac3-ef017ab94d38,710CL,,0,1,1606013516805,0,0
plugin_ios_activity_recognition,"[""walking""]",0,2,0,e2a7ad3c-7a05-4c18-bac3-ef017ab94d38,710CL,,0,0,1606013520636,0,1
plugin_ios_activity_recognition,"[""stationary""]",0,2,0,e2a7ad3c-7a05-4c18-bac3-ef017ab94d38,710CL,,0,1,1606013534370,0,0
plugin_ios_activity_recognition,"[""walking""]",0,2,0,e2a7ad3c-7a05-4c18-bac3-ef017ab94d38,710CL,,0,0,1606013535009,0,1
plugin_ios_activity_recognition,,0,2,0,e2a7ad3c-7a05-4c18-bac3-ef017ab94d38,710CL,,0,0,1606013541711,0,0
plugin_ios_activity_recognition,"[""stationary""]",0,2,0,e2a7ad3c-7a05-4c18-bac3-ef017ab94d38,710CL,,0,1,1606013545227,0,0
plugin_ios_activity_recognition,,0,2,0,e2a7ad3c-7a05-4c18-bac3-ef017ab94d38,710CL,,0,0,1606013557342,0,0
plugin_ios_activity_recognition,"[""stationary""]",0,2,0,e2a7ad3c-7a05-4c18-bac3-ef017ab94d38,710CL,,0,1,1606013576836,0,0
plugin_ios_activity_recognition,,0,2,0,e2a7ad3c-7a05-4c18-bac3-ef017ab94d38,710CL,,0,0,1606013596632,0,0
plugin_ios_activity_recognition,"[""stationary""]",0,2,0,e2a7ad3c-7a05-4c18-bac3-ef017ab94d38,710CL,,0,1,1606013610694,0,0
plugin_ios_activity_recognition,,0,2,0,e2a7ad3c-7a05-4c18-bac3-ef017ab94d38,710CL,,0,0,1606013611973,0,0
plugin_ios_activity_recognition,,0,2,0,e2a7ad3c-7a05-4c18-bac3-ef017ab94d38,710CL,,0,0,1606013625209,0,0
plugin_ios_activity_recognition,"[""stationary""]",0,2,0,e2a7ad3c-7a05-4c18-bac3-ef017ab94d38,710CL,,0,1,1606013632429,0,0
plugin_ios_activity_recognition,,0,2,0,e2a7ad3c-7a05-4c18-bac3-ef017ab94d38,710CL,,0,0,1606013634027,0,0
plugin_ios_activity_recognition,"[""stationary""]",0,2,0,e2a7ad3c-7a05-4c18-bac3-ef017ab94d38,710CL,,0,1,1606013661517,0,0
plugin_ios_activity_recognition,,0,2,0,e2a7ad3c-7a05-4c18-bac3-ef017ab94d38,710CL,,0,0,1606013665037,0,0
plugin_ios_activity_recognition,"[""stationary""]",0,2,0,e2a7ad3c-7a05-4c18-bac3-ef017ab94d38,710CL,,0,1,1606013677498,0,0
plugin_ios_activity_recognition,,0,2,0,e2a7ad3c-7a05-4c18-bac3-ef017ab94d38,710CL,,0,0,1606013680056,0,0
plugin_ios_activity_recognition,"[""stationary""]",0,2,0,e2a7ad3c-7a05-4c18-bac3-ef017ab94d38,710CL,,0,1,1606013683561,0,0
plugin_ios_activity_recognition,,0,2,0,e2a7ad3c-7a05-4c18-bac3-ef017ab94d38,710CL,,0,0,1606013692181,0,0
plugin_ios_activity_recognition,"[""stationary""]",0,2,0,e2a7ad3c-7a05-4c18-bac3-ef017ab94d38,710CL,,0,1,1606013696012,0,0
plugin_ios_activity_recognition,,0,2,0,e2a7ad3c-7a05-4c18-bac3-ef017ab94d38,710CL,,0,0,1606013698884,0,0
plugin_ios_activity_recognition,"[""stationary""]",0,2,0,e2a7ad3c-7a05-4c18-bac3-ef017ab94d38,710CL,,0,1,1606013800818,0,0
plugin_ios_activity_recognition,,0,2,0,e2a7ad3c-7a05-4c18-bac3-ef017ab94d38,710CL,,0,0,1606013802091,0,0
plugin_ios_activity_recognition,,0,2,0,e2a7ad3c-7a05-4c18-bac3-ef017ab94d38,710CL,,0,0,1606013805210,0,0
plugin_ios_activity_recognition,"[""stationary""]",0,2,0,e2a7ad3c-7a05-4c18-bac3-ef017ab94d38,710CL,,0,1,1606013807525,0,0
plugin_ios_activity_recognition,,0,2,0,e2a7ad3c-7a05-4c18-bac3-ef017ab94d38,710CL,,0,0,1606013813272,0,0
plugin_ios_activity_recognition,"[""stationary""]",0,2,0,e2a7ad3c-7a05-4c18-bac3-ef017ab94d38,710CL,,0,1,1606013819012,0,0
plugin_ios_activity_recognition,,0,2,0,e2a7ad3c-7a05-4c18-bac3-ef017ab94d38,710CL,,0,0,1606013824436,0,0
plugin_ios_activity_recognition,"[""stationary""]",0,2,0,e2a7ad3c-7a05-4c18-bac3-ef017ab94d38,710CL,,0,1,1606013882588,0,0
plugin_ios_activity_recognition,,0,2,0,e2a7ad3c-7a05-4c18-bac3-ef017ab94d38,710CL,,0,0,1606013892156,0,0
plugin_ios_activity_recognition,"[""stationary""]",0,2,0,e2a7ad3c-7a05-4c18-bac3-ef017ab94d38,710CL,,0,1,1606013898544,0,0
plugin_ios_activity_recognition,,0,2,0,e2a7ad3c-7a05-4c18-bac3-ef017ab94d38,710CL,,0,0,1606013899178,0,0
plugin_ios_activity_recognition,"[""stationary""]",0,2,0,e2a7ad3c-7a05-4c18-bac3-ef017ab94d38,710CL,,0,1,1606013904607,0,0
plugin_ios_activity_recognition,,0,2,0,e2a7ad3c-7a05-4c18-bac3-ef017ab94d38,710CL,,0,0,1606013920253,0,0
plugin_ios_activity_recognition,,0,2,0,e2a7ad3c-7a05-4c18-bac3-ef017ab94d38,710CL,,0,0,1606013985209,0,0
plugin_ios_activity_recognition,,0,2,0,e2a7ad3c-7a05-4c18-bac3-ef017ab94d38,710CL,supplement,0,0,1606014165209,0,0
plugin_ios_activity_recognition,,0,2,0,e2a7ad3c-7a05-4c18-bac3-ef017ab94d38,710CL,,0,0,1606014165291,0,0
plugin_ios_activity_recognition,"[""stationary""]",0,2,0,e2a7ad3c-7a05-4c18-bac3-ef017ab94d38,710CL,,0,1,1606014297711,0,0
plugin_ios_activity_recognition,,0,2,0,e2a7ad3c-7a05-4c18-bac3-ef017ab94d38,710CL,,0,0,1606014300897,0,0
plugin_ios_activity_recognition,"[""stationary""]",0,2,0,e2a7ad3c-7a05-4c18-bac3-ef017ab94d38,710CL,,0,1,1606014309837,0,0
plugin_ios_activity_recognition,,0,2,0,e2a7ad3c-7a05-4c18-bac3-ef017ab94d38,710CL,,0,0,1606014312704,0,0
plugin_ios_activity_recognition,"[""stationary""]",0,2,0,e2a7ad3c-7a05-4c18-bac3-ef017ab94d38,710CL,,0,1,1606014327726,0,0
plugin_ios_activity_recognition,,0,2,0,e2a7ad3c-7a05-4c18-bac3-ef017ab94d38,710CL,supplement,0,0,1606014345209,0,0
plugin_ios_activity_recognition,"[""stationary""]",0,2,0,e2a7ad3c-7a05-4c18-bac3-ef017ab94d38,710CL,,0,1,1606014345251,0,0
plugin_ios_activity_recognition,,0,2,0,e2a7ad3c-7a05-4c18-bac3-ef017ab94d38,710CL,,0,0,1606014365083,0,0
plugin_ios_activity_recognition,"[""stationary""]",0,2,0,e2a7ad3c-7a05-4c18-bac3-ef017ab94d38,710CL,,0,1,1606014412053,0,0
plugin_ios_activity_recognition,,0,2,0,e2a7ad3c-7a05-4c18-bac3-ef017ab94d38,710CL,,0,0,1606014413327,0,0
plugin_ios_activity_recognition,"[""walking""]",0,1,0,e2a7ad3c-7a05-4c18-bac3-ef017ab94d38,710CL,,0,0,1606014424201,0,1
plugin_ios_activity_recognition,"[""walking""]",0,2,0,e2a7ad3c-7a05-4c18-bac3-ef017ab94d38,710CL,,0,0,1606014444657,0,1
plugin_ios_activity_recognition,"[""stationary""]",0,2,0,e2a7ad3c-7a05-4c18-bac3-ef017ab94d38,710CL,,0,1,1606014464453,0,0
plugin_ios_activity_recognition,"[""walking""]",0,2,0,e2a7ad3c-7a05-4c18-bac3-ef017ab94d38,710CL,,0,0,1606014467648,0,1
plugin_ios_activity_recognition,"[""stationary""]",0,2,0,e2a7ad3c-7a05-4c18-bac3-ef017ab94d38,710CL,,0,1,1606014473387,0,0
plugin_ios_activity_recognition,"[""walking""]",0,2,0,e2a7ad3c-7a05-4c18-bac3-ef017ab94d38,710CL,,0,0,1606014477213,0,1
plugin_ios_activity_recognition,"[""stationary""]",0,2,0,e2a7ad3c-7a05-4c18-bac3-ef017ab94d38,710CL,,0,1,1606014480727,0,0
plugin_ios_activity_recognition,"[""walking""]",0,2,0,e2a7ad3c-7a05-4c18-bac3-ef017ab94d38,710CL,,0,0,1606014483596,0,1
plugin_ios_activity_recognition,,0,2,0,e2a7ad3c-7a05-4c18-bac3-ef017ab94d38,710CL,,0,0,1606014495736,0,0
plugin_ios_activity_recognition,"[""stationary""]",0,2,0,e2a7ad3c-7a05-4c18-bac3-ef017ab94d38,710CL,,0,1,1606014499877,0,0
plugin_ios_activity_recognition,,0,2,0,e2a7ad3c-7a05-4c18-bac3-ef017ab94d38,710CL,,0,0,1606014500840,0,0
plugin_ios_activity_recognition,"[""stationary""]",0,2,0,e2a7ad3c-7a05-4c18-bac3-ef017ab94d38,710CL,,0,1,1606014513286,0,0
plugin_ios_activity_recognition,,0,2,0,e2a7ad3c-7a05-4c18-bac3-ef017ab94d38,710CL,,0,0,1606014515519,0,0
plugin_ios_activity_recognition,,0,2,0,e2a7ad3c-7a05-4c18-bac3-ef017ab94d38,710CL,,0,0,1606014525255,0,0
plugin_ios_activity_recognition,"[""stationary""]",0,2,0,e2a7ad3c-7a05-4c18-bac3-ef017ab94d38,710CL,,0,1,1606014525741,0,0
plugin_ios_activity_recognition,,0,2,0,e2a7ad3c-7a05-4c18-bac3-ef017ab94d38,710CL,,0,0,1606014534046,0,0
plugin_ios_activity_recognition,"[""stationary""]",0,2,0,e2a7ad3c-7a05-4c18-bac3-ef017ab94d38,710CL,,0,1,1606014537558,0,0
plugin_ios_activity_recognition,,0,2,0,e2a7ad3c-7a05-4c18-bac3-ef017ab94d38,710CL,,0,0,1606014539790,0,0
plugin_ios_activity_recognition,"[""stationary""]",0,2,0,e2a7ad3c-7a05-4c18-bac3-ef017ab94d38,710CL,,0,1,1606014547456,0,0
plugin_ios_activity_recognition,,0,2,0,e2a7ad3c-7a05-4c18-bac3-ef017ab94d38,710CL,,0,0,1606014550328,0,0
plugin_ios_activity_recognition,"[""stationary""]",0,2,0,e2a7ad3c-7a05-4c18-bac3-ef017ab94d38,710CL,,0,1,1606014559902,0,0
plugin_ios_activity_recognition,,0,2,0,e2a7ad3c-7a05-4c18-bac3-ef017ab94d38,710CL,,0,0,1606014562454,0,0
plugin_ios_activity_recognition,"[""walking""]",0,1,0,e2a7ad3c-7a05-4c18-bac3-ef017ab94d38,710CL,,0,0,1606014577473,0,1
plugin_ios_activity_recognition,"[""walking""]",0,2,0,e2a7ad3c-7a05-4c18-bac3-ef017ab94d38,710CL,,0,0,1606014580027,0,1
plugin_ios_activity_recognition,"[""stationary""]",0,2,0,e2a7ad3c-7a05-4c18-bac3-ef017ab94d38,710CL,,0,1,1606014590876,0,0
plugin_ios_activity_recognition,"[""walking""]",0,2,0,e2a7ad3c-7a05-4c18-bac3-ef017ab94d38,710CL,,0,0,1606014592469,0,1
plugin_ios_activity_recognition,,0,2,0,e2a7ad3c-7a05-4c18-bac3-ef017ab94d38,710CL,,0,0,1606014631127,0,0
plugin_ios_activity_recognition,"[""stationary""]",0,2,0,e2a7ad3c-7a05-4c18-bac3-ef017ab94d38,710CL,,0,1,1606014643887,0,0
plugin_ios_activity_recognition,,0,2,0,e2a7ad3c-7a05-4c18-bac3-ef017ab94d38,710CL,,0,0,1606014647394,0,0
plugin_ios_activity_recognition,"[""stationary""]",0,2,0,e2a7ad3c-7a05-4c18-bac3-ef017ab94d38,710CL,,0,1,1606014657298,0,0
plugin_ios_activity_recognition,,0,2,0,e2a7ad3c-7a05-4c18-bac3-ef017ab94d38,710CL,,0,0,1606014660170,0,0
plugin_ios_activity_recognition,"[""stationary""]",0,2,0,e2a7ad3c-7a05-4c18-bac3-ef017ab94d38,710CL,,0,1,1606014667836,0,0
plugin_ios_activity_recognition,,0,2,0,e2a7ad3c-7a05-4c18-bac3-ef017ab94d38,710CL,,0,0,1606014676463,0,0
plugin_ios_activity_recognition,"[""stationary""]",0,2,0,e2a7ad3c-7a05-4c18-bac3-ef017ab94d38,710CL,,0,1,1606014684124,0,0
plugin_ios_activity_recognition,,0,2,0,e2a7ad3c-7a05-4c18-bac3-ef017ab94d38,710CL,,0,0,1606014685083,0,0
plugin_ios_activity_recognition,,0,2,0,e2a7ad3c-7a05-4c18-bac3-ef017ab94d38,710CL,,0,0,1606014705260,0,0
plugin_ios_activity_recognition,"[""stationary""]",0,2,0,e2a7ad3c-7a05-4c18-bac3-ef017ab94d38,710CL,,0,1,1606014706783,0,0
plugin_ios_activity_recognition,,0,2,0,e2a7ad3c-7a05-4c18-bac3-ef017ab94d38,710CL,,0,0,1606014708057,0,0
plugin_ios_activity_recognition,"[""stationary""]",0,2,0,e2a7ad3c-7a05-4c18-bac3-ef017ab94d38,710CL,,0,1,1606014811846,0,0
plugin_ios_activity_recognition,,0,2,0,e2a7ad3c-7a05-4c18-bac3-ef017ab94d38,710CL,,0,0,1606014814713,0,0
plugin_ios_activity_recognition,"[""stationary""]",0,2,0,e2a7ad3c-7a05-4c18-bac3-ef017ab94d38,710CL,,0,1,1606014869615,0,0
plugin_ios_activity_recognition,,0,2,0,e2a7ad3c-7a05-4c18-bac3-ef017ab94d38,710CL,,0,0,1606014870889,0,0
plugin_ios_activity_recognition,"[""stationary""]",0,2,0,e2a7ad3c-7a05-4c18-bac3-ef017ab94d38,710CL,,0,1,1606014881430,0,0
plugin_ios_activity_recognition,"[""stationary""]",0,2,0,e2a7ad3c-7a05-4c18-bac3-ef017ab94d38,710CL,,0,1,1606014885349,0,0
plugin_ios_activity_recognition,,0,2,0,e2a7ad3c-7a05-4c18-bac3-ef017ab94d38,710CL,,0,0,1606014888767,0,0
plugin_ios_activity_recognition,"[""stationary""]",0,2,0,e2a7ad3c-7a05-4c18-bac3-ef017ab94d38,710CL,,0,1,1606014914317,0,0
plugin_ios_activity_recognition,,0,2,0,e2a7ad3c-7a05-4c18-bac3-ef017ab94d38,710CL,,0,0,1606014915595,0,0
plugin_ios_activity_recognition,"[""stationary""]",0,2,0,e2a7ad3c-7a05-4c18-bac3-ef017ab94d38,710CL,,0,1,1606014923901,0,0
plugin_ios_activity_recognition,,0,2,0,e2a7ad3c-7a05-4c18-bac3-ef017ab94d38,710CL,,0,0,1606014932846,0,0
plugin_ios_activity_recognition,"[""stationary""]",0,2,0,e2a7ad3c-7a05-4c18-bac3-ef017ab94d38,710CL,,0,1,1606014937634,0,0
plugin_ios_activity_recognition,,0,2,0,e2a7ad3c-7a05-4c18-bac3-ef017ab94d38,710CL,,0,0,1606014944342,0,0
plugin_ios_activity_recognition,"[""stationary""]",0,2,0,e2a7ad3c-7a05-4c18-bac3-ef017ab94d38,710CL,,0,1,1606014953262,0,0
plugin_ios_activity_recognition,,0,2,0,e2a7ad3c-7a05-4c18-bac3-ef017ab94d38,710CL,,0,0,1606014953901,0,0
plugin_ios_activity_recognition,"[""stationary""]",0,2,0,e2a7ad3c-7a05-4c18-bac3-ef017ab94d38,710CL,,0,1,1606014959010,0,0
plugin_ios_activity_recognition,,0,2,0,e2a7ad3c-7a05-4c18-bac3-ef017ab94d38,710CL,,0,0,1606014960284,0,0
plugin_ios_activity_recognition,"[""stationary""]",0,2,0,e2a7ad3c-7a05-4c18-bac3-ef017ab94d38,710CL,,0,1,1606014963789,0,0
plugin_ios_activity_recognition,,0,2,0,e2a7ad3c-7a05-4c18-bac3-ef017ab94d38,710CL,,0,0,1606014968894,0,0
plugin_ios_activity_recognition,"[""stationary""]",0,2,0,e2a7ad3c-7a05-4c18-bac3-ef017ab94d38,710CL,,0,1,1606014996681,0,0
plugin_ios_activity_recognition,,0,2,0,e2a7ad3c-7a05-4c18-bac3-ef017ab94d38,710CL,,0,0,1606014997960,0,0
plugin_ios_activity_recognition,"[""stationary""]",0,2,0,e2a7ad3c-7a05-4c18-bac3-ef017ab94d38,710CL,,0,1,1606015004667,0,0
plugin_ios_activity_recognition,,0,2,0,e2a7ad3c-7a05-4c18-bac3-ef017ab94d38,710CL,,0,0,1606015007219,0,0
plugin_ios_activity_recognition,"[""stationary""]",0,2,0,e2a7ad3c-7a05-4c18-bac3-ef017ab94d38,710CL,,0,1,1606015017762,0,0
plugin_ios_activity_recognition,,0,2,0,e2a7ad3c-7a05-4c18-bac3-ef017ab94d38,710CL,,0,0,1606015022232,0,0
plugin_ios_activity_recognition,"[""stationary""]",0,2,0,e2a7ad3c-7a05-4c18-bac3-ef017ab94d38,710CL,,0,1,1606015030862,0,0
plugin_ios_activity_recognition,,0,2,0,e2a7ad3c-7a05-4c18-bac3-ef017ab94d38,710CL,,0,0,1606015031821,0,0
plugin_ios_activity_recognition,"[""stationary""]",0,2,0,e2a7ad3c-7a05-4c18-bac3-ef017ab94d38,710CL,,0,1,1606015064698,0,0
plugin_ios_activity_recognition,"[""stationary""]",0,2,0,e2a7ad3c-7a05-4c18-bac3-ef017ab94d38,710CL,,0,1,1606015065266,0,0
plugin_ios_activity_recognition,,0,2,0,e2a7ad3c-7a05-4c18-bac3-ef017ab94d38,710CL,,0,0,1606015072049,0,0
plugin_ios_activity_recognition,"[""stationary""]",0,2,0,e2a7ad3c-7a05-4c18-bac3-ef017ab94d38,710CL,,0,1,1606015135915,0,0
plugin_ios_activity_recognition,,0,2,0,e2a7ad3c-7a05-4c18-bac3-ef017ab94d38,710CL,,0,0,1606015137823,0,0
plugin_ios_activity_recognition,"[""stationary""]",0,2,0,e2a7ad3c-7a05-4c18-bac3-ef017ab94d38,710CL,,0,1,1606015142932,0,0
plugin_ios_activity_recognition,,0,2,0,e2a7ad3c-7a05-4c18-bac3-ef017ab94d38,710CL,,0,0,1606015146443,0,0
plugin_ios_activity_recognition,"[""stationary""]",0,2,0,e2a7ad3c-7a05-4c18-bac3-ef017ab94d38,710CL,,0,1,1606015157315,0,0
plugin_ios_activity_recognition,,0,2,0,e2a7ad3c-7a05-4c18-bac3-ef017ab94d38,710CL,,0,0,1606015158589,0,0
plugin_ios_activity_recognition,"[""stationary""]",0,2,0,e2a7ad3c-7a05-4c18-bac3-ef017ab94d38,710CL,,0,1,1606015162744,0,0
plugin_ios_activity_recognition,,0,2,0,e2a7ad3c-7a05-4c18-bac3-ef017ab94d38,710CL,,0,0,1606015183490,0,0
plugin_ios_activity_recognition,"[""stationary""]",0,2,0,e2a7ad3c-7a05-4c18-bac3-ef017ab94d38,710CL,,0,1,1606015191801,0,0
plugin_ios_activity_recognition,,0,2,0,e2a7ad3c-7a05-4c18-bac3-ef017ab94d38,710CL,,0,0,1606015192760,0,0
plugin_ios_activity_recognition,"[""stationary""]",0,2,0,e2a7ad3c-7a05-4c18-bac3-ef017ab94d38,710CL,,0,1,1606015196271,0,0
plugin_ios_activity_recognition,,0,2,0,e2a7ad3c-7a05-4c18-bac3-ef017ab94d38,710CL,,0,0,1606015223075,0,0
plugin_ios_activity_recognition,"[""stationary""]",0,2,0,e2a7ad3c-7a05-4c18-bac3-ef017ab94d38,710CL,,0,1,1606015243186,0,0
plugin_ios_activity_recognition,"[""stationary""]",0,2,0,e2a7ad3c-7a05-4c18-bac3-ef017ab94d38,710CL,,0,1,1606015245266,0,0
plugin_ios_activity_recognition,,0,2,0,e2a7ad3c-7a05-4c18-bac3-ef017ab94d38,710CL,,0,0,1606015253732,0,0
plugin_ios_activity_recognition,"[""stationary""]",0,2,0,e2a7ad3c-7a05-4c18-bac3-ef017ab94d38,710CL,,0,1,1606015259795,0,0
plugin_ios_activity_recognition,,0,2,0,e2a7ad3c-7a05-4c18-bac3-ef017ab94d38,710CL,,0,0,1606015264910,0,0
plugin_ios_activity_recognition,"[""stationary""]",0,2,0,e2a7ad3c-7a05-4c18-bac3-ef017ab94d38,710CL,,0,1,1606015286320,0,0
plugin_ios_activity_recognition,,0,2,0,e2a7ad3c-7a05-4c18-bac3-ef017ab94d38,710CL,,0,0,1606015290790,0,0
plugin_ios_activity_recognition,"[""stationary""]",0,2,0,e2a7ad3c-7a05-4c18-bac3-ef017ab94d38,710CL,,0,1,1606015295894,0,0
plugin_ios_activity_recognition,,0,2,0,e2a7ad3c-7a05-4c18-bac3-ef017ab94d38,710CL,,0,0,1606015301957,0,0
plugin_ios_activity_recognition,"[""stationary""]",0,2,0,e2a7ad3c-7a05-4c18-bac3-ef017ab94d38,710CL,,0,1,1606015306422,0,0
plugin_ios_activity_recognition,,0,2,0,e2a7ad3c-7a05-4c18-bac3-ef017ab94d38,710CL,,0,0,1606015308660,0,0
plugin_ios_activity_recognition,"[""stationary""]",0,2,0,e2a7ad3c-7a05-4c18-bac3-ef017ab94d38,710CL,,0,1,1606015313445,0,0
plugin_ios_activity_recognition,,0,2,0,e2a7ad3c-7a05-4c18-bac3-ef017ab94d38,710CL,,0,0,1606015315992,0,0
plugin_ios_activity_recognition,"[""stationary""]",0,2,0,e2a7ad3c-7a05-4c18-bac3-ef017ab94d38,710CL,,0,1,1606015352405,0,0
plugin_ios_activity_recognition,,0,2,0,e2a7ad3c-7a05-4c18-bac3-ef017ab94d38,710CL,,0,0,1606015358783,0,0
plugin_ios_activity_recognition,,0,2,0,e2a7ad3c-7a05-4c18-bac3-ef017ab94d38,710CL,,0,0,1606015425286,0,0
plugin_ios_activity_recognition,"[""stationary""]",0,2,0,e2a7ad3c-7a05-4c18-bac3-ef017ab94d38,710CL,,0,1,1606015517615,0,0
plugin_ios_activity_recognition,,0,2,0,e2a7ad3c-7a05-4c18-bac3-ef017ab94d38,710CL,,0,0,1606015518572,0,0
plugin_ios_activity_recognition,,0,2,0,e2a7ad3c-7a05-4c18-bac3-ef017ab94d38,710CL,,0,0,1606015605250,0,0
plugin_ios_activity_recognition,"[""stationary""]",0,2,0,e2a7ad3c-7a05-4c18-bac3-ef017ab94d38,710CL,,0,1,1606015686334,0,0
plugin_ios_activity_recognition,,0,2,0,e2a7ad3c-7a05-4c18-bac3-ef017ab94d38,710CL,,0,0,1606015687929,0,0
plugin_ios_activity_recognition,,0,2,0,e2a7ad3c-7a05-4c18-bac3-ef017ab94d38,710CL,,0,0,1606015785252,0,0
plugin_ios_activity_recognition,,0,2,0,e2a7ad3c-7a05-4c18-bac3-ef017ab94d38,710CL,supplement,0,0,1606015965252,0,0
plugin_ios_activity_recognition,,0,2,0,e2a7ad3c-7a05-4c18-bac3-ef017ab94d38,710CL,,0,0,1606015965253,0,0
plugin_ios_activity_recognition,"[""stationary""]",0,2,0,e2a7ad3c-7a05-4c18-bac3-ef017ab94d38,710CL,,0,1,1606016017460,0,0
plugin_ios_activity_recognition,,0,2,0,e2a7ad3c-7a05-4c18-bac3-ef017ab94d38,710CL,,0,0,1606016021615,0,0
plugin_ios_activity_recognition,,0,2,0,e2a7ad3c-7a05-4c18-bac3-ef017ab94d38,710CL,supplement,0,0,1606016145252,0,0
plugin_ios_activity_recognition,,0,2,0,e2a7ad3c-7a05-4c18-bac3-ef017ab94d38,710CL,,0,0,1606016145343,0,0
plugin_ios_activity_recognition,,0,2,0,e2a7ad3c-7a05-4c18-bac3-ef017ab94d38,710CL,,0,0,1606016325276,0,0
plugin_ios_activity_recognition,,0,2,0,e2a7ad3c-7a05-4c18-bac3-ef017ab94d38,710CL,,0,0,1606016505254,0,0
plugin_ios_activity_recognition,"[""stationary""]",0,2,0,e2a7ad3c-7a05-4c18-bac3-ef017ab94d38,710CL,,0,1,1606016562364,0,0
plugin_ios_activity_recognition,,0,2,0,e2a7ad3c-7a05-4c18-bac3-ef017ab94d38,710CL,,0,0,1606016642508,0,0
plugin_ios_activity_recognition,"[""walking""]",0,1,0,e2a7ad3c-7a05-4c18-bac3-ef017ab94d38,710CL,,0,0,1606016645063,0,1
plugin_ios_activity_recognition,"[""walking""]",0,2,0,e2a7ad3c-7a05-4c18-bac3-ef017ab94d38,710CL,,0,0,1606016662962,0,1
plugin_ios_activity_recognition,"[""walking""]",0,2,0,e2a7ad3c-7a05-4c18-bac3-ef017ab94d38,710CL,,0,0,1606016685274,0,1
plugin_ios_activity_recognition,"[""stationary""]",0,2,0,e2a7ad3c-7a05-4c18-bac3-ef017ab94d38,710CL,,0,1,1606016698758,0,0
plugin_ios_activity_recognition,"[""walking""]",0,2,0,e2a7ad3c-7a05-4c18-bac3-ef017ab94d38,710CL,,0,0,1606016706430,0,1
plugin_ios_activity_recognition,,0,2,0,e2a7ad3c-7a05-4c18-bac3-ef017ab94d38,710CL,,0,0,1606016714102,0,0
plugin_ios_activity_recognition,"[""stationary""]",0,2,0,e2a7ad3c-7a05-4c18-bac3-ef017ab94d38,710CL,,0,1,1606016757872,0,0
plugin_ios_activity_recognition,,0,2,0,e2a7ad3c-7a05-4c18-bac3-ef017ab94d38,710CL,,0,0,1606016763620,0,0
plugin_ios_activity_recognition,"[""stationary""]",0,2,0,e2a7ad3c-7a05-4c18-bac3-ef017ab94d38,710CL,,0,1,1606016768729,0,0
plugin_ios_activity_recognition,,0,2,0,e2a7ad3c-7a05-4c18-bac3-ef017ab94d38,710CL,,0,0,1606016787574,0,0
plugin_ios_activity_recognition,"[""stationary""]",0,2,0,e2a7ad3c-7a05-4c18-bac3-ef017ab94d38,710CL,,0,1,1606016794607,0,0
plugin_ios_activity_recognition,,0,2,0,e2a7ad3c-7a05-4c18-bac3-ef017ab94d38,710CL,,0,0,1606016811533,0,0
plugin_ios_activity_recognition,"[""stationary""]",0,2,0,e2a7ad3c-7a05-4c18-bac3-ef017ab94d38,710CL,,0,1,1606016816326,0,0
plugin_ios_activity_recognition,"[""stationary""]",0,2,0,e2a7ad3c-7a05-4c18-bac3-ef017ab94d38,710CL,,0,1,1606016865344,0,0
plugin_ios_activity_recognition,,0,2,0,e2a7ad3c-7a05-4c18-bac3-ef017ab94d38,710CL,,0,0,1606016998966,0,0
plugin_ios_activity_recognition,"[""stationary""]",0,2,0,e2a7ad3c-7a05-4c18-bac3-ef017ab94d38,710CL,,0,1,1606017003115,0,0
plugin_ios_activity_recognition,,0,2,0,e2a7ad3c-7a05-4c18-bac3-ef017ab94d38,710CL,,0,0,1606017030904,0,0
plugin_ios_activity_recognition,"[""stationary""]",0,2,0,e2a7ad3c-7a05-4c18-bac3-ef017ab94d38,710CL,,0,1,1606017042401,0,0
plugin_ios_activity_recognition,"[""stationary""]",0,2,0,e2a7ad3c-7a05-4c18-bac3-ef017ab94d38,710CL,,0,1,1606017045290,0,0
plugin_ios_activity_recognition,"[""stationary""]",0,2,0,e2a7ad3c-7a05-4c18-bac3-ef017ab94d38,710CL,supplement,0,1,1606017225290,0,0
plugin_ios_activity_recognition,"[""stationary""]",0,2,0,e2a7ad3c-7a05-4c18-bac3-ef017ab94d38,710CL,,0,1,1606017225293,0,0
plugin_ios_activity_recognition,"[""stationary""]",0,2,0,e2a7ad3c-7a05-4c18-bac3-ef017ab94d38,710CL,supplement,0,1,1606017405290,0,0
plugin_ios_activity_recognition,"[""stationary""]",0,2,0,e2a7ad3c-7a05-4c18-bac3-ef017ab94d38,710CL,supplement,0,1,1606017405293,0,0
plugin_ios_activity_recognition,"[""stationary""]",0,2,0,e2a7ad3c-7a05-4c18-bac3-ef017ab94d38,710CL,,0,1,1606017405296,0,0
plugin_ios_activity_recognition,"[""stationary""]",0,2,0,e2a7ad3c-7a05-4c18-bac3-ef017ab94d38,710CL,supplement,0,1,1606017585293,0,0
plugin_ios_activity_recognition,"[""stationary""]",0,2,0,e2a7ad3c-7a05-4c18-bac3-ef017ab94d38,710CL,supplement,0,1,1606017585296,0,0
plugin_ios_activity_recognition,"[""stationary""]",0,2,0,e2a7ad3c-7a05-4c18-bac3-ef017ab94d38,710CL,,0,1,1606017585354,0,0
plugin_ios_activity_recognition,"[""stationary""]",0,2,0,e2a7ad3c-7a05-4c18-bac3-ef017ab94d38,710CL,supplement,0,1,1606017765296,0,0
plugin_ios_activity_recognition,"[""stationary""]",0,2,0,e2a7ad3c-7a05-4c18-bac3-ef017ab94d38,710CL,,0,1,1606017765301,0,0
plugin_ios_activity_recognition,,0,2,0,e2a7ad3c-7a05-4c18-bac3-ef017ab94d38,710CL,,0,0,1606017907613,0,0
plugin_ios_activity_recognition,"[""stationary""]",0,2,0,e2a7ad3c-7a05-4c18-bac3-ef017ab94d38,710CL,,0,1,1606017921990,0,0
plugin_ios_activity_recognition,"[""stationary""]",0,2,0,e2a7ad3c-7a05-4c18-bac3-ef017ab94d38,710CL,,0,1,1606017945320,0,0
plugin_ios_activity_recognition,"[""stationary""]",0,2,0,e2a7ad3c-7a05-4c18-bac3-ef017ab94d38,710CL,supplement,0,1,1606018125320,0,0
plugin_ios_activity_recognition,"[""stationary""]",0,2,0,e2a7ad3c-7a05-4c18-bac3-ef017ab94d38,710CL,,0,1,1606018125335,0,0
plugin_ios_activity_recognition,"[""stationary""]",0,2,0,e2a7ad3c-7a05-4c18-bac3-ef017ab94d38,710CL,supplement,0,1,1606018305320,0,0
plugin_ios_activity_recognition,"[""stationary""]",0,2,0,e2a7ad3c-7a05-4c18-bac3-ef017ab94d38,710CL,supplement,0,1,1606018305335,0,0
plugin_ios_activity_recognition,"[""stationary""]",0,2,0,e2a7ad3c-7a05-4c18-bac3-ef017ab94d38,710CL,,0,1,1606018305392,0,0
plugin_ios_activity_recognition,"[""stationary""]",0,2,0,e2a7ad3c-7a05-4c18-bac3-ef017ab94d38,710CL,supplement,0,1,1606018485335,0,0
plugin_ios_activity_recognition,"[""stationary""]",0,2,0,e2a7ad3c-7a05-4c18-bac3-ef017ab94d38,710CL,,0,1,1606018485342,0,0
plugin_ios_activity_recognition,"[""stationary""]",0,2,0,e2a7ad3c-7a05-4c18-bac3-ef017ab94d38,710CL,supplement,0,1,1606018665342,0,0
plugin_ios_activity_recognition,"[""stationary""]",0,2,0,e2a7ad3c-7a05-4c18-bac3-ef017ab94d38,710CL,,0,1,1606018665347,0,0
plugin_ios_activity_recognition,"[""stationary""]",0,2,0,e2a7ad3c-7a05-4c18-bac3-ef017ab94d38,710CL,supplement,0,1,1606018845342,0,0
plugin_ios_activity_recognition,"[""stationary""]",0,2,0,e2a7ad3c-7a05-4c18-bac3-ef017ab94d38,710CL,,0,1,1606018845346,0,0
plugin_ios_activity_recognition,"[""stationary""]",0,2,0,e2a7ad3c-7a05-4c18-bac3-ef017ab94d38,710CL,supplement,0,1,1606019025346,0,0
plugin_ios_activity_recognition,"[""stationary""]",0,2,0,e2a7ad3c-7a05-4c18-bac3-ef017ab94d38,710CL,,0,1,1606019025408,0,0
plugin_ios_activity_recognition,"[""stationary""]",0,2,0,e2a7ad3c-7a05-4c18-bac3-ef017ab94d38,710CL,supplement,0,1,1606019205346,0,0
plugin_ios_activity_recognition,"[""stationary""]",0,2,0,e2a7ad3c-7a05-4c18-bac3-ef017ab94d38,710CL,,0,1,1606019205358,0,0
plugin_ios_activity_recognition,,0,2,0,e2a7ad3c-7a05-4c18-bac3-ef017ab94d38,710CL,,0,0,1606019268896,0,0
plugin_ios_activity_recognition,"[""stationary""]",0,2,0,e2a7ad3c-7a05-4c18-bac3-ef017ab94d38,710CL,,0,1,1606019277524,0,0
plugin_ios_activity_recognition,"[""stationary""]",0,2,0,e2a7ad3c-7a05-4c18-bac3-ef017ab94d38,710CL,,0,1,1606019385362,0,0
plugin_ios_activity_recognition,"[""stationary""]",0,2,0,e2a7ad3c-7a05-4c18-bac3-ef017ab94d38,710CL,supplement,0,1,1606019565362,0,0
plugin_ios_activity_recognition,"[""stationary""]",0,2,0,e2a7ad3c-7a05-4c18-bac3-ef017ab94d38,710CL,,0,1,1606019565366,0,0
plugin_ios_activity_recognition,"[""stationary""]",0,2,0,e2a7ad3c-7a05-4c18-bac3-ef017ab94d38,710CL,supplement,0,1,1606019745362,0,0
plugin_ios_activity_recognition,"[""stationary""]",0,2,0,e2a7ad3c-7a05-4c18-bac3-ef017ab94d38,710CL,supplement,0,1,1606019745366,0,0
plugin_ios_activity_recognition,"[""stationary""]",0,2,0,e2a7ad3c-7a05-4c18-bac3-ef017ab94d38,710CL,,0,1,1606019745415,0,0
plugin_ios_activity_recognition,"[""stationary""]",0,2,0,e2a7ad3c-7a05-4c18-bac3-ef017ab94d38,710CL,supplement,0,1,1606019925366,0,0
plugin_ios_activity_recognition,,0,2,0,e2a7ad3c-7a05-4c18-bac3-ef017ab94d38,710CL,,0,0,1606019958513,0,0
plugin_ios_activity_recognition,"[""stationary""]",0,2,0,e2a7ad3c-7a05-4c18-bac3-ef017ab94d38,710CL,,0,1,1606019964579,0,0
plugin_ios_activity_recognition,,0,2,0,e2a7ad3c-7a05-4c18-bac3-ef017ab94d38,710CL,,0,0,1606020031623,0,0
plugin_ios_activity_recognition,"[""stationary""]",0,2,0,e2a7ad3c-7a05-4c18-bac3-ef017ab94d38,710CL,,0,1,1606020036092,0,0
plugin_ios_activity_recognition,,0,2,0,e2a7ad3c-7a05-4c18-bac3-ef017ab94d38,710CL,,0,0,1606020065821,0,0
plugin_ios_activity_recognition,"[""stationary""]",0,2,0,e2a7ad3c-7a05-4c18-bac3-ef017ab94d38,710CL,,0,1,1606020075407,0,0
plugin_ios_activity_recognition,"[""stationary""]",0,2,0,e2a7ad3c-7a05-4c18-bac3-ef017ab94d38,710CL,,0,1,1606020105374,0,0
plugin_ios_activity_recognition,"[""stationary""]",0,2,0,e2a7ad3c-7a05-4c18-bac3-ef017ab94d38,710CL,,0,1,1606020285370,0,0
plugin_ios_activity_recognition,,0,2,0,e2a7ad3c-7a05-4c18-bac3-ef017ab94d38,710CL,,0,0,1606020347441,0,0
plugin_ios_activity_recognition,,0,2,0,e2a7ad3c-7a05-4c18-bac3-ef017ab94d38,710CL,,0,0,1606020465467,0,0
plugin_ios_activity_recognition,"[""stationary""]",0,2,0,e2a7ad3c-7a05-4c18-bac3-ef017ab94d38,710CL,,0,1,1606020477744,0,0
plugin_ios_activity_recognition,,0,2,0,e2a7ad3c-7a05-4c18-bac3-ef017ab94d38,710CL,,0,0,1606020478378,0,0
plugin_ios_activity_recognition,"[""stationary""]",0,2,0,e2a7ad3c-7a05-4c18-bac3-ef017ab94d38,710CL,,0,1,1606020501378,0,0
plugin_ios_activity_recognition,,0,2,0,e2a7ad3c-7a05-4c18-bac3-ef017ab94d38,710CL,,0,0,1606020504893,0,0
plugin_ios_activity_recognition,"[""stationary""]",0,2,0,e2a7ad3c-7a05-4c18-bac3-ef017ab94d38,710CL,,0,1,1606020562055,0,0
plugin_ios_activity_recognition,,0,2,0,e2a7ad3c-7a05-4c18-bac3-ef017ab94d38,710CL,,0,0,1606020567804,0,0
plugin_ios_activity_recognition,"[""stationary""]",0,2,0,e2a7ad3c-7a05-4c18-bac3-ef017ab94d38,710CL,,0,1,1606020594004,0,0
plugin_ios_activity_recognition,,0,2,0,e2a7ad3c-7a05-4c18-bac3-ef017ab94d38,710CL,,0,0,1606020602935,0,0
plugin_ios_activity_recognition,,0,2,0,e2a7ad3c-7a05-4c18-bac3-ef017ab94d38,710CL,,0,0,1606020645376,0,0
plugin_ios_activity_recognition,"[""stationary""]",0,2,0,e2a7ad3c-7a05-4c18-bac3-ef017ab94d38,710CL,,0,1,1606020786984,0,0
plugin_ios_activity_recognition,,0,2,0,e2a7ad3c-7a05-4c18-bac3-ef017ab94d38,710CL,,0,0,1606020794961,0,0
plugin_ios_activity_recognition,"[""stationary""]",0,2,0,e2a7ad3c-7a05-4c18-bac3-ef017ab94d38,710CL,,0,1,1606020811248,0,0
plugin_ios_activity_recognition,,0,2,0,e2a7ad3c-7a05-4c18-bac3-ef017ab94d38,710CL,,0,0,1606020819229,0,0
plugin_ios_activity_recognition,"[""stationary""]",0,2,0,e2a7ad3c-7a05-4c18-bac3-ef017ab94d38,710CL,,0,1,1606020823374,0,0
plugin_ios_activity_recognition,"[""stationary""]",0,2,0,e2a7ad3c-7a05-4c18-bac3-ef017ab94d38,710CL,,0,1,1606020825381,0,0
plugin_ios_activity_recognition,,0,2,0,e2a7ad3c-7a05-4c18-bac3-ef017ab94d38,710CL,,0,0,1606020832632,0,0
plugin_ios_activity_recognition,"[""stationary""]",0,2,0,e2a7ad3c-7a05-4c18-bac3-ef017ab94d38,710CL,,0,1,1606020840937,0,0
plugin_ios_activity_recognition,,0,2,0,e2a7ad3c-7a05-4c18-bac3-ef017ab94d38,710CL,,0,0,1606020855306,0,0
plugin_ios_activity_recognition,"[""stationary""]",0,2,0,e2a7ad3c-7a05-4c18-bac3-ef017ab94d38,710CL,,0,1,1606020860734,0,0
plugin_ios_activity_recognition,,0,2,0,e2a7ad3c-7a05-4c18-bac3-ef017ab94d38,710CL,,0,0,1606020866162,0,0
plugin_ios_activity_recognition,"[""stationary""]",0,2,0,e2a7ad3c-7a05-4c18-bac3-ef017ab94d38,710CL,,0,1,1606020882426,0,0
plugin_ios_activity_recognition,,0,2,0,e2a7ad3c-7a05-4c18-bac3-ef017ab94d38,710CL,,0,0,1606020885937,0,0
plugin_ios_activity_recognition,"[""stationary""]",0,2,0,e2a7ad3c-7a05-4c18-bac3-ef017ab94d38,710CL,,0,1,1606020892319,0,0
plugin_ios_activity_recognition,,0,2,0,e2a7ad3c-7a05-4c18-bac3-ef017ab94d38,710CL,,0,0,1606020894546,0,0
plugin_ios_activity_recognition,"[""stationary""]",0,2,0,e2a7ad3c-7a05-4c18-bac3-ef017ab94d38,710CL,,0,1,1606020912114,0,0
plugin_ios_activity_recognition,,0,2,0,e2a7ad3c-7a05-4c18-bac3-ef017ab94d38,710CL,,0,0,1606020916578,0,0
plugin_ios_activity_recognition,"[""walking""]",0,1,0,e2a7ad3c-7a05-4c18-bac3-ef017ab94d38,710CL,,0,0,1606020951730,0,1
plugin_ios_activity_recognition,"[""walking""]",0,2,0,e2a7ad3c-7a05-4c18-bac3-ef017ab94d38,710CL,,0,0,1606020954284,0,1
plugin_ios_activity_recognition,"[""stationary""]",0,2,0,e2a7ad3c-7a05-4c18-bac3-ef017ab94d38,710CL,,0,1,1606020980157,0,0
plugin_ios_activity_recognition,"[""walking""]",0,2,0,e2a7ad3c-7a05-4c18-bac3-ef017ab94d38,710CL,,0,0,1606020989410,0,1
plugin_ios_activity_recognition,"[""stationary""]",0,2,0,e2a7ad3c-7a05-4c18-bac3-ef017ab94d38,710CL,,0,1,1606020992915,0,0
plugin_ios_activity_recognition,"[""walking""]",0,2,0,e2a7ad3c-7a05-4c18-bac3-ef017ab94d38,710CL,,0,0,1606020996421,0,1
plugin_ios_activity_recognition,,0,2,0,e2a7ad3c-7a05-4c18-bac3-ef017ab94d38,710CL,,0,0,1606021005406,0,0
plugin_ios_activity_recognition,"[""stationary""]",0,2,0,e2a7ad3c-7a05-4c18-bac3-ef017ab94d38,710CL,,0,1,1606021080148,0,0
plugin_ios_activity_recognition,,0,2,0,e2a7ad3c-7a05-4c18-bac3-ef017ab94d38,710CL,,0,0,1606021083019,0,0
plugin_ios_activity_recognition,"[""stationary""]",0,2,0,e2a7ad3c-7a05-4c18-bac3-ef017ab94d38,710CL,,0,1,1606021097077,0,0
plugin_ios_activity_recognition,,0,2,0,e2a7ad3c-7a05-4c18-bac3-ef017ab94d38,710CL,,0,0,1606021110805,0,0
plugin_ios_activity_recognition,"[""stationary""]",0,2,0,e2a7ad3c-7a05-4c18-bac3-ef017ab94d38,710CL,,0,1,1606021114315,0,0
plugin_ios_activity_recognition,,0,2,0,e2a7ad3c-7a05-4c18-bac3-ef017ab94d38,710CL,,0,0,1606021118785,0,0
plugin_ios_activity_recognition,"[""stationary""]",0,2,0,e2a7ad3c-7a05-4c18-bac3-ef017ab94d38,710CL,,0,1,1606021132188,0,0
plugin_ios_activity_recognition,,0,2,0,e2a7ad3c-7a05-4c18-bac3-ef017ab94d38,710CL,,0,0,1606021134106,0,0
plugin_ios_activity_recognition,"[""stationary""]",0,2,0,e2a7ad3c-7a05-4c18-bac3-ef017ab94d38,710CL,,0,1,1606021138259,0,0
plugin_ios_activity_recognition,,0,2,0,e2a7ad3c-7a05-4c18-bac3-ef017ab94d38,710CL,,0,0,1606021138890,0,0
plugin_ios_activity_recognition,"[""stationary""]",0,2,0,e2a7ad3c-7a05-4c18-bac3-ef017ab94d38,710CL,,0,1,1606021144957,0,0
plugin_ios_activity_recognition,,0,2,0,e2a7ad3c-7a05-4c18-bac3-ef017ab94d38,710CL,,0,0,1606021157401,0,0
plugin_ios_activity_recognition,,0,2,0,e2a7ad3c-7a05-4c18-bac3-ef017ab94d38,710CL,,0,0,1606021185473,0,0
plugin_ios_activity_recognition,"[""stationary""]",0,2,0,e2a7ad3c-7a05-4c18-bac3-ef017ab94d38,710CL,,0,1,1606021185810,0,0
plugin_ios_activity_recognition,,0,2,0,e2a7ad3c-7a05-4c18-bac3-ef017ab94d38,710CL,,0,0,1606021188363,0,0
plugin_ios_activity_recognition,"[""stationary""]",0,2,0,e2a7ad3c-7a05-4c18-bac3-ef017ab94d38,710CL,,0,1,1606021218744,0,0
plugin_ios_activity_recognition,,0,2,0,e2a7ad3c-7a05-4c18-bac3-ef017ab94d38,710CL,,0,0,1606021228952,0,0
plugin_ios_activity_recognition,"[""stationary""]",0,2,0,e2a7ad3c-7a05-4c18-bac3-ef017ab94d38,710CL,,0,1,1606021233107,0,0
plugin_ios_activity_recognition,,0,2,0,e2a7ad3c-7a05-4c18-bac3-ef017ab94d38,710CL,,0,0,1606021253199,0,0
plugin_ios_activity_recognition,"[""stationary""]",0,2,0,e2a7ad3c-7a05-4c18-bac3-ef017ab94d38,710CL,,0,1,1606021260864,0,0
plugin_ios_activity_recognition,,0,2,0,e2a7ad3c-7a05-4c18-bac3-ef017ab94d38,710CL,,0,0,1606021274591,0,0
plugin_ios_activity_recognition,"[""stationary""]",0,2,0,e2a7ad3c-7a05-4c18-bac3-ef017ab94d38,710CL,,0,1,1606021329553,0,0
plugin_ios_activity_recognition,,0,2,0,e2a7ad3c-7a05-4c18-bac3-ef017ab94d38,710CL,,0,0,1606021334666,0,0
plugin_ios_activity_recognition,"[""stationary""]",0,2,0,e2a7ad3c-7a05-4c18-bac3-ef017ab94d38,710CL,,0,1,1606021364389,0,0
plugin_ios_activity_recognition,"[""stationary""]",0,2,0,e2a7ad3c-7a05-4c18-bac3-ef017ab94d38,710CL,,0,1,1606021365393,0,0
plugin_ios_activity_recognition,,0,2,0,e2a7ad3c-7a05-4c18-bac3-ef017ab94d38,710CL,,0,0,1606021371081,0,0
plugin_ios_activity_recognition,"[""stationary""]",0,2,0,e2a7ad3c-7a05-4c18-bac3-ef017ab94d38,710CL,,0,1,1606021480359,0,0
plugin_ios_activity_recognition,,0,2,0,e2a7ad3c-7a05-4c18-bac3-ef017ab94d38,710CL,,0,0,1606021483230,0,0
plugin_ios_activity_recognition,,0,2,0,e2a7ad3c-7a05-4c18-bac3-ef017ab94d38,710CL,,0,0,1606021545397,0,0
plugin_ios_activity_recognition,"[""walking""]",0,1,0,e2a7ad3c-7a05-4c18-bac3-ef017ab94d38,710CL,,0,0,1606021558022,0,1
plugin_ios_activity_recognition,"[""walking""]",0,2,0,e2a7ad3c-7a05-4c18-bac3-ef017ab94d38,710CL,,0,0,1606021567919,0,1
plugin_ios_activity_recognition,"[""stationary""]",0,2,0,e2a7ad3c-7a05-4c18-bac3-ef017ab94d38,710CL,,0,1,1606021583229,0,0
plugin_ios_activity_recognition,"[""walking""]",0,2,0,e2a7ad3c-7a05-4c18-bac3-ef017ab94d38,710CL,,0,0,1606021584505,0,1
plugin_ios_activity_recognition,"[""stationary""]",0,2,0,e2a7ad3c-7a05-4c18-bac3-ef017ab94d38,710CL,,0,1,1606021601427,0,0
plugin_ios_activity_recognition,"[""walking""]",0,2,0,e2a7ad3c-7a05-4c18-bac3-ef017ab94d38,710CL,,0,0,1606021609403,0,1
plugin_ios_activity_recognition,"[""stationary""]",0,2,0,e2a7ad3c-7a05-4c18-bac3-ef017ab94d38,710CL,,0,1,1606021617388,0,0
plugin_ios_activity_recognition,,0,2,0,e2a7ad3c-7a05-4c18-bac3-ef017ab94d38,710CL,,0,0,1606021625351,0,0
plugin_ios_activity_recognition,"[""stationary""]",0,2,0,e2a7ad3c-7a05-4c18-bac3-ef017ab94d38,710CL,,0,1,1606021704267,0,0
plugin_ios_activity_recognition,,0,2,0,e2a7ad3c-7a05-4c18-bac3-ef017ab94d38,710CL,,0,0,1606021710016,0,0
plugin_ios_activity_recognition,,0,2,0,e2a7ad3c-7a05-4c18-bac3-ef017ab94d38,710CL,,0,0,1606021725393,0,0
plugin_ios_activity_recognition,"[""stationary""]",0,2,0,e2a7ad3c-7a05-4c18-bac3-ef017ab94d38,710CL,,0,1,1606021750924,0,0
plugin_ios_activity_recognition,,0,2,0,e2a7ad3c-7a05-4c18-bac3-ef017ab94d38,710CL,,0,0,1606021755703,0,0
plugin_ios_activity_recognition,,0,2,0,e2a7ad3c-7a05-4c18-bac3-ef017ab94d38,710CL,,0,0,1606021905496,0,0
plugin_ios_activity_recognition,"[""stationary""]",0,2,0,e2a7ad3c-7a05-4c18-bac3-ef017ab94d38,710CL,,0,1,1606022033345,0,0
plugin_ios_activity_recognition,,0,2,0,e2a7ad3c-7a05-4c18-bac3-ef017ab94d38,710CL,,0,0,1606022036210,0,0
plugin_ios_activity_recognition,,0,2,0,e2a7ad3c-7a05-4c18-bac3-ef017ab94d38,710CL,,0,0,1606022085519,0,0
plugin_ios_activity_recognition,"[""stationary""]",0,2,0,e2a7ad3c-7a05-4c18-bac3-ef017ab94d38,710CL,,0,1,1606022221576,0,0
plugin_ios_activity_recognition,,0,2,0,e2a7ad3c-7a05-4c18-bac3-ef017ab94d38,710CL,,0,0,1606022227648,0,0
plugin_ios_activity_recognition,,0,2,0,e2a7ad3c-7a05-4c18-bac3-ef017ab94d38,710CL,,0,0,1606022265428,0,0
plugin_ios_activity_recognition,"[""stationary""]",0,2,0,e2a7ad3c-7a05-4c18-bac3-ef017ab94d38,710CL,,0,1,1606022276835,0,0
plugin_ios_activity_recognition,,0,2,0,e2a7ad3c-7a05-4c18-bac3-ef017ab94d38,710CL,,0,0,1606022277789,0,0
plugin_ios_activity_recognition,"[""stationary""]",0,2,0,e2a7ad3c-7a05-4c18-bac3-ef017ab94d38,710CL,,0,1,1606022282255,0,0
plugin_ios_activity_recognition,,0,2,0,e2a7ad3c-7a05-4c18-bac3-ef017ab94d38,710CL,,0,0,1606022284811,0,0
plugin_ios_activity_recognition,"[""stationary""]",0,2,0,e2a7ad3c-7a05-4c18-bac3-ef017ab94d38,710CL,,0,1,1606022294708,0,0
plugin_ios_activity_recognition,,0,2,0,e2a7ad3c-7a05-4c18-bac3-ef017ab94d38,710CL,,0,0,1606022301420,0,0
plugin_ios_activity_recognition,"[""stationary""]",0,2,0,e2a7ad3c-7a05-4c18-bac3-ef017ab94d38,710CL,,0,1,1606022365665,0,0
plugin_ios_activity_recognition,,0,2,0,e2a7ad3c-7a05-4c18-bac3-ef017ab94d38,710CL,,0,0,1606022372682,0,0
plugin_ios_activity_recognition,"[""stationary""]",0,2,0,e2a7ad3c-7a05-4c18-bac3-ef017ab94d38,710CL,,0,1,1606022376837,0,0
plugin_ios_activity_recognition,,0,2,0,e2a7ad3c-7a05-4c18-bac3-ef017ab94d38,710CL,,0,0,1606022379393,0,0
plugin_ios_activity_recognition,,0,2,0,e2a7ad3c-7a05-4c18-bac3-ef017ab94d38,710CL,,0,0,1606022445431,0,0
plugin_ios_activity_recognition,"[""stationary""]",0,2,0,e2a7ad3c-7a05-4c18-bac3-ef017ab94d38,710CL,,0,1,1606022569189,0,0
plugin_ios_activity_recognition,,0,2,0,e2a7ad3c-7a05-4c18-bac3-ef017ab94d38,710CL,,0,0,1606022571746,0,0
plugin_ios_activity_recognition,"[""stationary""]",0,2,0,e2a7ad3c-7a05-4c18-bac3-ef017ab94d38,710CL,,0,1,1606022585808,0,0
plugin_ios_activity_recognition,,0,2,0,e2a7ad3c-7a05-4c18-bac3-ef017ab94d38,710CL,,0,0,1606022590900,0,0
plugin_ios_activity_recognition,"[""stationary""]",0,2,0,e2a7ad3c-7a05-4c18-bac3-ef017ab94d38,710CL,,0,1,1606022604631,0,0
plugin_ios_activity_recognition,,0,2,0,e2a7ad3c-7a05-4c18-bac3-ef017ab94d38,710CL,,0,0,1606022607507,0,0
plugin_ios_activity_recognition,"[""stationary""]",0,2,0,e2a7ad3c-7a05-4c18-bac3-ef017ab94d38,710CL,,0,1,1606022613899,0,0
plugin_ios_activity_recognition,"[""stationary""]",0,2,0,e2a7ad3c-7a05-4c18-bac3-ef017ab94d38,710CL,,0,1,1606022625524,0,0
plugin_ios_activity_recognition,,0,2,0,e2a7ad3c-7a05-4c18-bac3-ef017ab94d38,710CL,,0,0,1606022637829,0,0
plugin_ios_activity_recognition,"[""stationary""]",0,2,0,e2a7ad3c-7a05-4c18-bac3-ef017ab94d38,710CL,,0,1,1606022643891,0,0
plugin_ios_activity_recognition,,0,2,0,e2a7ad3c-7a05-4c18-bac3-ef017ab94d38,710CL,,0,0,1606022654431,0,0
plugin_ios_activity_recognition,"[""stationary""]",0,2,0,e2a7ad3c-7a05-4c18-bac3-ef017ab94d38,710CL,,0,1,1606022657930,0,0
plugin_ios_activity_recognition,,0,2,0,e2a7ad3c-7a05-4c18-bac3-ef017ab94d38,710CL,,0,0,1606022663017,0,0
plugin_ios_activity_recognition,"[""stationary""]",0,2,0,e2a7ad3c-7a05-4c18-bac3-ef017ab94d38,710CL,,0,1,1606022680270,0,0
plugin_ios_activity_recognition,,0,2,0,e2a7ad3c-7a05-4c18-bac3-ef017ab94d38,710CL,,0,0,1606022694633,0,0
plugin_ios_activity_recognition,"[""stationary""]",0,2,0,e2a7ad3c-7a05-4c18-bac3-ef017ab94d38,710CL,,0,1,1606022711574,0,0
plugin_ios_activity_recognition,,0,2,0,e2a7ad3c-7a05-4c18-bac3-ef017ab94d38,710CL,,0,0,1606022729448,0,0
plugin_ios_activity_recognition,"[""stationary""]",0,2,0,e2a7ad3c-7a05-4c18-bac3-ef017ab94d38,710CL,,0,1,1606022771945,0,0
plugin_ios_activity_recognition,"[""stationary""]",0,2,0,e2a7ad3c-7a05-4c18-bac3-ef017ab94d38,710CL,,0,1,1606022805444,0,0
plugin_ios_activity_recognition,,0,2,0,e2a7ad3c-7a05-4c18-bac3-ef017ab94d38,710CL,,0,0,1606022852053,0,0
plugin_ios_activity_recognition,"[""stationary""]",0,2,0,e2a7ad3c-7a05-4c18-bac3-ef017ab94d38,710CL,,0,1,1606022858121,0,0
plugin_ios_activity_recognition,,0,2,0,e2a7ad3c-7a05-4c18-bac3-ef017ab94d38,710CL,,0,0,1606022862914,0,0
plugin_ios_activity_recognition,"[""walking""]",0,1,0,e2a7ad3c-7a05-4c18-bac3-ef017ab94d38,710CL,,0,0,1606022866435,0,1
plugin_ios_activity_recognition,"[""stationary""]",0,2,0,e2a7ad3c-7a05-4c18-bac3-ef017ab94d38,710CL,,0,1,1606022880173,0,0
plugin_ios_activity_recognition,"[""walking""]",0,2,0,e2a7ad3c-7a05-4c18-bac3-ef017ab94d38,710CL,,0,0,1606022880492,0,1
plugin_ios_activity_recognition,"[""stationary""]",0,2,0,e2a7ad3c-7a05-4c18-bac3-ef017ab94d38,710CL,,0,1,1606022886245,0,0
plugin_ios_activity_recognition,"[""stationary""]",0,2,0,e2a7ad3c-7a05-4c18-bac3-ef017ab94d38,710CL,,0,1,1606022985449,0,0
plugin_ios_activity_recognition,"[""stationary""]",0,2,0,e2a7ad3c-7a05-4c18-bac3-ef017ab94d38,710CL,supplement,0,1,1606023165449,0,0
plugin_ios_activity_recognition,"[""stationary""]",0,2,0,e2a7ad3c-7a05-4c18-bac3-ef017ab94d38,710CL,,0,1,1606023165453,0,0
plugin_ios_activity_recognition,"[""stationary""]",0,2,0,e2a7ad3c-7a05-4c18-bac3-ef017ab94d38,710CL,supplement,0,1,1606023345449,0,0
plugin_ios_activity_recognition,"[""stationary""]",0,2,0,e2a7ad3c-7a05-4c18-bac3-ef017ab94d38,710CL,supplement,0,1,1606023345453,0,0
plugin_ios_activity_recognition,"[""stationary""]",0,2,0,e2a7ad3c-7a05-4c18-bac3-ef017ab94d38,710CL,,0,1,1606023345506,0,0
plugin_ios_activity_recognition,,0,2,0,e2a7ad3c-7a05-4c18-bac3-ef017ab94d38,710CL,,0,0,1606023506488,0,0
plugin_ios_activity_recognition,"[""stationary""]",0,2,0,e2a7ad3c-7a05-4c18-bac3-ef017ab94d38,710CL,supplement,0,1,1606023525453,0,0
plugin_ios_activity_recognition,,0,2,0,e2a7ad3c-7a05-4c18-bac3-ef017ab94d38,710CL,,0,0,1606023525463,0,0
plugin_ios_activity_recognition,"[""stationary""]",0,2,0,e2a7ad3c-7a05-4c18-bac3-ef017ab94d38,710CL,,0,1,1606023527566,0,0
plugin_ios_activity_recognition,,0,2,0,e2a7ad3c-7a05-4c18-bac3-ef017ab94d38,710CL,,0,0,1606023529164,0,0
plugin_ios_activity_recognition,"[""stationary""]",0,2,0,e2a7ad3c-7a05-4c18-bac3-ef017ab94d38,710CL,,0,1,1606023646141,0,0
plugin_ios_activity_recognition,,0,2,0,e2a7ad3c-7a05-4c18-bac3-ef017ab94d38,710CL,,0,0,1606023646781,0,0
plugin_ios_activity_recognition,"[""stationary""]",0,2,0,e2a7ad3c-7a05-4c18-bac3-ef017ab94d38,710CL,,0,1,1606023669451,0,0
plugin_ios_activity_recognition,,0,2,0,e2a7ad3c-7a05-4c18-bac3-ef017ab94d38,710CL,,0,0,1606023671048,0,0
plugin_ios_activity_recognition,,0,2,0,e2a7ad3c-7a05-4c18-bac3-ef017ab94d38,710CL,,0,0,1606023705469,0,0
plugin_ios_activity_recognition,"[""stationary""]",0,2,0,e2a7ad3c-7a05-4c18-bac3-ef017ab94d38,710CL,,0,1,1606023818353,0,0
plugin_ios_activity_recognition,,0,2,0,e2a7ad3c-7a05-4c18-bac3-ef017ab94d38,710CL,,0,0,1606023819316,0,0
plugin_ios_activity_recognition,"[""stationary""]",0,2,0,e2a7ad3c-7a05-4c18-bac3-ef017ab94d38,710CL,,0,1,1606023843905,0,0
plugin_ios_activity_recognition,,0,2,0,e2a7ad3c-7a05-4c18-bac3-ef017ab94d38,710CL,,0,0,1606023844539,0,0
plugin_ios_activity_recognition,"[""stationary""]",0,2,0,e2a7ad3c-7a05-4c18-bac3-ef017ab94d38,710CL,,0,1,1606023878731,0,0
plugin_ios_activity_recognition,"[""stationary""]",0,2,0,e2a7ad3c-7a05-4c18-bac3-ef017ab94d38,710CL,,0,1,1606023885464,0,0
plugin_ios_activity_recognition,,0,2,0,e2a7ad3c-7a05-4c18-bac3-ef017ab94d38,710CL,,0,0,1606023894059,0,0
plugin_ios_activity_recognition,"[""walking""]",0,1,0,e2a7ad3c-7a05-4c18-bac3-ef017ab94d38,710CL,,0,0,1606023898540,0,1
plugin_ios_activity_recognition,"[""stationary""]",0,2,0,e2a7ad3c-7a05-4c18-bac3-ef017ab94d38,710CL,,0,1,1606023902997,0,0
plugin_ios_activity_recognition,"[""walking""]",0,2,0,e2a7ad3c-7a05-4c18-bac3-ef017ab94d38,710CL,,0,0,1606023913536,0,1
plugin_ios_activity_recognition,"[""stationary""]",0,2,0,e2a7ad3c-7a05-4c18-bac3-ef017ab94d38,710CL,,0,1,1606023920561,0,0
plugin_ios_activity_recognition,"[""walking""]",0,2,0,e2a7ad3c-7a05-4c18-bac3-ef017ab94d38,710CL,,0,0,1606023924392,0,1
plugin_ios_activity_recognition,"[""stationary""]",0,2,0,e2a7ad3c-7a05-4c18-bac3-ef017ab94d38,710CL,,0,1,1606023933335,0,0
plugin_ios_activity_recognition,"[""walking""]",0,2,0,e2a7ad3c-7a05-4c18-bac3-ef017ab94d38,710CL,,0,0,1606023933969,0,1
plugin_ios_activity_recognition,,0,2,0,e2a7ad3c-7a05-4c18-bac3-ef017ab94d38,710CL,,0,0,1606023936851,0,0
plugin_ios_activity_recognition,"[""walking""]",0,1,0,e2a7ad3c-7a05-4c18-bac3-ef017ab94d38,710CL,,0,0,1606023941965,0,1
plugin_ios_activity_recognition,"[""walking""]",0,2,0,e2a7ad3c-7a05-4c18-bac3-ef017ab94d38,710CL,,0,0,1606023944835,0,1
plugin_ios_activity_recognition,"[""stationary""]",0,2,0,e2a7ad3c-7a05-4c18-bac3-ef017ab94d38,710CL,,0,1,1606023952180,0,0
plugin_ios_activity_recognition,,0,2,0,e2a7ad3c-7a05-4c18-bac3-ef017ab94d38,710CL,,0,0,1606023956321,0,0
plugin_ios_activity_recognition,"[""stationary""]",0,2,0,e2a7ad3c-7a05-4c18-bac3-ef017ab94d38,710CL,,0,1,1606023964305,0,0
plugin_ios_activity_recognition,,0,2,0,e2a7ad3c-7a05-4c18-bac3-ef017ab94d38,710CL,,0,0,1606023985371,0,0
plugin_ios_activity_recognition,"[""stationary""]",0,2,0,e2a7ad3c-7a05-4c18-bac3-ef017ab94d38,710CL,,0,1,1606024004223,0,0
plugin_ios_activity_recognition,,0,2,0,e2a7ad3c-7a05-4c18-bac3-ef017ab94d38,710CL,,0,0,1606024010605,0,0
plugin_ios_activity_recognition,"[""stationary""]",0,2,0,e2a7ad3c-7a05-4c18-bac3-ef017ab94d38,710CL,,0,1,1606024021791,0,0
plugin_ios_activity_recognition,,0,2,0,e2a7ad3c-7a05-4c18-bac3-ef017ab94d38,710CL,,0,0,1606024031993,0,0
plugin_ios_activity_recognition,"[""stationary""]",0,2,0,e2a7ad3c-7a05-4c18-bac3-ef017ab94d38,710CL,,0,1,1606024039339,0,0
plugin_ios_activity_recognition,,0,2,0,e2a7ad3c-7a05-4c18-bac3-ef017ab94d38,710CL,,0,0,1606024050201,0,0
plugin_ios_activity_recognition,,0,2,0,e2a7ad3c-7a05-4c18-bac3-ef017ab94d38,710CL,,0,0,1606024065550,0,0
plugin_ios_activity_recognition,"[""stationary""]",0,2,0,e2a7ad3c-7a05-4c18-bac3-ef017ab94d38,710CL,,0,1,1606024066485,0,0
plugin_ios_activity_recognition,,0,2,0,e2a7ad3c-7a05-4c18-bac3-ef017ab94d38,710CL,,0,0,1606024087558,0,0
plugin_ios_activity_recognition,"[""stationary""]",0,2,0,e2a7ad3c-7a05-4c18-bac3-ef017ab94d38,710CL,,0,1,1606024129414,0,0
plugin_ios_activity_recognition,,0,2,0,e2a7ad3c-7a05-4c18-bac3-ef017ab94d38,710CL,,0,0,1606024135792,0,0
plugin_ios_activity_recognition,"[""stationary""]",0,2,0,e2a7ad3c-7a05-4c18-bac3-ef017ab94d38,710CL,,0,1,1606024141219,0,0
plugin_ios_activity_recognition,,0,2,0,e2a7ad3c-7a05-4c18-bac3-ef017ab94d38,710CL,,0,0,1606024152071,0,0
plugin_ios_activity_recognition,"[""stationary""]",0,2,0,e2a7ad3c-7a05-4c18-bac3-ef017ab94d38,710CL,,0,1,1606024155577,0,0
plugin_ios_activity_recognition,,0,2,0,e2a7ad3c-7a05-4c18-bac3-ef017ab94d38,710CL,,0,0,1606024166757,0,0
plugin_ios_activity_recognition,"[""stationary""]",0,2,0,e2a7ad3c-7a05-4c18-bac3-ef017ab94d38,710CL,,0,1,1606024184644,0,0
plugin_ios_activity_recognition,,0,2,0,e2a7ad3c-7a05-4c18-bac3-ef017ab94d38,710CL,,0,0,1606024219771,0,0
plugin_ios_activity_recognition,"[""stationary""]",0,2,0,e2a7ad3c-7a05-4c18-bac3-ef017ab94d38,710CL,,0,1,1606024229035,0,0
plugin_ios_activity_recognition,"[""stationary""]",0,2,0,e2a7ad3c-7a05-4c18-bac3-ef017ab94d38,710CL,,0,1,1606024245472,0,0
plugin_ios_activity_recognition,,0,2,0,e2a7ad3c-7a05-4c18-bac3-ef017ab94d38,710CL,,0,0,1606024260644,0,0
plugin_ios_activity_recognition,"[""stationary""]",0,2,0,e2a7ad3c-7a05-4c18-bac3-ef017ab94d38,710CL,,0,1,1606024319436,0,0
plugin_ios_activity_recognition,,0,2,0,e2a7ad3c-7a05-4c18-bac3-ef017ab94d38,710CL,,0,0,1606024333166,0,0
plugin_ios_activity_recognition,"[""stationary""]",0,2,0,e2a7ad3c-7a05-4c18-bac3-ef017ab94d38,710CL,,0,1,1606024371826,0,0
plugin_ios_activity_recognition,,0,2,0,e2a7ad3c-7a05-4c18-bac3-ef017ab94d38,710CL,,0,0,1606024372785,0,0
plugin_ios_activity_recognition,,0,2,0,e2a7ad3c-7a05-4c18-bac3-ef017ab94d38,710CL,,0,0,1606024425476,0,0
plugin_ios_activity_recognition,"[""stationary""]",0,2,0,e2a7ad3c-7a05-4c18-bac3-ef017ab94d38,710CL,,0,1,1606024446918,0,0
plugin_ios_activity_recognition,,0,2,0,e2a7ad3c-7a05-4c18-bac3-ef017ab94d38,710CL,,0,0,1606024449469,0,0
plugin_ios_activity_recognition,"[""stationary""]",0,2,0,e2a7ad3c-7a05-4c18-bac3-ef017ab94d38,710CL,,0,1,1606024466725,0,0
plugin_ios_activity_recognition,,0,2,0,e2a7ad3c-7a05-4c18-bac3-ef017ab94d38,710CL,,0,0,1606024469602,0,0
plugin_ios_activity_recognition,"[""stationary""]",0,2,0,e2a7ad3c-7a05-4c18-bac3-ef017ab94d38,710CL,,0,1,1606024497090,0,0
plugin_ios_activity_recognition,,0,2,0,e2a7ad3c-7a05-4c18-bac3-ef017ab94d38,710CL,,0,0,1606024500286,0,0
plugin_ios_activity_recognition,"[""stationary""]",0,2,0,e2a7ad3c-7a05-4c18-bac3-ef017ab94d38,710CL,,0,1,1606024603531,0,0
plugin_ios_activity_recognition,,0,2,0,e2a7ad3c-7a05-4c18-bac3-ef017ab94d38,710CL,,0,0,1606024605129,0,0
plugin_ios_activity_recognition,,0,2,0,e2a7ad3c-7a05-4c18-bac3-ef017ab94d38,710CL,,0,0,1606024605555,0,0
plugin_ios_activity_recognition,"[""stationary""]",0,2,0,e2a7ad3c-7a05-4c18-bac3-ef017ab94d38,710CL,,0,1,1606024619514,0,0
plugin_ios_activity_recognition,,0,2,0,e2a7ad3c-7a05-4c18-bac3-ef017ab94d38,710CL,,0,0,1606024624313,0,0
plugin_ios_activity_recognition,"[""stationary""]",0,2,0,e2a7ad3c-7a05-4c18-bac3-ef017ab94d38,710CL,,0,1,1606024645725,0,0
plugin_ios_activity_recognition,,0,2,0,e2a7ad3c-7a05-4c18-bac3-ef017ab94d38,710CL,,0,0,1606024647328,0,0
plugin_ios_activity_recognition,"[""stationary""]",0,2,0,e2a7ad3c-7a05-4c18-bac3-ef017ab94d38,710CL,,0,1,1606024650840,0,0
plugin_ios_activity_recognition,,0,2,0,e2a7ad3c-7a05-4c18-bac3-ef017ab94d38,710CL,,0,0,1606024652443,0,0
plugin_ios_activity_recognition,"[""stationary""]",0,2,0,e2a7ad3c-7a05-4c18-bac3-ef017ab94d38,710CL,,0,1,1606024679928,0,0
plugin_ios_activity_recognition,,0,2,0,e2a7ad3c-7a05-4c18-bac3-ef017ab94d38,710CL,,0,0,1606024683129,0,0
plugin_ios_activity_recognition,"[""stationary""]",0,2,0,e2a7ad3c-7a05-4c18-bac3-ef017ab94d38,710CL,,0,1,1606024717967,0,0
plugin_ios_activity_recognition,,0,2,0,e2a7ad3c-7a05-4c18-bac3-ef017ab94d38,710CL,,0,0,1606024720205,0,0
plugin_ios_activity_recognition,"[""stationary""]",0,2,0,e2a7ad3c-7a05-4c18-bac3-ef017ab94d38,710CL,,0,1,1606024723721,0,0
plugin_ios_activity_recognition,,0,2,0,e2a7ad3c-7a05-4c18-bac3-ef017ab94d38,710CL,,0,0,1606024737147,0,0
plugin_ios_activity_recognition,"[""stationary""]",0,2,0,e2a7ad3c-7a05-4c18-bac3-ef017ab94d38,710CL,,0,1,1606024747376,0,0
plugin_ios_activity_recognition,,0,2,0,e2a7ad3c-7a05-4c18-bac3-ef017ab94d38,710CL,,0,0,1606024749934,0,0
plugin_ios_activity_recognition,,0,2,0,e2a7ad3c-7a05-4c18-bac3-ef017ab94d38,710CL,,0,0,1606024785574,0,0
plugin_ios_activity_recognition,"[""stationary""]",0,2,0,e2a7ad3c-7a05-4c18-bac3-ef017ab94d38,710CL,,0,1,1606024846798,0,0
plugin_ios_activity_recognition,,0,2,0,e2a7ad3c-7a05-4c18-bac3-ef017ab94d38,710CL,,0,0,1606024849990,0,0
plugin_ios_activity_recognition,"[""stationary""]",0,2,0,e2a7ad3c-7a05-4c18-bac3-ef017ab94d38,710CL,,0,1,1606024853506,0,0
plugin_ios_activity_recognition,,0,2,0,e2a7ad3c-7a05-4c18-bac3-ef017ab94d38,710CL,,0,0,1606024857027,0,0
plugin_ios_activity_recognition,"[""stationary""]",0,2,0,e2a7ad3c-7a05-4c18-bac3-ef017ab94d38,710CL,,0,1,1606024922236,0,0
plugin_ios_activity_recognition,,0,2,0,e2a7ad3c-7a05-4c18-bac3-ef017ab94d38,710CL,,0,0,1606024925433,0,0
plugin_ios_activity_recognition,"[""stationary""]",0,2,0,e2a7ad3c-7a05-4c18-bac3-ef017ab94d38,710CL,,0,1,1606024934703,0,0
plugin_ios_activity_recognition,,0,2,0,e2a7ad3c-7a05-4c18-bac3-ef017ab94d38,710CL,,0,0,1606024935342,0,0
plugin_ios_activity_recognition,,0,2,0,e2a7ad3c-7a05-4c18-bac3-ef017ab94d38,710CL,,0,0,1606024965597,0,0
plugin_ios_activity_recognition,"[""stationary""]",0,2,0,e2a7ad3c-7a05-4c18-bac3-ef017ab94d38,710CL,,0,1,1606024991606,0,0
plugin_ios_activity_recognition,,0,2,0,e2a7ad3c-7a05-4c18-bac3-ef017ab94d38,710CL,,0,0,1606024992570,0,0
plugin_ios_activity_recognition,"[""stationary""]",0,2,0,e2a7ad3c-7a05-4c18-bac3-ef017ab94d38,710CL,,0,1,1606025031247,0,0
plugin_ios_activity_recognition,,0,2,0,e2a7ad3c-7a05-4c18-bac3-ef017ab94d38,710CL,,0,0,1606025032845,0,0
plugin_ios_activity_recognition,"[""walking""]",0,1,0,e2a7ad3c-7a05-4c18-bac3-ef017ab94d38,710CL,,0,0,1606025043721,0,1
plugin_ios_activity_recognition,"[""walking""]",0,2,0,e2a7ad3c-7a05-4c18-bac3-ef017ab94d38,710CL,,0,0,1606025048833,0,1
plugin_ios_activity_recognition,"[""stationary""]",0,2,0,e2a7ad3c-7a05-4c18-bac3-ef017ab94d38,710CL,,0,1,1606025061935,0,0
plugin_ios_activity_recognition,"[""walking""]",0,2,0,e2a7ad3c-7a05-4c18-bac3-ef017ab94d38,710CL,,0,0,1606025063213,0,1
plugin_ios_activity_recognition,"[""stationary""]",0,2,0,e2a7ad3c-7a05-4c18-bac3-ef017ab94d38,710CL,,0,1,1606025090704,0,0
plugin_ios_activity_recognition,"[""walking""]",0,2,0,e2a7ad3c-7a05-4c18-bac3-ef017ab94d38,710CL,,0,0,1606025095180,0,1
plugin_ios_activity_recognition,,0,2,0,e2a7ad3c-7a05-4c18-bac3-ef017ab94d38,710CL,,0,0,1606025099979,0,0
plugin_ios_activity_recognition,"[""stationary""]",0,2,0,e2a7ad3c-7a05-4c18-bac3-ef017ab94d38,710CL,,0,1,1606025103491,0,0
plugin_ios_activity_recognition,,0,2,0,e2a7ad3c-7a05-4c18-bac3-ef017ab94d38,710CL,,0,0,1606025104450,0,0
plugin_ios_activity_recognition,,0,2,0,e2a7ad3c-7a05-4c18-bac3-ef017ab94d38,710CL,,0,0,1606025145578,0,0
plugin_ios_activity_recognition,"[""stationary""]",0,2,0,e2a7ad3c-7a05-4c18-bac3-ef017ab94d38,710CL,,0,1,1606025282499,0,0
plugin_ios_activity_recognition,,0,2,0,e2a7ad3c-7a05-4c18-bac3-ef017ab94d38,710CL,,0,0,1606025287294,0,0
plugin_ios_activity_recognition,,0,2,0,e2a7ad3c-7a05-4c18-bac3-ef017ab94d38,710CL,,0,0,1606025325498,0,0
plugin_ios_activity_recognition,"[""stationary""]",0,2,0,e2a7ad3c-7a05-4c18-bac3-ef017ab94d38,710CL,,0,1,1606025369093,0,0
plugin_ios_activity_recognition,,0,2,0,e2a7ad3c-7a05-4c18-bac3-ef017ab94d38,710CL,,0,0,1606025370366,0,0
plugin_ios_activity_recognition,"[""stationary""]",0,2,0,e2a7ad3c-7a05-4c18-bac3-ef017ab94d38,710CL,,0,1,1606025381548,0,0
plugin_ios_activity_recognition,,0,2,0,e2a7ad3c-7a05-4c18-bac3-ef017ab94d38,710CL,,0,0,1606025383784,0,0
plugin_ios_activity_recognition,"[""stationary""]",0,2,0,e2a7ad3c-7a05-4c18-bac3-ef017ab94d38,710CL,,0,1,1606025428842,0,0
plugin_ios_activity_recognition,,0,2,0,e2a7ad3c-7a05-4c18-bac3-ef017ab94d38,710CL,,0,0,1606025440336,0,0
plugin_ios_activity_recognition,"[""stationary""]",0,2,0,e2a7ad3c-7a05-4c18-bac3-ef017ab94d38,710CL,,0,1,1606025476767,0,0
plugin_ios_activity_recognition,,0,2,0,e2a7ad3c-7a05-4c18-bac3-ef017ab94d38,710CL,,0,0,1606025486341,0,0
plugin_ios_activity_recognition,,0,2,0,e2a7ad3c-7a05-4c18-bac3-ef017ab94d38,710CL,,0,0,1606025505593,0,0
plugin_ios_activity_recognition,"[""stationary""]",0,2,0,e2a7ad3c-7a05-4c18-bac3-ef017ab94d38,710CL,,0,1,1606025515081,0,0
plugin_ios_activity_recognition,,0,2,0,e2a7ad3c-7a05-4c18-bac3-ef017ab94d38,710CL,,0,0,1606025516035,0,0
plugin_ios_activity_recognition,"[""stationary""]",0,2,0,e2a7ad3c-7a05-4c18-bac3-ef017ab94d38,710CL,,0,1,1606025608056,0,0
plugin_ios_activity_recognition,,0,2,0,e2a7ad3c-7a05-4c18-bac3-ef017ab94d38,710CL,,0,0,1606025609654,0,0
plugin_ios_activity_recognition,"[""stationary""]",0,2,0,e2a7ad3c-7a05-4c18-bac3-ef017ab94d38,710CL,,0,1,1606025626577,0,0
plugin_ios_activity_recognition,,0,2,0,e2a7ad3c-7a05-4c18-bac3-ef017ab94d38,710CL,,0,0,1606025626893,0,0
plugin_ios_activity_recognition,"[""stationary""]",0,2,0,e2a7ad3c-7a05-4c18-bac3-ef017ab94d38,710CL,,0,1,1606025641575,0,0
plugin_ios_activity_recognition,,0,2,0,e2a7ad3c-7a05-4c18-bac3-ef017ab94d38,710CL,,0,0,1606025644455,0,0
plugin_ios_activity_recognition,"[""stationary""]",0,2,0,e2a7ad3c-7a05-4c18-bac3-ef017ab94d38,710CL,,0,1,1606025663943,0,0
plugin_ios_activity_recognition,,0,2,0,e2a7ad3c-7a05-4c18-bac3-ef017ab94d38,710CL,,0,0,1606025664901,0,0
plugin_ios_activity_recognition,"[""stationary""]",0,2,0,e2a7ad3c-7a05-4c18-bac3-ef017ab94d38,710CL,,0,1,1606025675749,0,0
plugin_ios_activity_recognition,,0,2,0,e2a7ad3c-7a05-4c18-bac3-ef017ab94d38,710CL,,0,0,1606025684375,0,0
plugin_ios_activity_recognition,,0,2,0,e2a7ad3c-7a05-4c18-bac3-ef017ab94d38,710CL,,0,0,1606025685500,0,0
plugin_ios_activity_recognition,"[""stationary""]",0,2,0,e2a7ad3c-7a05-4c18-bac3-ef017ab94d38,710CL,,0,1,1606025699701,0,0
plugin_ios_activity_recognition,,0,2,0,e2a7ad3c-7a05-4c18-bac3-ef017ab94d38,710CL,,0,0,1606025710566,0,0
plugin_ios_activity_recognition,"[""stationary""]",0,2,0,e2a7ad3c-7a05-4c18-bac3-ef017ab94d38,710CL,,0,1,1606025714716,0,0
plugin_ios_activity_recognition,,0,2,0,e2a7ad3c-7a05-4c18-bac3-ef017ab94d38,710CL,,0,0,1606025719825,0,0
plugin_ios_activity_recognition,"[""stationary""]",0,2,0,e2a7ad3c-7a05-4c18-bac3-ef017ab94d38,710CL,,0,1,1606025730681,0,0
plugin_ios_activity_recognition,,0,2,0,e2a7ad3c-7a05-4c18-bac3-ef017ab94d38,710CL,,0,0,1606025735147,0,0
plugin_ios_activity_recognition,"[""stationary""]",0,2,0,e2a7ad3c-7a05-4c18-bac3-ef017ab94d38,710CL,,0,1,1606025749834,0,0
plugin_ios_activity_recognition,,0,2,0,e2a7ad3c-7a05-4c18-bac3-ef017ab94d38,710CL,,0,0,1606025759421,0,0
plugin_ios_activity_recognition,"[""stationary""]",0,2,0,e2a7ad3c-7a05-4c18-bac3-ef017ab94d38,710CL,,0,1,1606025767717,0,0
plugin_ios_activity_recognition,,0,2,0,e2a7ad3c-7a05-4c18-bac3-ef017ab94d38,710CL,,0,0,1606025768356,0,0
plugin_ios_activity_recognition,"[""walking""]",0,1,0,e2a7ad3c-7a05-4c18-bac3-ef017ab94d38,710CL,,0,0,1606025828437,0,1
plugin_ios_activity_recognition,,0,2,0,e2a7ad3c-7a05-4c18-bac3-ef017ab94d38,710CL,,0,0,1606025836108,0,0
plugin_ios_activity_recognition,"[""stationary""]",0,2,0,e2a7ad3c-7a05-4c18-bac3-ef017ab94d38,710CL,,0,1,1606025845031,0,0
plugin_ios_activity_recognition,,0,2,0,e2a7ad3c-7a05-4c18-bac3-ef017ab94d38,710CL,,0,0,1606025846309,0,0
plugin_ios_activity_recognition,,0,2,0,e2a7ad3c-7a05-4c18-bac3-ef017ab94d38,710CL,,0,0,1606025865496,0,0
plugin_ios_activity_recognition,"[""stationary""]",0,2,0,e2a7ad3c-7a05-4c18-bac3-ef017ab94d38,710CL,,0,1,1606025877918,0,0
plugin_ios_activity_recognition,,0,2,0,e2a7ad3c-7a05-4c18-bac3-ef017ab94d38,710CL,,0,0,1606025880475,0,0
plugin_ios_activity_recognition,"[""stationary""]",0,2,0,e2a7ad3c-7a05-4c18-bac3-ef017ab94d38,710CL,,0,1,1606025891636,0,0
plugin_ios_activity_recognition,,0,2,0,e2a7ad3c-7a05-4c18-bac3-ef017ab94d38,710CL,,0,0,1606025893548,0,0
plugin_ios_activity_recognition,"[""stationary""]",0,2,0,e2a7ad3c-7a05-4c18-bac3-ef017ab94d38,710CL,,0,1,1606025903125,0,0
plugin_ios_activity_recognition,,0,2,0,e2a7ad3c-7a05-4c18-bac3-ef017ab94d38,710CL,,0,0,1606025905363,0,0
plugin_ios_activity_recognition,"[""stationary""]",0,2,0,e2a7ad3c-7a05-4c18-bac3-ef017ab94d38,710CL,,0,1,1606025981686,0,0
plugin_ios_activity_recognition,,0,2,0,e2a7ad3c-7a05-4c18-bac3-ef017ab94d38,710CL,,0,0,1606025982961,0,0
plugin_ios_activity_recognition,,0,2,0,e2a7ad3c-7a05-4c18-bac3-ef017ab94d38,710CL,,0,0,1606026045496,0,0
plugin_ios_activity_recognition,"[""stationary""]",0,2,0,e2a7ad3c-7a05-4c18-bac3-ef017ab94d38,710CL,,0,1,1606026113962,0,0
plugin_ios_activity_recognition,,0,2,0,e2a7ad3c-7a05-4c18-bac3-ef017ab94d38,710CL,,0,0,1606026117788,0,0
plugin_ios_activity_recognition,"[""stationary""]",0,2,0,e2a7ad3c-7a05-4c18-bac3-ef017ab94d38,710CL,,0,1,1606026129613,0,0
plugin_ios_activity_recognition,"[""stationary""]",0,2,0,e2a7ad3c-7a05-4c18-bac3-ef017ab94d38,710CL,,0,1,1606026225551,0,0
plugin_ios_activity_recognition,,0,2,0,e2a7ad3c-7a05-4c18-bac3-ef017ab94d38,710CL,,0,0,1606026233682,0,0
plugin_ios_activity_recognition,"[""stationary""]",0,2,0,e2a7ad3c-7a05-4c18-bac3-ef017ab94d38,710CL,,0,1,1606026316139,0,0
plugin_ios_activity_recognition,,0,2,0,e2a7ad3c-7a05-4c18-bac3-ef017ab94d38,710CL,,0,0,1606026318377,0,0
plugin_ios_activity_recognition,"[""stationary""]",0,2,0,e2a7ad3c-7a05-4c18-bac3-ef017ab94d38,710CL,,0,1,1606026356065,0,0
plugin_ios_activity_recognition,,0,2,0,e2a7ad3c-7a05-4c18-bac3-ef017ab94d38,710CL,,0,0,1606026358297,0,0
plugin_ios_activity_recognition,"[""stationary""]",0,2,0,e2a7ad3c-7a05-4c18-bac3-ef017ab94d38,710CL,,0,1,1606026395326,0,0
plugin_ios_activity_recognition,,0,2,0,e2a7ad3c-7a05-4c18-bac3-ef017ab94d38,710CL,,0,0,1606026400758,0,0
plugin_ios_activity_recognition,,0,2,0,e2a7ad3c-7a05-4c18-bac3-ef017ab94d38,710CL,,0,0,1606026405519,0,0
plugin_ios_activity_recognition,"[""stationary""]",0,2,0,e2a7ad3c-7a05-4c18-bac3-ef017ab94d38,710CL,,0,1,1606026415441,0,0
plugin_ios_activity_recognition,,0,2,0,e2a7ad3c-7a05-4c18-bac3-ef017ab94d38,710CL,,0,0,1606026420870,0,0
plugin_ios_activity_recognition,"[""stationary""]",0,2,0,e2a7ad3c-7a05-4c18-bac3-ef017ab94d38,710CL,,0,1,1606026424388,0,0
plugin_ios_activity_recognition,,0,2,0,e2a7ad3c-7a05-4c18-bac3-ef017ab94d38,710CL,,0,0,1606026430753,0,0
plugin_ios_activity_recognition,"[""stationary""]",0,2,0,e2a7ad3c-7a05-4c18-bac3-ef017ab94d38,710CL,,0,1,1606026438408,0,0
plugin_ios_activity_recognition,,0,2,0,e2a7ad3c-7a05-4c18-bac3-ef017ab94d38,710CL,,0,0,1606026446076,0,0
plugin_ios_activity_recognition,"[""stationary""]",0,2,0,e2a7ad3c-7a05-4c18-bac3-ef017ab94d38,710CL,,0,1,1606026496538,0,0
plugin_ios_activity_recognition,,0,2,0,e2a7ad3c-7a05-4c18-bac3-ef017ab94d38,710CL,,0,0,1606026499090,0,0
plugin_ios_activity_recognition,"[""stationary""]",0,2,0,e2a7ad3c-7a05-4c18-bac3-ef017ab94d38,710CL,,0,1,1606026518264,0,0
plugin_ios_activity_recognition,,0,2,0,e2a7ad3c-7a05-4c18-bac3-ef017ab94d38,710CL,,0,0,1606026521452,0,0
plugin_ios_activity_recognition,"[""stationary""]",0,2,0,e2a7ad3c-7a05-4c18-bac3-ef017ab94d38,710CL,,0,1,1606026541891,0,0
plugin_ios_activity_recognition,,0,2,0,e2a7ad3c-7a05-4c18-bac3-ef017ab94d38,710CL,,0,0,1606026551134,0,0
plugin_ios_activity_recognition,"[""stationary""]",0,2,0,e2a7ad3c-7a05-4c18-bac3-ef017ab94d38,710CL,,0,1,1606026560393,0,0
plugin_ios_activity_recognition,,0,2,0,e2a7ad3c-7a05-4c18-bac3-ef017ab94d38,710CL,,0,0,1606026562630,0,0
plugin_ios_activity_recognition,"[""stationary""]",0,2,0,e2a7ad3c-7a05-4c18-bac3-ef017ab94d38,710CL,,0,1,1606026576038,0,0
plugin_ios_activity_recognition,"[""stationary""]",0,2,0,e2a7ad3c-7a05-4c18-bac3-ef017ab94d38,710CL,,0,1,1606026585514,0,0
plugin_ios_activity_recognition,,0,2,0,e2a7ad3c-7a05-4c18-bac3-ef017ab94d38,710CL,,0,0,1606026588497,0,0
plugin_ios_activity_recognition,"[""stationary""]",0,2,0,e2a7ad3c-7a05-4c18-bac3-ef017ab94d38,710CL,,0,1,1606026609251,0,0
plugin_ios_activity_recognition,,0,2,0,e2a7ad3c-7a05-4c18-bac3-ef017ab94d38,710CL,,0,0,1606026613395,0,0
plugin_ios_activity_recognition,"[""stationary""]",0,2,0,e2a7ad3c-7a05-4c18-bac3-ef017ab94d38,710CL,,0,1,1606026627772,0,0
plugin_ios_activity_recognition,,0,2,0,e2a7ad3c-7a05-4c18-bac3-ef017ab94d38,710CL,,0,0,1606026633194,0,0
plugin_ios_activity_recognition,"[""stationary""]",0,2,0,e2a7ad3c-7a05-4c18-bac3-ef017ab94d38,710CL,,0,1,1606026640211,0,0
plugin_ios_activity_recognition,,0,2,0,e2a7ad3c-7a05-4c18-bac3-ef017ab94d38,710CL,,0,0,1606026645315,0,0
plugin_ios_activity_recognition,"[""stationary""]",0,2,0,e2a7ad3c-7a05-4c18-bac3-ef017ab94d38,710CL,,0,1,1606026661928,0,0
plugin_ios_activity_recognition,,0,2,0,e2a7ad3c-7a05-4c18-bac3-ef017ab94d38,710CL,,0,0,1606026663202,0,0
plugin_ios_activity_recognition,"[""stationary""]",0,2,0,e2a7ad3c-7a05-4c18-bac3-ef017ab94d38,710CL,,0,1,1606026683001,0,0
plugin_ios_activity_recognition,,0,2,0,e2a7ad3c-7a05-4c18-bac3-ef017ab94d38,710CL,,0,0,1606026692256,0,0
plugin_ios_activity_recognition,"[""stationary""]",0,2,0,e2a7ad3c-7a05-4c18-bac3-ef017ab94d38,710CL,,0,1,1606026754243,0,0
plugin_ios_activity_recognition,,0,2,0,e2a7ad3c-7a05-4c18-bac3-ef017ab94d38,710CL,,0,0,1606026763499,0,0
plugin_ios_activity_recognition,,0,2,0,e2a7ad3c-7a05-4c18-bac3-ef017ab94d38,710CL,,0,0,1606026765515,0,0
plugin_ios_activity_recognition,"[""stationary""]",0,2,0,e2a7ad3c-7a05-4c18-bac3-ef017ab94d38,710CL,,0,1,1606026819390,0,0
plugin_ios_activity_recognition,,0,2,0,e2a7ad3c-7a05-4c18-bac3-ef017ab94d38,710CL,,0,0,1606026829612,0,0
plugin_ios_activity_recognition,"[""stationary""]",0,2,0,e2a7ad3c-7a05-4c18-bac3-ef017ab94d38,710CL,,0,1,1606026836628,0,0
plugin_ios_activity_recognition,,0,2,0,e2a7ad3c-7a05-4c18-bac3-ef017ab94d38,710CL,,0,0,1606026837901,0,0
plugin_ios_activity_recognition,"[""stationary""]",0,2,0,e2a7ad3c-7a05-4c18-bac3-ef017ab94d38,710CL,,0,1,1606026905630,0,0
plugin_ios_activity_recognition,,0,2,0,e2a7ad3c-7a05-4c18-bac3-ef017ab94d38,710CL,,0,0,1606026915212,0,0
plugin_ios_activity_recognition,"[""stationary""]",0,2,0,e2a7ad3c-7a05-4c18-bac3-ef017ab94d38,710CL,,0,1,1606026925439,0,0
plugin_ios_activity_recognition,,0,2,0,e2a7ad3c-7a05-4c18-bac3-ef017ab94d38,710CL,,0,0,1606026933419,0,0
plugin_ios_activity_recognition,,0,2,0,e2a7ad3c-7a05-4c18-bac3-ef017ab94d38,710CL,,0,0,1606026945611,0,0
plugin_ios_activity_recognition,"[""stationary""]",0,2,0,e2a7ad3c-7a05-4c18-bac3-ef017ab94d38,710CL,,0,1,1606026986756,0,0
plugin_ios_activity_recognition,,0,2,0,e2a7ad3c-7a05-4c18-bac3-ef017ab94d38,710CL,,0,0,1606026987076,0,0
plugin_ios_activity_recognition,"[""stationary""]",0,2,0,e2a7ad3c-7a05-4c18-bac3-ef017ab94d38,710CL,,0,1,1606027044250,0,0
plugin_ios_activity_recognition,,0,2,0,e2a7ad3c-7a05-4c18-bac3-ef017ab94d38,710CL,,0,0,1606027050621,0,0
plugin_ios_activity_recognition,"[""stationary""]",0,2,0,e2a7ad3c-7a05-4c18-bac3-ef017ab94d38,710CL,,0,1,1606027059241,0,0
plugin_ios_activity_recognition,,0,2,0,e2a7ad3c-7a05-4c18-bac3-ef017ab94d38,710CL,,0,0,1606027064664,0,0
plugin_ios_activity_recognition,"[""stationary""]",0,2,0,e2a7ad3c-7a05-4c18-bac3-ef017ab94d38,710CL,,0,1,1606027116423,0,0
plugin_ios_activity_recognition,,0,2,0,e2a7ad3c-7a05-4c18-bac3-ef017ab94d38,710CL,,0,0,1606027119609,0,0
plugin_ios_activity_recognition,,0,2,0,e2a7ad3c-7a05-4c18-bac3-ef017ab94d38,710CL,,0,0,1606027125606,0,0
plugin_ios_activity_recognition,"[""stationary""]",0,2,0,e2a7ad3c-7a05-4c18-bac3-ef017ab94d38,710CL,,0,1,1606027125996,0,0
plugin_ios_activity_recognition,,0,2,0,e2a7ad3c-7a05-4c18-bac3-ef017ab94d38,710CL,,0,0,1606027126635,0,0
plugin_ios_activity_recognition,"[""stationary""]",0,2,0,e2a7ad3c-7a05-4c18-bac3-ef017ab94d38,710CL,,0,1,1606027154745,0,0
plugin_ios_activity_recognition,,0,2,0,e2a7ad3c-7a05-4c18-bac3-ef017ab94d38,710CL,,0,0,1606027156338,0,0
plugin_ios_activity_recognition,"[""stationary""]",0,2,0,e2a7ad3c-7a05-4c18-bac3-ef017ab94d38,710CL,,0,1,1606027302322,0,0
plugin_ios_activity_recognition,"[""stationary""]",0,2,0,e2a7ad3c-7a05-4c18-bac3-ef017ab94d38,710CL,,0,1,1606027305517,0,0
plugin_ios_activity_recognition,"[""stationary""]",0,2,0,e2a7ad3c-7a05-4c18-bac3-ef017ab94d38,710CL,supplement,0,1,1606027485517,0,0
plugin_ios_activity_recognition,"[""stationary""]",0,2,0,e2a7ad3c-7a05-4c18-bac3-ef017ab94d38,710CL,,0,1,1606027485522,0,0
plugin_ios_activity_recognition,"[""stationary""]",0,2,0,e2a7ad3c-7a05-4c18-bac3-ef017ab94d38,710CL,supplement,0,1,1606027665517,0,0
plugin_ios_activity_recognition,"[""stationary""]",0,2,0,e2a7ad3c-7a05-4c18-bac3-ef017ab94d38,710CL,supplement,0,1,1606027665522,0,0
plugin_ios_activity_recognition,"[""stationary""]",0,2,0,e2a7ad3c-7a05-4c18-bac3-ef017ab94d38,710CL,,0,1,1606027665568,0,0
plugin_ios_activity_recognition,"[""stationary""]",0,2,0,e2a7ad3c-7a05-4c18-bac3-ef017ab94d38,710CL,supplement,0,1,1606027845522,0,0
plugin_ios_activity_recognition,"[""stationary""]",0,2,0,e2a7ad3c-7a05-4c18-bac3-ef017ab94d38,710CL,,0,1,1606027845528,0,0
plugin_ios_activity_recognition,"[""stationary""]",0,2,0,e2a7ad3c-7a05-4c18-bac3-ef017ab94d38,710CL,supplement,0,1,1606028025528,0,0
plugin_ios_activity_recognition,"[""stationary""]",0,2,0,e2a7ad3c-7a05-4c18-bac3-ef017ab94d38,710CL,,0,1,1606028025529,0,0
plugin_ios_activity_recognition,"[""stationary""]",0,2,0,e2a7ad3c-7a05-4c18-bac3-ef017ab94d38,710CL,supplement,0,1,1606028205528,0,0
plugin_ios_activity_recognition,"[""stationary""]",0,2,0,e2a7ad3c-7a05-4c18-bac3-ef017ab94d38,710CL,supplement,0,1,1606028205529,0,0
plugin_ios_activity_recognition,"[""stationary""]",0,2,0,e2a7ad3c-7a05-4c18-bac3-ef017ab94d38,710CL,,0,1,1606028205534,0,0
plugin_ios_activity_recognition,"[""stationary""]",0,2,0,e2a7ad3c-7a05-4c18-bac3-ef017ab94d38,710CL,supplement,0,1,1606028385529,0,0
plugin_ios_activity_recognition,"[""stationary""]",0,2,0,e2a7ad3c-7a05-4c18-bac3-ef017ab94d38,710CL,supplement,0,1,1606028385534,0,0
plugin_ios_activity_recognition,"[""stationary""]",0,2,0,e2a7ad3c-7a05-4c18-bac3-ef017ab94d38,710CL,,0,1,1606028385577,0,0
plugin_ios_activity_recognition,"[""stationary""]",0,2,0,e2a7ad3c-7a05-4c18-bac3-ef017ab94d38,710CL,supplement,0,1,1606028565534,0,0
plugin_ios_activity_recognition,"[""stationary""]",0,2,0,e2a7ad3c-7a05-4c18-bac3-ef017ab94d38,710CL,,0,1,1606028565540,0,0
plugin_ios_activity_recognition,"[""stationary""]",0,2,0,e2a7ad3c-7a05-4c18-bac3-ef017ab94d38,710CL,supplement,0,1,1606028745540,0,0
plugin_ios_activity_recognition,"[""stationary""]",0,2,0,e2a7ad3c-7a05-4c18-bac3-ef017ab94d38,710CL,,0,1,1606028745544,0,0
plugin_ios_activity_recognition,"[""stationary""]",0,2,0,e2a7ad3c-7a05-4c18-bac3-ef017ab94d38,710CL,supplement,0,1,1606028925540,0,0
plugin_ios_activity_recognition,"[""stationary""]",0,2,0,e2a7ad3c-7a05-4c18-bac3-ef017ab94d38,710CL,supplement,0,1,1606028925544,0,0
plugin_ios_activity_recognition,"[""stationary""]",0,2,0,e2a7ad3c-7a05-4c18-bac3-ef017ab94d38,710CL,,0,1,1606028925547,0,0
plugin_ios_activity_recognition,"[""stationary""]",0,2,0,e2a7ad3c-7a05-4c18-bac3-ef017ab94d38,710CL,supplement,0,1,1606029105544,0,0
plugin_ios_activity_recognition,"[""stationary""]",0,2,0,e2a7ad3c-7a05-4c18-bac3-ef017ab94d38,710CL,supplement,0,1,1606029105547,0,0
plugin_ios_activity_recognition,"[""stationary""]",0,2,0,e2a7ad3c-7a05-4c18-bac3-ef017ab94d38,710CL,,0,1,1606029105581,0,0
plugin_ios_activity_recognition,"[""stationary""]",0,2,0,e2a7ad3c-7a05-4c18-bac3-ef017ab94d38,710CL,supplement,0,1,1606029285547,0,0
plugin_ios_activity_recognition,"[""stationary""]",0,2,0,e2a7ad3c-7a05-4c18-bac3-ef017ab94d38,710CL,,0,1,1606029285578,0,0
plugin_ios_activity_recognition,"[""stationary""]",0,2,0,e2a7ad3c-7a05-4c18-bac3-ef017ab94d38,710CL,,0,1,1606029465546,0,0
plugin_ios_activity_recognition,"[""stationary""]",0,2,0,e2a7ad3c-7a05-4c18-bac3-ef017ab94d38,710CL,supplement,0,1,1606029645546,0,0
plugin_ios_activity_recognition,"[""stationary""]",0,2,0,e2a7ad3c-7a05-4c18-bac3-ef017ab94d38,710CL,,0,1,1606029645549,0,0
plugin_ios_activity_recognition,"[""stationary""]",0,2,0,e2a7ad3c-7a05-4c18-bac3-ef017ab94d38,710CL,supplement,0,1,1606029825546,0,0
plugin_ios_activity_recognition,"[""stationary""]",0,2,0,e2a7ad3c-7a05-4c18-bac3-ef017ab94d38,710CL,supplement,0,1,1606029825549,0,0
plugin_ios_activity_recognition,"[""stationary""]",0,2,0,e2a7ad3c-7a05-4c18-bac3-ef017ab94d38,710CL,,0,1,1606029825591,0,0
plugin_ios_activity_recognition,"[""stationary""]",0,2,0,e2a7ad3c-7a05-4c18-bac3-ef017ab94d38,710CL,supplement,0,1,1606030005549,0,0
plugin_ios_activity_recognition,"[""stationary""]",0,2,0,e2a7ad3c-7a05-4c18-bac3-ef017ab94d38,710CL,,0,1,1606030005553,0,0
plugin_ios_activity_recognition,"[""stationary""]",0,2,0,e2a7ad3c-7a05-4c18-bac3-ef017ab94d38,710CL,supplement,0,1,1606030185553,0,0
plugin_ios_activity_recognition,"[""stationary""]",0,2,0,e2a7ad3c-7a05-4c18-bac3-ef017ab94d38,710CL,,0,1,1606030185557,0,0
plugin_ios_activity_recognition,"[""stationary""]",0,2,0,e2a7ad3c-7a05-4c18-bac3-ef017ab94d38,710CL,supplement,0,1,1606030365553,0,0
plugin_ios_activity_recognition,"[""stationary""]",0,2,0,e2a7ad3c-7a05-4c18-bac3-ef017ab94d38,710CL,supplement,0,1,1606030365557,0,0
plugin_ios_activity_recognition,"[""stationary""]",0,2,0,e2a7ad3c-7a05-4c18-bac3-ef017ab94d38,710CL,,0,1,1606030365559,0,0
plugin_ios_activity_recognition,"[""stationary""]",0,2,0,e2a7ad3c-7a05-4c18-bac3-ef017ab94d38,710CL,supplement,0,1,1606030545557,0,0
plugin_ios_activity_recognition,"[""stationary""]",0,2,0,e2a7ad3c-7a05-4c18-bac3-ef017ab94d38,710CL,supplement,0,1,1606030545559,0,0
plugin_ios_activity_recognition,"[""stationary""]",0,2,0,e2a7ad3c-7a05-4c18-bac3-ef017ab94d38,710CL,,0,1,1606030545634,0,0
plugin_ios_activity_recognition,"[""stationary""]",0,2,0,e2a7ad3c-7a05-4c18-bac3-ef017ab94d38,710CL,supplement,0,1,1606030725559,0,0
plugin_ios_activity_recognition,"[""stationary""]",0,2,0,e2a7ad3c-7a05-4c18-bac3-ef017ab94d38,710CL,,0,1,1606030725564,0,0
plugin_ios_activity_recognition,"[""stationary""]",0,2,0,e2a7ad3c-7a05-4c18-bac3-ef017ab94d38,710CL,,0,1,1606030905561,0,0
plugin_ios_activity_recognition,"[""stationary""]",0,2,0,e2a7ad3c-7a05-4c18-bac3-ef017ab94d38,710CL,supplement,0,1,1606031085561,0,0
plugin_ios_activity_recognition,"[""stationary""]",0,2,0,e2a7ad3c-7a05-4c18-bac3-ef017ab94d38,710CL,,0,1,1606031085564,0,0
plugin_ios_activity_recognition,"[""stationary""]",0,2,0,e2a7ad3c-7a05-4c18-bac3-ef017ab94d38,710CL,supplement,0,1,1606031265561,0,0
plugin_ios_activity_recognition,"[""stationary""]",0,2,0,e2a7ad3c-7a05-4c18-bac3-ef017ab94d38,710CL,supplement,0,1,1606031265564,0,0
plugin_ios_activity_recognition,"[""stationary""]",0,2,0,e2a7ad3c-7a05-4c18-bac3-ef017ab94d38,710CL,,0,1,1606031265605,0,0
plugin_ios_activity_recognition,"[""stationary""]",0,2,0,e2a7ad3c-7a05-4c18-bac3-ef017ab94d38,710CL,supplement,0,1,1606031445564,0,0
plugin_ios_activity_recognition,"[""stationary""]",0,2,0,e2a7ad3c-7a05-4c18-bac3-ef017ab94d38,710CL,,0,1,1606031445600,0,0
plugin_ios_activity_recognition,"[""stationary""]",0,2,0,e2a7ad3c-7a05-4c18-bac3-ef017ab94d38,710CL,,0,1,1606031625570,0,0
plugin_ios_activity_recognition,"[""stationary""]",0,2,0,e2a7ad3c-7a05-4c18-bac3-ef017ab94d38,710CL,supplement,0,1,1606031805570,0,0
plugin_ios_activity_recognition,"[""stationary""]",0,2,0,e2a7ad3c-7a05-4c18-bac3-ef017ab94d38,710CL,,0,1,1606031805573,0,0
plugin_ios_activity_recognition,"[""stationary""]",0,2,0,e2a7ad3c-7a05-4c18-bac3-ef017ab94d38,710CL,supplement,0,1,1606031985570,0,0
plugin_ios_activity_recognition,"[""stationary""]",0,2,0,e2a7ad3c-7a05-4c18-bac3-ef017ab94d38,710CL,supplement,0,1,1606031985573,0,0
plugin_ios_activity_recognition,"[""stationary""]",0,2,0,e2a7ad3c-7a05-4c18-bac3-ef017ab94d38,710CL,,0,1,1606031985613,0,0
plugin_ios_activity_recognition,"[""stationary""]",0,2,0,e2a7ad3c-7a05-4c18-bac3-ef017ab94d38,710CL,supplement,0,1,1606032165573,0,0
plugin_ios_activity_recognition,"[""stationary""]",0,2,0,e2a7ad3c-7a05-4c18-bac3-ef017ab94d38,710CL,,0,1,1606032165578,0,0
plugin_ios_activity_recognition,"[""stationary""]",0,2,0,e2a7ad3c-7a05-4c18-bac3-ef017ab94d38,710CL,,0,1,1606032345576,0,0
plugin_ios_activity_recognition,"[""stationary""]",0,2,0,e2a7ad3c-7a05-4c18-bac3-ef017ab94d38,710CL,supplement,0,1,1606032525576,0,0
plugin_ios_activity_recognition,"[""stationary""]",0,2,0,e2a7ad3c-7a05-4c18-bac3-ef017ab94d38,710CL,,0,1,1606032525583,0,0
plugin_ios_activity_recognition,"[""stationary""]",0,2,0,e2a7ad3c-7a05-4c18-bac3-ef017ab94d38,710CL,supplement,0,1,1606032705576,0,0
plugin_ios_activity_recognition,"[""stationary""]",0,2,0,e2a7ad3c-7a05-4c18-bac3-ef017ab94d38,710CL,supplement,0,1,1606032705583,0,0
plugin_ios_activity_recognition,"[""stationary""]",0,2,0,e2a7ad3c-7a05-4c18-bac3-ef017ab94d38,710CL,,0,1,1606032705619,0,0
plugin_ios_activity_recognition,"[""stationary""]",0,2,0,e2a7ad3c-7a05-4c18-bac3-ef017ab94d38,710CL,supplement,0,1,1606032885583,0,0
plugin_ios_activity_recognition,"[""stationary""]",0,2,0,e2a7ad3c-7a05-4c18-bac3-ef017ab94d38,710CL,,0,1,1606032885585,0,0
plugin_ios_activity_recognition,"[""stationary""]",0,2,0,e2a7ad3c-7a05-4c18-bac3-ef017ab94d38,710CL,supplement,0,1,1606033065585,0,0
plugin_ios_activity_recognition,"[""stationary""]",0,2,0,e2a7ad3c-7a05-4c18-bac3-ef017ab94d38,710CL,,0,1,1606033065587,0,0
plugin_ios_activity_recognition,"[""stationary""]",0,2,0,e2a7ad3c-7a05-4c18-bac3-ef017ab94d38,710CL,supplement,0,1,1606033245585,0,0
plugin_ios_activity_recognition,"[""stationary""]",0,2,0,e2a7ad3c-7a05-4c18-bac3-ef017ab94d38,710CL,supplement,0,1,1606033245587,0,0
plugin_ios_activity_recognition,"[""stationary""]",0,2,0,e2a7ad3c-7a05-4c18-bac3-ef017ab94d38,710CL,,0,1,1606033245590,0,0
plugin_ios_activity_recognition,"[""stationary""]",0,2,0,e2a7ad3c-7a05-4c18-bac3-ef017ab94d38,710CL,supplement,0,1,1606033425587,0,0
plugin_ios_activity_recognition,"[""stationary""]",0,2,0,e2a7ad3c-7a05-4c18-bac3-ef017ab94d38,710CL,supplement,0,1,1606033425590,0,0
plugin_ios_activity_recognition,"[""stationary""]",0,2,0,e2a7ad3c-7a05-4c18-bac3-ef017ab94d38,710CL,,0,1,1606033425627,0,0
plugin_ios_activity_recognition,"[""stationary""]",0,2,0,e2a7ad3c-7a05-4c18-bac3-ef017ab94d38,710CL,supplement,0,1,1606033605590,0,0
plugin_ios_activity_recognition,"[""stationary""]",0,2,0,e2a7ad3c-7a05-4c18-bac3-ef017ab94d38,710CL,,0,1,1606033605594,0,0
plugin_ios_activity_recognition,"[""stationary""]",0,2,0,e2a7ad3c-7a05-4c18-bac3-ef017ab94d38,710CL,supplement,0,1,1606033785594,0,0
plugin_ios_activity_recognition,"[""stationary""]",0,2,0,e2a7ad3c-7a05-4c18-bac3-ef017ab94d38,710CL,,0,1,1606033785596,0,0
plugin_ios_activity_recognition,"[""stationary""]",0,2,0,e2a7ad3c-7a05-4c18-bac3-ef017ab94d38,710CL,supplement,0,1,1606033965594,0,0
plugin_ios_activity_recognition,"[""stationary""]",0,2,0,e2a7ad3c-7a05-4c18-bac3-ef017ab94d38,710CL,supplement,0,1,1606033965596,0,0
plugin_ios_activity_recognition,"[""stationary""]",0,2,0,e2a7ad3c-7a05-4c18-bac3-ef017ab94d38,710CL,supplement,0,1,1606034145596,0,0
plugin_ios_activity_recognition,"[""stationary""]",0,2,0,e2a7ad3c-7a05-4c18-bac3-ef017ab94d38,710CL,,0,1,1606034145635,0,0
plugin_ios_activity_recognition,"[""stationary""]",0,2,0,e2a7ad3c-7a05-4c18-bac3-ef017ab94d38,710CL,supplement,0,1,1606034325596,0,0
plugin_ios_activity_recognition,"[""stationary""]",0,2,0,e2a7ad3c-7a05-4c18-bac3-ef017ab94d38,710CL,,0,1,1606034325603,0,0
plugin_ios_activity_recognition,"[""stationary""]",0,2,0,e2a7ad3c-7a05-4c18-bac3-ef017ab94d38,710CL,,0,1,1606034505565,0,0
plugin_ios_activity_recognition,"[""stationary""]",0,2,0,e2a7ad3c-7a05-4c18-bac3-ef017ab94d38,710CL,supplement,0,1,1606034685565,0,0
plugin_ios_activity_recognition,"[""stationary""]",0,2,0,e2a7ad3c-7a05-4c18-bac3-ef017ab94d38,710CL,supplement,0,1,1606034865565,0,0
plugin_ios_activity_recognition,"[""stationary""]",0,2,0,e2a7ad3c-7a05-4c18-bac3-ef017ab94d38,710CL,,0,1,1606034865635,0,0
plugin_ios_activity_recognition,"[""stationary""]",0,2,0,e2a7ad3c-7a05-4c18-bac3-ef017ab94d38,710CL,supplement,0,1,1606035045565,0,0
plugin_ios_activity_recognition,"[""stationary""]",0,2,0,e2a7ad3c-7a05-4c18-bac3-ef017ab94d38,710CL,,0,1,1606035045566,0,0
plugin_ios_activity_recognition,"[""stationary""]",0,2,0,e2a7ad3c-7a05-4c18-bac3-ef017ab94d38,710CL,,0,1,1606035225566,0,0
plugin_ios_activity_recognition,"[""stationary""]",0,2,0,e2a7ad3c-7a05-4c18-bac3-ef017ab94d38,710CL,,0,1,1606035405566,0,0
plugin_ios_activity_recognition,"[""stationary""]",0,2,0,e2a7ad3c-7a05-4c18-bac3-ef017ab94d38,710CL,,0,1,1606035585566,0,0
plugin_ios_activity_recognition,"[""stationary""]",0,2,0,e2a7ad3c-7a05-4c18-bac3-ef017ab94d38,710CL,,0,1,1606035765566,0,0
plugin_ios_activity_recognition,"[""stationary""]",0,2,0,e2a7ad3c-7a05-4c18-bac3-ef017ab94d38,710CL,,0,1,1606035945566,0,0
plugin_ios_activity_recognition,"[""stationary""]",0,2,0,e2a7ad3c-7a05-4c18-bac3-ef017ab94d38,710CL,supplement,0,1,1606036125566,0,0
plugin_ios_activity_recognition,"[""stationary""]",0,2,0,e2a7ad3c-7a05-4c18-bac3-ef017ab94d38,710CL,,0,1,1606036125666,0,0
plugin_ios_activity_recognition,"[""stationary""]",0,2,0,e2a7ad3c-7a05-4c18-bac3-ef017ab94d38,710CL,supplement,0,1,1606036305566,0,0
plugin_ios_activity_recognition,"[""stationary""]",0,2,0,e2a7ad3c-7a05-4c18-bac3-ef017ab94d38,710CL,,0,1,1606036305592,0,0
plugin_ios_activity_recognition,"[""stationary""]",0,2,0,e2a7ad3c-7a05-4c18-bac3-ef017ab94d38,710CL,supplement,0,1,1606036485592,0,0
plugin_ios_activity_recognition,"[""stationary""]",0,2,0,e2a7ad3c-7a05-4c18-bac3-ef017ab94d38,710CL,,0,1,1606036485594,0,0
plugin_ios_activity_recognition,"[""stationary""]",0,2,0,e2a7ad3c-7a05-4c18-bac3-ef017ab94d38,710CL,supplement,0,1,1606036665592,0,0
plugin_ios_activity_recognition,"[""stationary""]",0,2,0,e2a7ad3c-7a05-4c18-bac3-ef017ab94d38,710CL,supplement,0,1,1606036665594,0,0
plugin_ios_activity_recognition,"[""stationary""]",0,2,0,e2a7ad3c-7a05-4c18-bac3-ef017ab94d38,710CL,,0,1,1606036665596,0,0
plugin_ios_activity_recognition,"[""stationary""]",0,2,0,e2a7ad3c-7a05-4c18-bac3-ef017ab94d38,710CL,supplement,0,1,1606036845594,0,0
plugin_ios_activity_recognition,"[""stationary""]",0,2,0,e2a7ad3c-7a05-4c18-bac3-ef017ab94d38,710CL,supplement,0,1,1606036845596,0,0
plugin_ios_activity_recognition,"[""stationary""]",0,2,0,e2a7ad3c-7a05-4c18-bac3-ef017ab94d38,710CL,,0,1,1606036845680,0,0
plugin_ios_activity_recognition,"[""stationary""]",0,2,0,e2a7ad3c-7a05-4c18-bac3-ef017ab94d38,710CL,supplement,0,1,1606037025596,0,0
plugin_ios_activity_recognition,"[""stationary""]",0,2,0,e2a7ad3c-7a05-4c18-bac3-ef017ab94d38,710CL,,0,1,1606037025625,0,0
plugin_ios_activity_recognition,"[""stationary""]",0,2,0,e2a7ad3c-7a05-4c18-bac3-ef017ab94d38,710CL,,0,1,1606037205617,0,0
plugin_ios_activity_recognition,"[""stationary""]",0,2,0,e2a7ad3c-7a05-4c18-bac3-ef017ab94d38,710CL,,0,1,1606037385603,0,0
plugin_ios_activity_recognition,"[""stationary""]",0,2,0,e2a7ad3c-7a05-4c18-bac3-ef017ab94d38,710CL,supplement,0,1,1606037565603,0,0
plugin_ios_activity_recognition,"[""stationary""]",0,2,0,e2a7ad3c-7a05-4c18-bac3-ef017ab94d38,710CL,,0,1,1606037565680,0,0
plugin_ios_activity_recognition,"[""stationary""]",0,2,0,e2a7ad3c-7a05-4c18-bac3-ef017ab94d38,710CL,supplement,0,1,1606037745603,0,0
plugin_ios_activity_recognition,"[""stationary""]",0,2,0,e2a7ad3c-7a05-4c18-bac3-ef017ab94d38,710CL,,0,1,1606037745630,0,0
plugin_ios_activity_recognition,"[""stationary""]",0,2,0,e2a7ad3c-7a05-4c18-bac3-ef017ab94d38,710CL,,0,1,1606037925605,0,0
plugin_ios_activity_recognition,"[""stationary""]",0,2,0,e2a7ad3c-7a05-4c18-bac3-ef017ab94d38,710CL,supplement,0,1,1606038105605,0,0
plugin_ios_activity_recognition,"[""stationary""]",0,2,0,e2a7ad3c-7a05-4c18-bac3-ef017ab94d38,710CL,,0,1,1606038105632,0,0
plugin_ios_activity_recognition,"[""stationary""]",0,2,0,e2a7ad3c-7a05-4c18-bac3-ef017ab94d38,710CL,supplement,0,1,1606038285605,0,0
plugin_ios_activity_recognition,"[""stationary""]",0,2,0,e2a7ad3c-7a05-4c18-bac3-ef017ab94d38,710CL,supplement,0,1,1606038285632,0,0
plugin_ios_activity_recognition,"[""stationary""]",0,2,0,e2a7ad3c-7a05-4c18-bac3-ef017ab94d38,710CL,,0,1,1606038285714,0,0
plugin_ios_activity_recognition,"[""stationary""]",0,2,0,e2a7ad3c-7a05-4c18-bac3-ef017ab94d38,710CL,supplement,0,1,1606038465632,0,0
plugin_ios_activity_recognition,"[""stationary""]",0,2,0,e2a7ad3c-7a05-4c18-bac3-ef017ab94d38,710CL,,0,1,1606038465665,0,0
plugin_ios_activity_recognition,"[""stationary""]",0,2,0,e2a7ad3c-7a05-4c18-bac3-ef017ab94d38,710CL,,0,1,1606038645640,0,0
plugin_ios_activity_recognition,"[""stationary""]",0,2,0,e2a7ad3c-7a05-4c18-bac3-ef017ab94d38,710CL,supplement,0,1,1606038825640,0,0
plugin_ios_activity_recognition,"[""stationary""]",0,2,0,e2a7ad3c-7a05-4c18-bac3-ef017ab94d38,710CL,,0,1,1606038825644,0,0
plugin_ios_activity_recognition,"[""stationary""]",0,2,0,e2a7ad3c-7a05-4c18-bac3-ef017ab94d38,710CL,supplement,0,1,1606039005640,0,0
plugin_ios_activity_recognition,"[""stationary""]",0,2,0,e2a7ad3c-7a05-4c18-bac3-ef017ab94d38,710CL,supplement,0,1,1606039005644,0,0
plugin_ios_activity_recognition,"[""stationary""]",0,2,0,e2a7ad3c-7a05-4c18-bac3-ef017ab94d38,710CL,,0,1,1606039005721,0,0
plugin_ios_activity_recognition,"[""stationary""]",0,2,0,e2a7ad3c-7a05-4c18-bac3-ef017ab94d38,710CL,supplement,0,1,1606039185644,0,0
plugin_ios_activity_recognition,"[""stationary""]",0,2,0,e2a7ad3c-7a05-4c18-bac3-ef017ab94d38,710CL,,0,1,1606039185654,0,0
plugin_ios_activity_recognition,"[""stationary""]",0,2,0,e2a7ad3c-7a05-4c18-bac3-ef017ab94d38,710CL,supplement,0,1,1606039365654,0,0
plugin_ios_activity_recognition,"[""stationary""]",0,2,0,e2a7ad3c-7a05-4c18-bac3-ef017ab94d38,710CL,,0,1,1606039365657,0,0
plugin_ios_activity_recognition,"[""stationary""]",0,2,0,e2a7ad3c-7a05-4c18-bac3-ef017ab94d38,710CL,supplement,0,1,1606039545654,0,0
plugin_ios_activity_recognition,"[""stationary""]",0,2,0,e2a7ad3c-7a05-4c18-bac3-ef017ab94d38,710CL,,0,1,1606039545657,0,0
plugin_ios_activity_recognition,"[""stationary""]",0,2,0,e2a7ad3c-7a05-4c18-bac3-ef017ab94d38,710CL,supplement,0,1,1606039725657,0,0
plugin_ios_activity_recognition,"[""stationary""]",0,2,0,e2a7ad3c-7a05-4c18-bac3-ef017ab94d38,710CL,,0,1,1606039725757,0,0
plugin_ios_activity_recognition,"[""stationary""]",0,2,0,e2a7ad3c-7a05-4c18-bac3-ef017ab94d38,710CL,supplement,0,1,1606039905657,0,0
plugin_ios_activity_recognition,"[""stationary""]",0,2,0,e2a7ad3c-7a05-4c18-bac3-ef017ab94d38,710CL,,0,1,1606039905663,0,0
plugin_ios_activity_recognition,"[""stationary""]",0,2,0,e2a7ad3c-7a05-4c18-bac3-ef017ab94d38,710CL,supplement,0,1,1606040085663,0,0
plugin_ios_activity_recognition,"[""stationary""]",0,2,0,e2a7ad3c-7a05-4c18-bac3-ef017ab94d38,710CL,,0,1,1606040085669,0,0
plugin_ios_activity_recognition,"[""stationary""]",0,2,0,e2a7ad3c-7a05-4c18-bac3-ef017ab94d38,710CL,supplement,0,1,1606040265663,0,0
plugin_ios_activity_recognition,"[""stationary""]",0,2,0,e2a7ad3c-7a05-4c18-bac3-ef017ab94d38,710CL,supplement,0,1,1606040265669,0,0
plugin_ios_activity_recognition,"[""stationary""]",0,2,0,e2a7ad3c-7a05-4c18-bac3-ef017ab94d38,710CL,,0,1,1606040265673,0,0
plugin_ios_activity_recognition,"[""stationary""]",0,2,0,e2a7ad3c-7a05-4c18-bac3-ef017ab94d38,710CL,supplement,0,1,1606040445669,0,0
plugin_ios_activity_recognition,"[""stationary""]",0,2,0,e2a7ad3c-7a05-4c18-bac3-ef017ab94d38,710CL,supplement,0,1,1606040445673,0,0
plugin_ios_activity_recognition,"[""stationary""]",0,2,0,e2a7ad3c-7a05-4c18-bac3-ef017ab94d38,710CL,,0,1,1606040445770,0,0
plugin_ios_activity_recognition,"[""stationary""]",0,2,0,e2a7ad3c-7a05-4c18-bac3-ef017ab94d38,710CL,supplement,0,1,1606040625673,0,0
plugin_ios_activity_recognition,"[""stationary""]",0,2,0,e2a7ad3c-7a05-4c18-bac3-ef017ab94d38,710CL,,0,1,1606040625679,0,0
plugin_ios_activity_recognition,"[""stationary""]",0,2,0,e2a7ad3c-7a05-4c18-bac3-ef017ab94d38,710CL,supplement,0,1,1606040805679,0,0
plugin_ios_activity_recognition,"[""stationary""]",0,2,0,e2a7ad3c-7a05-4c18-bac3-ef017ab94d38,710CL,,0,1,1606040805683,0,0
plugin_ios_activity_recognition,"[""stationary""]",0,2,0,e2a7ad3c-7a05-4c18-bac3-ef017ab94d38,710CL,supplement,0,1,1606040985679,0,0
plugin_ios_activity_recognition,"[""stationary""]",0,2,0,e2a7ad3c-7a05-4c18-bac3-ef017ab94d38,710CL,supplement,0,1,1606040985683,0,0
plugin_ios_activity_recognition,"[""stationary""]",0,2,0,e2a7ad3c-7a05-4c18-bac3-ef017ab94d38,710CL,,0,1,1606040985685,0,0
plugin_ios_activity_recognition,"[""stationary""]",0,2,0,e2a7ad3c-7a05-4c18-bac3-ef017ab94d38,710CL,supplement,0,1,1606041165683,0,0
plugin_ios_activity_recognition,"[""stationary""]",0,2,0,e2a7ad3c-7a05-4c18-bac3-ef017ab94d38,710CL,supplement,0,1,1606041165685,0,0
plugin_ios_activity_recognition,"[""stationary""]",0,2,0,e2a7ad3c-7a05-4c18-bac3-ef017ab94d38,710CL,,0,1,1606041165781,0,0
plugin_ios_activity_recognition,"[""stationary""]",0,2,0,e2a7ad3c-7a05-4c18-bac3-ef017ab94d38,710CL,supplement,0,1,1606041345685,0,0
plugin_ios_activity_recognition,"[""stationary""]",0,2,0,e2a7ad3c-7a05-4c18-bac3-ef017ab94d38,710CL,,0,1,1606041345744,0,0
plugin_ios_activity_recognition,"[""stationary""]",0,2,0,e2a7ad3c-7a05-4c18-bac3-ef017ab94d38,710CL,,0,1,1606041525695,0,0
plugin_ios_activity_recognition,"[""stationary""]",0,2,0,e2a7ad3c-7a05-4c18-bac3-ef017ab94d38,710CL,,0,1,1606041705694,0,0
plugin_ios_activity_recognition,"[""stationary""]",0,2,0,e2a7ad3c-7a05-4c18-bac3-ef017ab94d38,710CL,supplement,0,1,1606041885694,0,0
plugin_ios_activity_recognition,"[""stationary""]",0,2,0,e2a7ad3c-7a05-4c18-bac3-ef017ab94d38,710CL,,0,1,1606041885793,0,0
plugin_ios_activity_recognition,"[""stationary""]",0,2,0,e2a7ad3c-7a05-4c18-bac3-ef017ab94d38,710CL,,0,1,1606042065685,0,0
plugin_ios_activity_recognition,"[""stationary""]",0,2,0,e2a7ad3c-7a05-4c18-bac3-ef017ab94d38,710CL,supplement,0,1,1606042065694,0,0
plugin_ios_activity_recognition,"[""stationary""]",0,2,0,e2a7ad3c-7a05-4c18-bac3-ef017ab94d38,710CL,supplement,0,1,1606042245685,0,0
plugin_ios_activity_recognition,"[""stationary""]",0,2,0,e2a7ad3c-7a05-4c18-bac3-ef017ab94d38,710CL,,0,1,1606042245687,0,0
plugin_ios_activity_recognition,"[""stationary""]",0,2,0,e2a7ad3c-7a05-4c18-bac3-ef017ab94d38,710CL,supplement,0,1,1606042425685,0,0
plugin_ios_activity_recognition,"[""stationary""]",0,2,0,e2a7ad3c-7a05-4c18-bac3-ef017ab94d38,710CL,supplement,0,1,1606042425687,0,0
plugin_ios_activity_recognition,"[""stationary""]",0,2,0,e2a7ad3c-7a05-4c18-bac3-ef017ab94d38,710CL,,0,1,1606042425688,0,0
plugin_ios_activity_recognition,"[""stationary""]",0,2,0,e2a7ad3c-7a05-4c18-bac3-ef017ab94d38,710CL,supplement,0,1,1606042605687,0,0
plugin_ios_activity_recognition,"[""stationary""]",0,2,0,e2a7ad3c-7a05-4c18-bac3-ef017ab94d38,710CL,supplement,0,1,1606042605688,0,0
plugin_ios_activity_recognition,"[""stationary""]",0,2,0,e2a7ad3c-7a05-4c18-bac3-ef017ab94d38,710CL,,0,1,1606042605781,0,0
plugin_ios_activity_recognition,"[""stationary""]",0,2,0,e2a7ad3c-7a05-4c18-bac3-ef017ab94d38,710CL,supplement,0,1,1606042785688,0,0
plugin_ios_activity_recognition,"[""stationary""]",0,2,0,e2a7ad3c-7a05-4c18-bac3-ef017ab94d38,710CL,,0,1,1606042785699,0,0
plugin_ios_activity_recognition,"[""stationary""]",0,2,0,e2a7ad3c-7a05-4c18-bac3-ef017ab94d38,710CL,,0,1,1606042965694,0,0
plugin_ios_activity_recognition,"[""stationary""]",0,2,0,e2a7ad3c-7a05-4c18-bac3-ef017ab94d38,710CL,supplement,0,1,1606043145694,0,0
plugin_ios_activity_recognition,"[""stationary""]",0,2,0,e2a7ad3c-7a05-4c18-bac3-ef017ab94d38,710CL,,0,1,1606043145697,0,0
plugin_ios_activity_recognition,"[""stationary""]",0,2,0,e2a7ad3c-7a05-4c18-bac3-ef017ab94d38,710CL,supplement,0,1,1606043325694,0,0
plugin_ios_activity_recognition,"[""stationary""]",0,2,0,e2a7ad3c-7a05-4c18-bac3-ef017ab94d38,710CL,supplement,0,1,1606043325697,0,0
plugin_ios_activity_recognition,"[""stationary""]",0,2,0,e2a7ad3c-7a05-4c18-bac3-ef017ab94d38,710CL,,0,1,1606043325788,0,0
plugin_ios_activity_recognition,"[""stationary""]",0,2,0,e2a7ad3c-7a05-4c18-bac3-ef017ab94d38,710CL,supplement,0,1,1606043505697,0,0
plugin_ios_activity_recognition,"[""stationary""]",0,2,0,e2a7ad3c-7a05-4c18-bac3-ef017ab94d38,710CL,,0,1,1606043505700,0,0
plugin_ios_activity_recognition,"[""stationary""]",0,2,0,e2a7ad3c-7a05-4c18-bac3-ef017ab94d38,710CL,supplement,0,1,1606043685700,0,0
plugin_ios_activity_recognition,"[""stationary""]",0,2,0,e2a7ad3c-7a05-4c18-bac3-ef017ab94d38,710CL,,0,1,1606043685701,0,0
plugin_ios_activity_recognition,"[""stationary""]",0,2,0,e2a7ad3c-7a05-4c18-bac3-ef017ab94d38,710CL,supplement,0,1,1606043865700,0,0
plugin_ios_activity_recognition,"[""stationary""]",0,2,0,e2a7ad3c-7a05-4c18-bac3-ef017ab94d38,710CL,supplement,0,1,1606043865701,0,0
plugin_ios_activity_recognition,"[""stationary""]",0,2,0,e2a7ad3c-7a05-4c18-bac3-ef017ab94d38,710CL,supplement,0,1,1606044045701,0,0
plugin_ios_activity_recognition,"[""stationary""]",0,2,0,e2a7ad3c-7a05-4c18-bac3-ef017ab94d38,710CL,,0,1,1606044045804,0,0
plugin_ios_activity_recognition,"[""stationary""]",0,2,0,e2a7ad3c-7a05-4c18-bac3-ef017ab94d38,710CL,supplement,0,1,1606044225701,0,0
plugin_ios_activity_recognition,"[""stationary""]",0,2,0,e2a7ad3c-7a05-4c18-bac3-ef017ab94d38,710CL,,0,1,1606044225718,0,0
plugin_ios_activity_recognition,"[""stationary""]",0,2,0,e2a7ad3c-7a05-4c18-bac3-ef017ab94d38,710CL,supplement,0,1,1606044405718,0,0
plugin_ios_activity_recognition,"[""stationary""]",0,2,0,e2a7ad3c-7a05-4c18-bac3-ef017ab94d38,710CL,,0,1,1606044405721,0,0
plugin_ios_activity_recognition,"[""stationary""]",0,2,0,e2a7ad3c-7a05-4c18-bac3-ef017ab94d38,710CL,supplement,0,1,1606044585718,0,0
plugin_ios_activity_recognition,"[""stationary""]",0,2,0,e2a7ad3c-7a05-4c18-bac3-ef017ab94d38,710CL,supplement,0,1,1606044585721,0,0
plugin_ios_activity_recognition,"[""stationary""]",0,2,0,e2a7ad3c-7a05-4c18-bac3-ef017ab94d38,710CL,,0,1,1606044585723,0,0
plugin_ios_activity_recognition,"[""stationary""]",0,2,0,e2a7ad3c-7a05-4c18-bac3-ef017ab94d38,710CL,supplement,0,1,1606044765721,0,0
plugin_ios_activity_recognition,"[""stationary""]",0,2,0,e2a7ad3c-7a05-4c18-bac3-ef017ab94d38,710CL,supplement,0,1,1606044765723,0,0
plugin_ios_activity_recognition,"[""stationary""]",0,2,0,e2a7ad3c-7a05-4c18-bac3-ef017ab94d38,710CL,,0,1,1606044765816,0,0
plugin_ios_activity_recognition,"[""stationary""]",0,2,0,e2a7ad3c-7a05-4c18-bac3-ef017ab94d38,710CL,supplement,0,1,1606044945723,0,0
plugin_ios_activity_recognition,"[""stationary""]",0,2,0,e2a7ad3c-7a05-4c18-bac3-ef017ab94d38,710CL,,0,1,1606044945727,0,0
plugin_ios_activity_recognition,"[""stationary""]",0,2,0,e2a7ad3c-7a05-4c18-bac3-ef017ab94d38,710CL,supplement,0,1,1606045125727,0,0
plugin_ios_activity_recognition,"[""stationary""]",0,2,0,e2a7ad3c-7a05-4c18-bac3-ef017ab94d38,710CL,,0,1,1606045125731,0,0
plugin_ios_activity_recognition,"[""stationary""]",0,2,0,e2a7ad3c-7a05-4c18-bac3-ef017ab94d38,710CL,supplement,0,1,1606045305727,0,0
plugin_ios_activity_recognition,"[""stationary""]",0,2,0,e2a7ad3c-7a05-4c18-bac3-ef017ab94d38,710CL,supplement,0,1,1606045305731,0,0
plugin_ios_activity_recognition,"[""stationary""]",0,2,0,e2a7ad3c-7a05-4c18-bac3-ef017ab94d38,710CL,,0,1,1606045305733,0,0
plugin_ios_activity_recognition,"[""stationary""]",0,2,0,e2a7ad3c-7a05-4c18-bac3-ef017ab94d38,710CL,supplement,0,1,1606045485731,0,0
plugin_ios_activity_recognition,"[""stationary""]",0,2,0,e2a7ad3c-7a05-4c18-bac3-ef017ab94d38,710CL,supplement,0,1,1606045485733,0,0
plugin_ios_activity_recognition,"[""stationary""]",0,2,0,e2a7ad3c-7a05-4c18-bac3-ef017ab94d38,710CL,,0,1,1606045485823,0,0
plugin_ios_activity_recognition,"[""stationary""]",0,2,0,e2a7ad3c-7a05-4c18-bac3-ef017ab94d38,710CL,supplement,0,1,1606045665733,0,0
plugin_ios_activity_recognition,"[""stationary""]",0,2,0,e2a7ad3c-7a05-4c18-bac3-ef017ab94d38,710CL,,0,1,1606045665738,0,0
plugin_ios_activity_recognition,"[""stationary""]",0,2,0,e2a7ad3c-7a05-4c18-bac3-ef017ab94d38,710CL,supplement,0,1,1606045845738,0,0
plugin_ios_activity_recognition,"[""stationary""]",0,2,0,e2a7ad3c-7a05-4c18-bac3-ef017ab94d38,710CL,,0,1,1606045845741,0,0
plugin_ios_activity_recognition,"[""stationary""]",0,2,0,e2a7ad3c-7a05-4c18-bac3-ef017ab94d38,710CL,supplement,0,1,1606046025738,0,0
plugin_ios_activity_recognition,"[""stationary""]",0,2,0,e2a7ad3c-7a05-4c18-bac3-ef017ab94d38,710CL,supplement,0,1,1606046025741,0,0
plugin_ios_activity_recognition,"[""stationary""]",0,2,0,e2a7ad3c-7a05-4c18-bac3-ef017ab94d38,710CL,,0,1,1606046025744,0,0
plugin_ios_activity_recognition,"[""stationary""]",0,2,0,e2a7ad3c-7a05-4c18-bac3-ef017ab94d38,710CL,supplement,0,1,1606046205741,0,0
plugin_ios_activity_recognition,"[""stationary""]",0,2,0,e2a7ad3c-7a05-4c18-bac3-ef017ab94d38,710CL,supplement,0,1,1606046205744,0,0
plugin_ios_activity_recognition,"[""stationary""]",0,2,0,e2a7ad3c-7a05-4c18-bac3-ef017ab94d38,710CL,,0,1,1606046205833,0,0
plugin_ios_activity_recognition,"[""stationary""]",0,2,0,e2a7ad3c-7a05-4c18-bac3-ef017ab94d38,710CL,supplement,0,1,1606046385744,0,0
plugin_ios_activity_recognition,"[""stationary""]",0,2,0,e2a7ad3c-7a05-4c18-bac3-ef017ab94d38,710CL,,0,1,1606046385749,0,0
plugin_ios_activity_recognition,"[""stationary""]",0,2,0,e2a7ad3c-7a05-4c18-bac3-ef017ab94d38,710CL,supplement,0,1,1606046565749,0,0
plugin_ios_activity_recognition,"[""stationary""]",0,2,0,e2a7ad3c-7a05-4c18-bac3-ef017ab94d38,710CL,,0,1,1606046565751,0,0
plugin_ios_activity_recognition,"[""stationary""]",0,2,0,e2a7ad3c-7a05-4c18-bac3-ef017ab94d38,710CL,supplement,0,1,1606046745749,0,0
plugin_ios_activity_recognition,"[""stationary""]",0,2,0,e2a7ad3c-7a05-4c18-bac3-ef017ab94d38,710CL,supplement,0,1,1606046745751,0,0
plugin_ios_activity_recognition,"[""stationary""]",0,2,0,e2a7ad3c-7a05-4c18-bac3-ef017ab94d38,710CL,,0,1,1606046745754,0,0
plugin_ios_activity_recognition,"[""stationary""]",0,2,0,e2a7ad3c-7a05-4c18-bac3-ef017ab94d38,710CL,supplement,0,1,1606046925751,0,0
plugin_ios_activity_recognition,"[""stationary""]",0,2,0,e2a7ad3c-7a05-4c18-bac3-ef017ab94d38,710CL,supplement,0,1,1606046925754,0,0
plugin_ios_activity_recognition,"[""stationary""]",0,2,0,e2a7ad3c-7a05-4c18-bac3-ef017ab94d38,710CL,,0,1,1606046925842,0,0
plugin_ios_activity_recognition,"[""stationary""]",0,2,0,e2a7ad3c-7a05-4c18-bac3-ef017ab94d38,710CL,supplement,0,1,1606047105754,0,0
plugin_ios_activity_recognition,"[""stationary""]",0,2,0,e2a7ad3c-7a05-4c18-bac3-ef017ab94d38,710CL,,0,1,1606047105759,0,0
plugin_ios_activity_recognition,"[""stationary""]",0,2,0,e2a7ad3c-7a05-4c18-bac3-ef017ab94d38,710CL,supplement,0,1,1606047285759,0,0
plugin_ios_activity_recognition,"[""stationary""]",0,2,0,e2a7ad3c-7a05-4c18-bac3-ef017ab94d38,710CL,,0,1,1606047285762,0,0
plugin_ios_activity_recognition,"[""stationary""]",0,2,0,e2a7ad3c-7a05-4c18-bac3-ef017ab94d38,710CL,supplement,0,1,1606047465759,0,0
plugin_ios_activity_recognition,"[""stationary""]",0,2,0,e2a7ad3c-7a05-4c18-bac3-ef017ab94d38,710CL,supplement,0,1,1606047465762,0,0
plugin_ios_activity_recognition,"[""stationary""]",0,2,0,e2a7ad3c-7a05-4c18-bac3-ef017ab94d38,710CL,,0,1,1606047465764,0,0
plugin_ios_activity_recognition,"[""stationary""]",0,2,0,e2a7ad3c-7a05-4c18-bac3-ef017ab94d38,710CL,supplement,0,1,1606047645762,0,0
plugin_ios_activity_recognition,"[""stationary""]",0,2,0,e2a7ad3c-7a05-4c18-bac3-ef017ab94d38,710CL,supplement,0,1,1606047645764,0,0
plugin_ios_activity_recognition,"[""stationary""]",0,2,0,e2a7ad3c-7a05-4c18-bac3-ef017ab94d38,710CL,,0,1,1606047645849,0,0
plugin_ios_activity_recognition,"[""stationary""]",0,2,0,e2a7ad3c-7a05-4c18-bac3-ef017ab94d38,710CL,supplement,0,1,1606047825764,0,0
plugin_ios_activity_recognition,"[""stationary""]",0,2,0,e2a7ad3c-7a05-4c18-bac3-ef017ab94d38,710CL,,0,1,1606047825767,0,0
plugin_ios_activity_recognition,"[""stationary""]",0,2,0,e2a7ad3c-7a05-4c18-bac3-ef017ab94d38,710CL,supplement,0,1,1606048005767,0,0
plugin_ios_activity_recognition,"[""stationary""]",0,2,0,e2a7ad3c-7a05-4c18-bac3-ef017ab94d38,710CL,,0,1,1606048005769,0,0
plugin_ios_activity_recognition,"[""stationary""]",0,2,0,e2a7ad3c-7a05-4c18-bac3-ef017ab94d38,710CL,supplement,0,1,1606048185767,0,0
plugin_ios_activity_recognition,"[""stationary""]",0,2,0,e2a7ad3c-7a05-4c18-bac3-ef017ab94d38,710CL,supplement,0,1,1606048185769,0,0
plugin_ios_activity_recognition,"[""stationary""]",0,2,0,e2a7ad3c-7a05-4c18-bac3-ef017ab94d38,710CL,,0,1,1606048185772,0,0
plugin_ios_activity_recognition,"[""stationary""]",0,2,0,e2a7ad3c-7a05-4c18-bac3-ef017ab94d38,710CL,supplement,0,1,1606048365769,0,0
plugin_ios_activity_recognition,"[""stationary""]",0,2,0,e2a7ad3c-7a05-4c18-bac3-ef017ab94d38,710CL,supplement,0,1,1606048365772,0,0
plugin_ios_activity_recognition,"[""stationary""]",0,2,0,e2a7ad3c-7a05-4c18-bac3-ef017ab94d38,710CL,,0,1,1606048365857,0,0
plugin_ios_activity_recognition,"[""stationary""]",0,2,0,e2a7ad3c-7a05-4c18-bac3-ef017ab94d38,710CL,supplement,0,1,1606048545772,0,0
plugin_ios_activity_recognition,"[""stationary""]",0,2,0,e2a7ad3c-7a05-4c18-bac3-ef017ab94d38,710CL,,0,1,1606048545777,0,0
plugin_ios_activity_recognition,"[""stationary""]",0,2,0,e2a7ad3c-7a05-4c18-bac3-ef017ab94d38,710CL,supplement,0,1,1606048725777,0,0
plugin_ios_activity_recognition,"[""stationary""]",0,2,0,e2a7ad3c-7a05-4c18-bac3-ef017ab94d38,710CL,,0,1,1606048725779,0,0
plugin_ios_activity_recognition,"[""stationary""]",0,2,0,e2a7ad3c-7a05-4c18-bac3-ef017ab94d38,710CL,supplement,0,1,1606048905777,0,0
plugin_ios_activity_recognition,"[""stationary""]",0,2,0,e2a7ad3c-7a05-4c18-bac3-ef017ab94d38,710CL,supplement,0,1,1606048905779,0,0
plugin_ios_activity_recognition,"[""stationary""]",0,2,0,e2a7ad3c-7a05-4c18-bac3-ef017ab94d38,710CL,,0,1,1606048905780,0,0
plugin_ios_activity_recognition,"[""stationary""]",0,2,0,e2a7ad3c-7a05-4c18-bac3-ef017ab94d38,710CL,supplement,0,1,1606049085779,0,0
plugin_ios_activity_recognition,"[""stationary""]",0,2,0,e2a7ad3c-7a05-4c18-bac3-ef017ab94d38,710CL,supplement,0,1,1606049085780,0,0
plugin_ios_activity_recognition,"[""stationary""]",0,2,0,e2a7ad3c-7a05-4c18-bac3-ef017ab94d38,710CL,,0,1,1606049085866,0,0
plugin_ios_activity_recognition,"[""stationary""]",0,2,0,e2a7ad3c-7a05-4c18-bac3-ef017ab94d38,710CL,supplement,0,1,1606049265780,0,0
plugin_ios_activity_recognition,"[""stationary""]",0,2,0,e2a7ad3c-7a05-4c18-bac3-ef017ab94d38,710CL,,0,1,1606049265786,0,0
plugin_ios_activity_recognition,,0,2,0,e2a7ad3c-7a05-4c18-bac3-ef017ab94d38,710CL,,0,0,1606049356756,0,0
plugin_ios_activity_recognition,"[""walking""]",0,1,0,e2a7ad3c-7a05-4c18-bac3-ef017ab94d38,710CL,,0,0,1606049359309,0,1
plugin_ios_activity_recognition,"[""walking""]",0,2,0,e2a7ad3c-7a05-4c18-bac3-ef017ab94d38,710CL,,0,0,1606049365055,0,1
plugin_ios_activity_recognition,"[""stationary""]",0,2,0,e2a7ad3c-7a05-4c18-bac3-ef017ab94d38,710CL,,0,1,1606049389021,0,0
plugin_ios_activity_recognition,"[""stationary""]",0,2,0,e2a7ad3c-7a05-4c18-bac3-ef017ab94d38,710CL,,0,1,1606049445784,0,0
plugin_ios_activity_recognition,,0,2,0,e2a7ad3c-7a05-4c18-bac3-ef017ab94d38,710CL,,0,0,1606049452223,0,0
plugin_ios_activity_recognition,"[""stationary""]",0,2,0,e2a7ad3c-7a05-4c18-bac3-ef017ab94d38,710CL,,0,1,1606049465958,0,0
plugin_ios_activity_recognition,"[""stationary""]",0,2,0,e2a7ad3c-7a05-4c18-bac3-ef017ab94d38,710CL,,0,1,1606049625787,0,0
plugin_ios_activity_recognition,"[""stationary""]",0,2,0,e2a7ad3c-7a05-4c18-bac3-ef017ab94d38,710CL,supplement,0,1,1606049805787,0,0
plugin_ios_activity_recognition,"[""stationary""]",0,2,0,e2a7ad3c-7a05-4c18-bac3-ef017ab94d38,710CL,,0,1,1606049805872,0,0
plugin_ios_activity_recognition,"[""stationary""]",0,2,0,e2a7ad3c-7a05-4c18-bac3-ef017ab94d38,710CL,supplement,0,1,1606049985787,0,0
plugin_ios_activity_recognition,"[""stationary""]",0,2,0,e2a7ad3c-7a05-4c18-bac3-ef017ab94d38,710CL,,0,1,1606049985793,0,0
plugin_ios_activity_recognition,"[""stationary""]",0,2,0,e2a7ad3c-7a05-4c18-bac3-ef017ab94d38,710CL,supplement,0,1,1606050165793,0,0
plugin_ios_activity_recognition,"[""stationary""]",0,2,0,e2a7ad3c-7a05-4c18-bac3-ef017ab94d38,710CL,supplement,0,1,1606050345793,0,0
plugin_ios_activity_recognition,"[""stationary""]",0,2,0,e2a7ad3c-7a05-4c18-bac3-ef017ab94d38,710CL,,0,1,1606050345794,0,0
plugin_ios_activity_recognition,"[""stationary""]",0,2,0,e2a7ad3c-7a05-4c18-bac3-ef017ab94d38,710CL,supplement,0,1,1606050525793,0,0
plugin_ios_activity_recognition,"[""stationary""]",0,2,0,e2a7ad3c-7a05-4c18-bac3-ef017ab94d38,710CL,supplement,0,1,1606050525794,0,0
plugin_ios_activity_recognition,"[""stationary""]",0,2,0,e2a7ad3c-7a05-4c18-bac3-ef017ab94d38,710CL,,0,1,1606050525881,0,0
plugin_ios_activity_recognition,"[""stationary""]",0,2,0,e2a7ad3c-7a05-4c18-bac3-ef017ab94d38,710CL,supplement,0,1,1606050705794,0,0
plugin_ios_activity_recognition,"[""stationary""]",0,2,0,e2a7ad3c-7a05-4c18-bac3-ef017ab94d38,710CL,,0,1,1606050705801,0,0
plugin_ios_activity_recognition,"[""stationary""]",0,2,0,e2a7ad3c-7a05-4c18-bac3-ef017ab94d38,710CL,supplement,0,1,1606050885801,0,0
plugin_ios_activity_recognition,"[""stationary""]",0,2,0,e2a7ad3c-7a05-4c18-bac3-ef017ab94d38,710CL,,0,1,1606050885805,0,0
plugin_ios_activity_recognition,"[""stationary""]",0,2,0,e2a7ad3c-7a05-4c18-bac3-ef017ab94d38,710CL,supplement,0,1,1606051065801,0,0
plugin_ios_activity_recognition,"[""stationary""]",0,2,0,e2a7ad3c-7a05-4c18-bac3-ef017ab94d38,710CL,supplement,0,1,1606051065805,0,0
plugin_ios_activity_recognition,"[""stationary""]",0,2,0,e2a7ad3c-7a05-4c18-bac3-ef017ab94d38,710CL,,0,1,1606051065807,0,0
plugin_ios_activity_recognition,"[""stationary""]",0,2,0,e2a7ad3c-7a05-4c18-bac3-ef017ab94d38,710CL,supplement,0,1,1606051245805,0,0
plugin_ios_activity_recognition,"[""stationary""]",0,2,0,e2a7ad3c-7a05-4c18-bac3-ef017ab94d38,710CL,supplement,0,1,1606051245807,0,0
plugin_ios_activity_recognition,"[""stationary""]",0,2,0,e2a7ad3c-7a05-4c18-bac3-ef017ab94d38,710CL,,0,1,1606051245921,0,0
plugin_ios_activity_recognition,"[""stationary""]",0,2,0,e2a7ad3c-7a05-4c18-bac3-ef017ab94d38,710CL,supplement,0,1,1606051425807,0,0
plugin_ios_activity_recognition,"[""stationary""]",0,2,0,e2a7ad3c-7a05-4c18-bac3-ef017ab94d38,710CL,,0,1,1606051425810,0,0
plugin_ios_activity_recognition,"[""stationary""]",0,2,0,e2a7ad3c-7a05-4c18-bac3-ef017ab94d38,710CL,supplement,0,1,1606051605810,0,0
plugin_ios_activity_recognition,"[""stationary""]",0,2,0,e2a7ad3c-7a05-4c18-bac3-ef017ab94d38,710CL,,0,1,1606051605813,0,0
plugin_ios_activity_recognition,"[""stationary""]",0,2,0,e2a7ad3c-7a05-4c18-bac3-ef017ab94d38,710CL,supplement,0,1,1606051785810,0,0
plugin_ios_activity_recognition,"[""stationary""]",0,2,0,e2a7ad3c-7a05-4c18-bac3-ef017ab94d38,710CL,supplement,0,1,1606051785813,0,0
plugin_ios_activity_recognition,"[""stationary""]",0,2,0,e2a7ad3c-7a05-4c18-bac3-ef017ab94d38,710CL,,0,1,1606051785815,0,0
plugin_ios_activity_recognition,,0,2,0,e2a7ad3c-7a05-4c18-bac3-ef017ab94d38,710CL,,0,0,1606051859767,0,0
plugin_ios_activity_recognition,"[""stationary""]",0,2,0,e2a7ad3c-7a05-4c18-bac3-ef017ab94d38,710CL,,0,1,1606051869986,0,0
plugin_ios_activity_recognition,"[""stationary""]",0,2,0,e2a7ad3c-7a05-4c18-bac3-ef017ab94d38,710CL,supplement,0,1,1606051965813,0,0
plugin_ios_activity_recognition,"[""stationary""]",0,2,0,e2a7ad3c-7a05-4c18-bac3-ef017ab94d38,710CL,,0,1,1606051965896,0,0
plugin_ios_activity_recognition,"[""stationary""]",0,2,0,e2a7ad3c-7a05-4c18-bac3-ef017ab94d38,710CL,,0,1,1606052145820,0,0
plugin_ios_activity_recognition,"[""stationary""]",0,2,0,e2a7ad3c-7a05-4c18-bac3-ef017ab94d38,710CL,supplement,0,1,1606052325820,0,0
plugin_ios_activity_recognition,"[""stationary""]",0,2,0,e2a7ad3c-7a05-4c18-bac3-ef017ab94d38,710CL,,0,1,1606052325822,0,0
plugin_ios_activity_recognition,"[""stationary""]",0,2,0,e2a7ad3c-7a05-4c18-bac3-ef017ab94d38,710CL,supplement,0,1,1606052505820,0,0
plugin_ios_activity_recognition,"[""stationary""]",0,2,0,e2a7ad3c-7a05-4c18-bac3-ef017ab94d38,710CL,supplement,0,1,1606052505822,0,0
plugin_ios_activity_recognition,"[""stationary""]",0,2,0,e2a7ad3c-7a05-4c18-bac3-ef017ab94d38,710CL,,0,1,1606052505823,0,0
plugin_ios_activity_recognition,"[""stationary""]",0,2,0,e2a7ad3c-7a05-4c18-bac3-ef017ab94d38,710CL,supplement,0,1,1606052685822,0,0
plugin_ios_activity_recognition,"[""stationary""]",0,2,0,e2a7ad3c-7a05-4c18-bac3-ef017ab94d38,710CL,supplement,0,1,1606052685823,0,0
plugin_ios_activity_recognition,"[""stationary""]",0,2,0,e2a7ad3c-7a05-4c18-bac3-ef017ab94d38,710CL,,0,1,1606052685904,0,0
plugin_ios_activity_recognition,"[""stationary""]",0,2,0,e2a7ad3c-7a05-4c18-bac3-ef017ab94d38,710CL,supplement,0,1,1606052865823,0,0
plugin_ios_activity_recognition,"[""stationary""]",0,2,0,e2a7ad3c-7a05-4c18-bac3-ef017ab94d38,710CL,,0,1,1606052865828,0,0
plugin_ios_activity_recognition,"[""stationary""]",0,2,0,e2a7ad3c-7a05-4c18-bac3-ef017ab94d38,710CL,,0,1,1606053045817,0,0
plugin_ios_activity_recognition,"[""stationary""]",0,2,0,e2a7ad3c-7a05-4c18-bac3-ef017ab94d38,710CL,supplement,0,1,1606053225817,0,0
plugin_ios_activity_recognition,"[""stationary""]",0,2,0,e2a7ad3c-7a05-4c18-bac3-ef017ab94d38,710CL,,0,1,1606053225819,0,0
plugin_ios_activity_recognition,"[""stationary""]",0,2,0,e2a7ad3c-7a05-4c18-bac3-ef017ab94d38,710CL,supplement,0,1,1606053405817,0,0
plugin_ios_activity_recognition,"[""stationary""]",0,2,0,e2a7ad3c-7a05-4c18-bac3-ef017ab94d38,710CL,supplement,0,1,1606053405819,0,0
plugin_ios_activity_recognition,"[""stationary""]",0,2,0,e2a7ad3c-7a05-4c18-bac3-ef017ab94d38,710CL,,0,1,1606053405897,0,0
plugin_ios_activity_recognition,"[""stationary""]",0,2,0,e2a7ad3c-7a05-4c18-bac3-ef017ab94d38,710CL,supplement,0,1,1606053585819,0,0
plugin_ios_activity_recognition,"[""stationary""]",0,2,0,e2a7ad3c-7a05-4c18-bac3-ef017ab94d38,710CL,,0,1,1606053585821,0,0
plugin_ios_activity_recognition,"[""stationary""]",0,2,0,e2a7ad3c-7a05-4c18-bac3-ef017ab94d38,710CL,supplement,0,1,1606053765821,0,0
plugin_ios_activity_recognition,"[""stationary""]",0,2,0,e2a7ad3c-7a05-4c18-bac3-ef017ab94d38,710CL,,0,1,1606053765822,0,0
plugin_ios_activity_recognition,"[""stationary""]",0,2,0,e2a7ad3c-7a05-4c18-bac3-ef017ab94d38,710CL,,0,1,1606053945821,0,0
plugin_ios_activity_recognition,"[""stationary""]",0,2,0,e2a7ad3c-7a05-4c18-bac3-ef017ab94d38,710CL,supplement,0,1,1606054125821,0,0
plugin_ios_activity_recognition,"[""stationary""]",0,2,0,e2a7ad3c-7a05-4c18-bac3-ef017ab94d38,710CL,,0,1,1606054125903,0,0
plugin_ios_activity_recognition,"[""stationary""]",0,2,0,e2a7ad3c-7a05-4c18-bac3-ef017ab94d38,710CL,supplement,0,1,1606054305821,0,0
plugin_ios_activity_recognition,"[""stationary""]",0,2,0,e2a7ad3c-7a05-4c18-bac3-ef017ab94d38,710CL,,0,1,1606054305826,0,0
plugin_ios_activity_recognition,"[""stationary""]",0,2,0,e2a7ad3c-7a05-4c18-bac3-ef017ab94d38,710CL,supplement,0,1,1606054485826,0,0
plugin_ios_activity_recognition,"[""stationary""]",0,2,0,e2a7ad3c-7a05-4c18-bac3-ef017ab94d38,710CL,,0,1,1606054485829,0,0
plugin_ios_activity_recognition,"[""stationary""]",0,2,0,e2a7ad3c-7a05-4c18-bac3-ef017ab94d38,710CL,supplement,0,1,1606054665826,0,0
plugin_ios_activity_recognition,"[""stationary""]",0,2,0,e2a7ad3c-7a05-4c18-bac3-ef017ab94d38,710CL,supplement,0,1,1606054665829,0,0
plugin_ios_activity_recognition,"[""stationary""]",0,2,0,e2a7ad3c-7a05-4c18-bac3-ef017ab94d38,710CL,,0,1,1606054665830,0,0
plugin_ios_activity_recognition,"[""stationary""]",0,2,0,e2a7ad3c-7a05-4c18-bac3-ef017ab94d38,710CL,supplement,0,1,1606054845829,0,0
plugin_ios_activity_recognition,"[""stationary""]",0,2,0,e2a7ad3c-7a05-4c18-bac3-ef017ab94d38,710CL,supplement,0,1,1606054845830,0,0
plugin_ios_activity_recognition,"[""stationary""]",0,2,0,e2a7ad3c-7a05-4c18-bac3-ef017ab94d38,710CL,,0,1,1606054845903,0,0
plugin_ios_activity_recognition,"[""stationary""]",0,2,0,e2a7ad3c-7a05-4c18-bac3-ef017ab94d38,710CL,,0,1,1606055025829,0,0
plugin_ios_activity_recognition,"[""stationary""]",0,2,0,e2a7ad3c-7a05-4c18-bac3-ef017ab94d38,710CL,supplement,0,1,1606055025830,0,0
plugin_ios_activity_recognition,,0,2,0,e2a7ad3c-7a05-4c18-bac3-ef017ab94d38,710CL,,0,0,1606055191337,0,0
plugin_ios_activity_recognition,"[""stationary""]",0,2,0,e2a7ad3c-7a05-4c18-bac3-ef017ab94d38,710CL,,0,1,1606055201227,0,0
plugin_ios_activity_recognition,"[""stationary""]",0,2,0,e2a7ad3c-7a05-4c18-bac3-ef017ab94d38,710CL,,0,1,1606055205831,0,0
plugin_ios_activity_recognition,"[""stationary""]",0,2,0,e2a7ad3c-7a05-4c18-bac3-ef017ab94d38,710CL,supplement,0,1,1606055385831,0,0
plugin_ios_activity_recognition,"[""stationary""]",0,2,0,e2a7ad3c-7a05-4c18-bac3-ef017ab94d38,710CL,,0,1,1606055385832,0,0
plugin_ios_activity_recognition,"[""stationary""]",0,2,0,e2a7ad3c-7a05-4c18-bac3-ef017ab94d38,710CL,supplement,0,1,1606055565831,0,0
plugin_ios_activity_recognition,"[""stationary""]",0,2,0,e2a7ad3c-7a05-4c18-bac3-ef017ab94d38,710CL,supplement,0,1,1606055565832,0,0
plugin_ios_activity_recognition,"[""stationary""]",0,2,0,e2a7ad3c-7a05-4c18-bac3-ef017ab94d38,710CL,,0,1,1606055565908,0,0
plugin_ios_activity_recognition,"[""stationary""]",0,2,0,e2a7ad3c-7a05-4c18-bac3-ef017ab94d38,710CL,supplement,0,1,1606055745832,0,0
plugin_ios_activity_recognition,"[""stationary""]",0,2,0,e2a7ad3c-7a05-4c18-bac3-ef017ab94d38,710CL,,0,1,1606055745834,0,0
plugin_ios_activity_recognition,,0,2,0,e2a7ad3c-7a05-4c18-bac3-ef017ab94d38,710CL,,0,0,1606055832978,0,0
plugin_ios_activity_recognition,"[""stationary""]",0,2,0,e2a7ad3c-7a05-4c18-bac3-ef017ab94d38,710CL,,0,1,1606055844153,0,0
plugin_ios_activity_recognition,"[""stationary""]",0,2,0,e2a7ad3c-7a05-4c18-bac3-ef017ab94d38,710CL,,0,1,1606055925836,0,0
plugin_ios_activity_recognition,,0,2,0,e2a7ad3c-7a05-4c18-bac3-ef017ab94d38,710CL,,0,0,1606056067957,0,0
plugin_ios_activity_recognition,,0,2,0,e2a7ad3c-7a05-4c18-bac3-ef017ab94d38,710CL,,0,0,1606056105844,0,0
plugin_ios_activity_recognition,"[""walking""]",0,1,0,e2a7ad3c-7a05-4c18-bac3-ef017ab94d38,710CL,,0,0,1606056108856,0,1
plugin_ios_activity_recognition,"[""walking""]",0,2,0,e2a7ad3c-7a05-4c18-bac3-ef017ab94d38,710CL,,0,0,1606056111409,0,1
plugin_ios_activity_recognition,"[""stationary""]",0,2,0,e2a7ad3c-7a05-4c18-bac3-ef017ab94d38,710CL,,0,1,1606056135367,0,0
plugin_ios_activity_recognition,"[""walking""]",0,2,0,e2a7ad3c-7a05-4c18-bac3-ef017ab94d38,710CL,,0,0,1606056161235,0,1
plugin_ios_activity_recognition,"[""stationary""]",0,2,0,e2a7ad3c-7a05-4c18-bac3-ef017ab94d38,710CL,,0,1,1606056165383,0,0
plugin_ios_activity_recognition,"[""stationary""]",0,2,0,e2a7ad3c-7a05-4c18-bac3-ef017ab94d38,710CL,,0,1,1606056285912,0,0
plugin_ios_activity_recognition,"[""stationary""]",0,2,0,e2a7ad3c-7a05-4c18-bac3-ef017ab94d38,710CL,,0,1,1606056465837,0,0
plugin_ios_activity_recognition,"[""stationary""]",0,2,0,e2a7ad3c-7a05-4c18-bac3-ef017ab94d38,710CL,supplement,0,1,1606056645837,0,0
plugin_ios_activity_recognition,"[""stationary""]",0,2,0,e2a7ad3c-7a05-4c18-bac3-ef017ab94d38,710CL,,0,1,1606056645840,0,0
plugin_ios_activity_recognition,,0,2,0,e2a7ad3c-7a05-4c18-bac3-ef017ab94d38,710CL,,0,0,1606056822969,0,0
plugin_ios_activity_recognition,"[""stationary""]",0,2,0,e2a7ad3c-7a05-4c18-bac3-ef017ab94d38,710CL,supplement,0,1,1606056825837,0,0
plugin_ios_activity_recognition,,0,2,0,e2a7ad3c-7a05-4c18-bac3-ef017ab94d38,710CL,,0,0,1606056825842,0,0
plugin_ios_activity_recognition,"[""stationary""]",0,2,0,e2a7ad3c-7a05-4c18-bac3-ef017ab94d38,710CL,,0,1,1606056834135,0,0
plugin_ios_activity_recognition,"[""stationary""]",0,2,0,e2a7ad3c-7a05-4c18-bac3-ef017ab94d38,710CL,,0,1,1606057005916,0,0
plugin_ios_activity_recognition,,0,2,0,e2a7ad3c-7a05-4c18-bac3-ef017ab94d38,710CL,,0,0,1606057041937,0,0
plugin_ios_activity_recognition,"[""stationary""]",0,2,0,e2a7ad3c-7a05-4c18-bac3-ef017ab94d38,710CL,,0,1,1606057067166,0,0
plugin_ios_activity_recognition,,0,2,0,e2a7ad3c-7a05-4c18-bac3-ef017ab94d38,710CL,,0,0,1606057180180,0,0
plugin_ios_activity_recognition,"[""stationary""]",0,2,0,e2a7ad3c-7a05-4c18-bac3-ef017ab94d38,710CL,,0,1,1606057183690,0,0
plugin_ios_activity_recognition,"[""stationary""]",0,2,0,e2a7ad3c-7a05-4c18-bac3-ef017ab94d38,710CL,,0,1,1606057185844,0,0
plugin_ios_activity_recognition,,0,2,0,e2a7ad3c-7a05-4c18-bac3-ef017ab94d38,710CL,,0,0,1606057355766,0,0
plugin_ios_activity_recognition,,0,2,0,e2a7ad3c-7a05-4c18-bac3-ef017ab94d38,710CL,,0,0,1606057365841,0,0
plugin_ios_activity_recognition,"[""stationary""]",0,2,0,e2a7ad3c-7a05-4c18-bac3-ef017ab94d38,710CL,,0,1,1606057400168,0,0
plugin_ios_activity_recognition,,0,2,0,e2a7ad3c-7a05-4c18-bac3-ef017ab94d38,710CL,,0,0,1606057411356,0,0
plugin_ios_activity_recognition,"[""stationary""]",0,2,0,e2a7ad3c-7a05-4c18-bac3-ef017ab94d38,710CL,,0,1,1606057494373,0,0
plugin_ios_activity_recognition,,0,2,0,e2a7ad3c-7a05-4c18-bac3-ef017ab94d38,710CL,,0,0,1606057495327,0,0
plugin_ios_activity_recognition,,0,2,0,e2a7ad3c-7a05-4c18-bac3-ef017ab94d38,710CL,,0,0,1606057545843,0,0
plugin_ios_activity_recognition,"[""stationary""]",0,2,0,e2a7ad3c-7a05-4c18-bac3-ef017ab94d38,710CL,,0,1,1606057686401,0,0
plugin_ios_activity_recognition,,0,2,0,e2a7ad3c-7a05-4c18-bac3-ef017ab94d38,710CL,,0,0,1606057687363,0,0
plugin_ios_activity_recognition,,0,2,0,e2a7ad3c-7a05-4c18-bac3-ef017ab94d38,710CL,,0,0,1606057725930,0,0
plugin_ios_activity_recognition,"[""stationary""]",0,2,0,e2a7ad3c-7a05-4c18-bac3-ef017ab94d38,710CL,,0,1,1606057793442,0,0
plugin_ios_activity_recognition,,0,2,0,e2a7ad3c-7a05-4c18-bac3-ef017ab94d38,710CL,,0,0,1606057795679,0,0
plugin_ios_activity_recognition,"[""walking""]",0,1,0,e2a7ad3c-7a05-4c18-bac3-ef017ab94d38,710CL,,0,0,1606057817731,0,1
plugin_ios_activity_recognition,"[""walking""]",0,2,0,e2a7ad3c-7a05-4c18-bac3-ef017ab94d38,710CL,,0,0,1606057820288,0,1
plugin_ios_activity_recognition,"[""stationary""]",0,2,0,e2a7ad3c-7a05-4c18-bac3-ef017ab94d38,710CL,,0,1,1606057838794,0,0
plugin_ios_activity_recognition,"[""walking""]",0,2,0,e2a7ad3c-7a05-4c18-bac3-ef017ab94d38,710CL,,0,0,1606057841670,0,1
plugin_ios_activity_recognition,,0,2,0,e2a7ad3c-7a05-4c18-bac3-ef017ab94d38,710CL,,0,0,1606057871398,0,0
plugin_ios_activity_recognition,,0,2,0,e2a7ad3c-7a05-4c18-bac3-ef017ab94d38,710CL,,0,0,1606057905849,0,0
plugin_ios_activity_recognition,"[""stationary""]",0,2,0,e2a7ad3c-7a05-4c18-bac3-ef017ab94d38,710CL,,0,1,1606057905908,0,0
plugin_ios_activity_recognition,,0,2,0,e2a7ad3c-7a05-4c18-bac3-ef017ab94d38,710CL,,0,0,1606057908145,0,0
plugin_ios_activity_recognition,"[""stationary""]",0,2,0,e2a7ad3c-7a05-4c18-bac3-ef017ab94d38,710CL,,0,1,1606057924126,0,0
plugin_ios_activity_recognition,,0,2,0,e2a7ad3c-7a05-4c18-bac3-ef017ab94d38,710CL,,0,0,1606057925089,0,0
plugin_ios_activity_recognition,"[""stationary""]",0,2,0,e2a7ad3c-7a05-4c18-bac3-ef017ab94d38,710CL,,0,1,1606057935305,0,0
plugin_ios_activity_recognition,,0,2,0,e2a7ad3c-7a05-4c18-bac3-ef017ab94d38,710CL,,0,0,1606057936261,0,0
plugin_ios_activity_recognition,"[""stationary""]",0,2,0,e2a7ad3c-7a05-4c18-bac3-ef017ab94d38,710CL,,0,1,1606057946483,0,0
plugin_ios_activity_recognition,"[""stationary""]",0,2,0,e2a7ad3c-7a05-4c18-bac3-ef017ab94d38,710CL,,0,1,1606058085850,0,0
plugin_ios_activity_recognition,"[""stationary""]",0,2,0,e2a7ad3c-7a05-4c18-bac3-ef017ab94d38,710CL,supplement,0,1,1606058265850,0,0
plugin_ios_activity_recognition,"[""stationary""]",0,2,0,e2a7ad3c-7a05-4c18-bac3-ef017ab94d38,710CL,,0,1,1606058265889,0,0
plugin_ios_activity_recognition,,0,2,0,e2a7ad3c-7a05-4c18-bac3-ef017ab94d38,710CL,,0,0,1606058341377,0,0
plugin_ios_activity_recognition,"[""stationary""]",0,2,0,e2a7ad3c-7a05-4c18-bac3-ef017ab94d38,710CL,,0,1,1606058355738,0,0
plugin_ios_activity_recognition,,0,2,0,e2a7ad3c-7a05-4c18-bac3-ef017ab94d38,710CL,,0,0,1606058372983,0,0
plugin_ios_activity_recognition,"[""stationary""]",0,2,0,e2a7ad3c-7a05-4c18-bac3-ef017ab94d38,710CL,,0,1,1606058396616,0,0
plugin_ios_activity_recognition,,0,2,0,e2a7ad3c-7a05-4c18-bac3-ef017ab94d38,710CL,,0,0,1606058405876,0,0
plugin_ios_activity_recognition,"[""walking""]",0,1,0,e2a7ad3c-7a05-4c18-bac3-ef017ab94d38,710CL,,0,0,1606058410370,0,1
plugin_ios_activity_recognition,"[""walking""]",0,2,0,e2a7ad3c-7a05-4c18-bac3-ef017ab94d38,710CL,,0,0,1606058420581,0,1
plugin_ios_activity_recognition,"[""stationary""]",0,2,0,e2a7ad3c-7a05-4c18-bac3-ef017ab94d38,710CL,,0,1,1606058438783,0,0
plugin_ios_activity_recognition,"[""stationary""]",0,2,0,e2a7ad3c-7a05-4c18-bac3-ef017ab94d38,710CL,supplement,0,1,1606058445850,0,0
plugin_ios_activity_recognition,"[""stationary""]",0,2,0,e2a7ad3c-7a05-4c18-bac3-ef017ab94d38,710CL,,0,1,1606058446365,0,0
plugin_ios_activity_recognition,,0,2,0,e2a7ad3c-7a05-4c18-bac3-ef017ab94d38,710CL,,0,0,1606058540307,0,0
plugin_ios_activity_recognition,"[""stationary""]",0,2,0,e2a7ad3c-7a05-4c18-bac3-ef017ab94d38,710CL,,0,1,1606058545095,0,0
plugin_ios_activity_recognition,,0,2,0,e2a7ad3c-7a05-4c18-bac3-ef017ab94d38,710CL,,0,0,1606058604779,0,0
plugin_ios_activity_recognition,"[""walking""]",0,1,0,e2a7ad3c-7a05-4c18-bac3-ef017ab94d38,710CL,,0,0,1606058609576,0,1
plugin_ios_activity_recognition,"[""walking""]",0,2,0,e2a7ad3c-7a05-4c18-bac3-ef017ab94d38,710CL,,0,0,1606058624917,0,1
plugin_ios_activity_recognition,"[""walking""]",0,2,0,e2a7ad3c-7a05-4c18-bac3-ef017ab94d38,710CL,,0,0,1606058625888,0,1
plugin_ios_activity_recognition,"[""stationary""]",0,2,0,e2a7ad3c-7a05-4c18-bac3-ef017ab94d38,710CL,,0,1,1606058653350,0,0
plugin_ios_activity_recognition,,0,2,0,e2a7ad3c-7a05-4c18-bac3-ef017ab94d38,710CL,,0,0,1606058761536,0,0
plugin_ios_activity_recognition,"[""stationary""]",0,2,0,e2a7ad3c-7a05-4c18-bac3-ef017ab94d38,710CL,,0,1,1606058765369,0,0
plugin_ios_activity_recognition,,0,2,0,e2a7ad3c-7a05-4c18-bac3-ef017ab94d38,710CL,,0,0,1606058773658,0,0
plugin_ios_activity_recognition,"[""stationary""]",0,2,0,e2a7ad3c-7a05-4c18-bac3-ef017ab94d38,710CL,,0,1,1606058784523,0,0
plugin_ios_activity_recognition,"[""stationary""]",0,2,0,e2a7ad3c-7a05-4c18-bac3-ef017ab94d38,710CL,,0,1,1606058805896,0,0
plugin_ios_activity_recognition,,0,2,0,e2a7ad3c-7a05-4c18-bac3-ef017ab94d38,710CL,,0,0,1606058832076,0,0
plugin_ios_activity_recognition,"[""walking""]",0,1,0,e2a7ad3c-7a05-4c18-bac3-ef017ab94d38,710CL,,0,0,1606058836872,0,1
plugin_ios_activity_recognition,"[""walking""]",0,2,0,e2a7ad3c-7a05-4c18-bac3-ef017ab94d38,710CL,,0,0,1606058839430,0,1
plugin_ios_activity_recognition,"[""stationary""]",0,2,0,e2a7ad3c-7a05-4c18-bac3-ef017ab94d38,710CL,,0,1,1606058853480,0,0
plugin_ios_activity_recognition,,0,2,0,e2a7ad3c-7a05-4c18-bac3-ef017ab94d38,710CL,,0,0,1606058892429,0,0
plugin_ios_activity_recognition,"[""walking""]",0,1,0,e2a7ad3c-7a05-4c18-bac3-ef017ab94d38,710CL,,0,0,1606058895634,0,1
plugin_ios_activity_recognition,"[""walking""]",0,2,0,e2a7ad3c-7a05-4c18-bac3-ef017ab94d38,710CL,,0,0,1606058910967,0,1
plugin_ios_activity_recognition,"[""walking""]",0,2,0,e2a7ad3c-7a05-4c18-bac3-ef017ab94d38,710CL,,0,0,1606058985985,0,1
plugin_ios_activity_recognition,"[""stationary""]",0,2,0,e2a7ad3c-7a05-4c18-bac3-ef017ab94d38,710CL,,0,1,1606059053155,0,0
plugin_ios_activity_recognition,,0,2,0,e2a7ad3c-7a05-4c18-bac3-ef017ab94d38,710CL,,0,0,1606059065605,0,0
plugin_ios_activity_recognition,"[""stationary""]",0,2,0,e2a7ad3c-7a05-4c18-bac3-ef017ab94d38,710CL,,0,1,1606059096278,0,0
plugin_ios_activity_recognition,,0,2,0,e2a7ad3c-7a05-4c18-bac3-ef017ab94d38,710CL,,0,0,1606059097876,0,0
plugin_ios_activity_recognition,"[""walking""]",0,1,0,e2a7ad3c-7a05-4c18-bac3-ef017ab94d38,710CL,,0,0,1606059102675,0,1
plugin_ios_activity_recognition,"[""walking""]",0,2,0,e2a7ad3c-7a05-4c18-bac3-ef017ab94d38,710CL,,0,0,1606059107785,0,1
plugin_ios_activity_recognition,,0,2,0,e2a7ad3c-7a05-4c18-bac3-ef017ab94d38,710CL,,0,0,1606059158918,0,0
plugin_ios_activity_recognition,,0,2,0,e2a7ad3c-7a05-4c18-bac3-ef017ab94d38,710CL,,0,0,1606059165977,0,0
plugin_ios_activity_recognition,,0,2,0,e2a7ad3c-7a05-4c18-bac3-ef017ab94d38,710CL,,0,0,1606059180963,0,0
plugin_ios_activity_recognition,"[""automotive""]",1,2,0,e2a7ad3c-7a05-4c18-bac3-ef017ab94d38,710CL,,0,0,1606059181925,0,0
plugin_ios_activity_recognition,"[""automotive""]",1,2,0,e2a7ad3c-7a05-4c18-bac3-ef017ab94d38,710CL,,0,0,1606059286732,0,0
plugin_ios_activity_recognition,"[""automotive""]",1,2,0,e2a7ad3c-7a05-4c18-bac3-ef017ab94d38,710CL,,0,0,1606059299518,0,0
plugin_ios_activity_recognition,"[""automotive""]",1,2,0,e2a7ad3c-7a05-4c18-bac3-ef017ab94d38,710CL,,0,0,1606059345939,0,0
plugin_ios_activity_recognition,"[""automotive""]",1,2,0,e2a7ad3c-7a05-4c18-bac3-ef017ab94d38,710CL,,0,0,1606059399223,0,0
plugin_ios_activity_recognition,"[""automotive""]",1,2,0,e2a7ad3c-7a05-4c18-bac3-ef017ab94d38,710CL,,0,0,1606059432470,0,0
plugin_ios_activity_recognition,"[""automotive""]",1,2,0,e2a7ad3c-7a05-4c18-bac3-ef017ab94d38,710CL,,0,0,1606059435026,0,0
plugin_ios_activity_recognition,"[""automotive""]",1,2,0,e2a7ad3c-7a05-4c18-bac3-ef017ab94d38,710CL,,0,0,1606059496393,0,0
plugin_ios_activity_recognition,"[""automotive""]",1,2,0,e2a7ad3c-7a05-4c18-bac3-ef017ab94d38,710CL,,0,0,1606059504063,0,0
plugin_ios_activity_recognition,"[""automotive""]",1,2,0,e2a7ad3c-7a05-4c18-bac3-ef017ab94d38,710CL,,0,0,1606059525995,0,0
plugin_ios_activity_recognition,"[""automotive""]",1,2,0,e2a7ad3c-7a05-4c18-bac3-ef017ab94d38,710CL,,0,0,1606059560318,0,0
plugin_ios_activity_recognition,"[""automotive""]",1,2,0,e2a7ad3c-7a05-4c18-bac3-ef017ab94d38,710CL,,0,0,1606059562871,0,0
plugin_ios_activity_recognition,"[""automotive""]",1,2,0,e2a7ad3c-7a05-4c18-bac3-ef017ab94d38,710CL,,0,0,1606059614020,0,0
plugin_ios_activity_recognition,"[""stationary"",""automotive""]",1,2,0,e2a7ad3c-7a05-4c18-bac3-ef017ab94d38,710CL,,0,1,1606059625200,0,0
plugin_ios_activity_recognition,"[""automotive""]",1,2,0,e2a7ad3c-7a05-4c18-bac3-ef017ab94d38,710CL,,0,0,1606059636066,0,0
plugin_ios_activity_recognition,"[""stationary"",""automotive""]",1,2,0,e2a7ad3c-7a05-4c18-bac3-ef017ab94d38,710CL,,0,1,1606059645334,0,0
plugin_ios_activity_recognition,"[""automotive""]",1,2,0,e2a7ad3c-7a05-4c18-bac3-ef017ab94d38,710CL,,0,0,1606059649171,0,0
plugin_ios_activity_recognition,"[""stationary"",""automotive""]",1,2,0,e2a7ad3c-7a05-4c18-bac3-ef017ab94d38,710CL,,0,1,1606059660043,0,0
plugin_ios_activity_recognition,"[""automotive""]",1,2,0,e2a7ad3c-7a05-4c18-bac3-ef017ab94d38,710CL,,0,0,1606059660998,0,0
plugin_ios_activity_recognition,"[""automotive""]",1,2,0,e2a7ad3c-7a05-4c18-bac3-ef017ab94d38,710CL,,0,0,1606059690725,0,0
plugin_ios_activity_recognition,"[""automotive""]",1,2,0,e2a7ad3c-7a05-4c18-bac3-ef017ab94d38,710CL,,0,0,1606059705994,0,0
plugin_ios_activity_recognition,"[""automotive""]",1,2,0,e2a7ad3c-7a05-4c18-bac3-ef017ab94d38,710CL,,0,0,1606059736746,0,0
plugin_ios_activity_recognition,"[""automotive""]",1,2,0,e2a7ad3c-7a05-4c18-bac3-ef017ab94d38,710CL,,0,0,1606059885980,0,0
plugin_ios_activity_recognition,"[""stationary"",""automotive""]",1,2,0,e2a7ad3c-7a05-4c18-bac3-ef017ab94d38,710CL,,0,1,1606059887285,0,0
plugin_ios_activity_recognition,"[""stationary"",""automotive""]",1,2,0,e2a7ad3c-7a05-4c18-bac3-ef017ab94d38,710CL,,0,1,1606059891761,0,0
plugin_ios_activity_recognition,"[""stationary""]",0,2,0,e2a7ad3c-7a05-4c18-bac3-ef017ab94d38,710CL,,0,1,1606059892724,0,0
plugin_ios_activity_recognition,,0,2,0,e2a7ad3c-7a05-4c18-bac3-ef017ab94d38,710CL,,0,0,1606059902300,0,0
plugin_ios_activity_recognition,"[""walking""]",0,1,0,e2a7ad3c-7a05-4c18-bac3-ef017ab94d38,710CL,,0,0,1606059908062,0,1
plugin_ios_activity_recognition,"[""walking""]",0,2,0,e2a7ad3c-7a05-4c18-bac3-ef017ab94d38,710CL,,0,0,1606059920846,0,1
plugin_ios_activity_recognition,"[""stationary""]",0,2,0,e2a7ad3c-7a05-4c18-bac3-ef017ab94d38,710CL,,0,1,1606059992099,0,0
plugin_ios_activity_recognition,"[""walking""]",0,2,0,e2a7ad3c-7a05-4c18-bac3-ef017ab94d38,710CL,,0,0,1606059995928,0,1
plugin_ios_activity_recognition,,0,2,0,e2a7ad3c-7a05-4c18-bac3-ef017ab94d38,710CL,,0,0,1606060000078,0,0
plugin_ios_activity_recognition,"[""stationary""]",0,2,0,e2a7ad3c-7a05-4c18-bac3-ef017ab94d38,710CL,,0,1,1606060018284,0,0
plugin_ios_activity_recognition,,0,2,0,e2a7ad3c-7a05-4c18-bac3-ef017ab94d38,710CL,,0,0,1606060025315,0,0
plugin_ios_activity_recognition,"[""stationary""]",0,2,0,e2a7ad3c-7a05-4c18-bac3-ef017ab94d38,710CL,,0,1,1606060046403,0,0
plugin_ios_activity_recognition,,0,2,0,e2a7ad3c-7a05-4c18-bac3-ef017ab94d38,710CL,,0,0,1606060047997,0,0
plugin_ios_activity_recognition,"[""stationary""]",0,2,0,e2a7ad3c-7a05-4c18-bac3-ef017ab94d38,710CL,,0,1,1606060056940,0,0
plugin_ios_activity_recognition,,0,2,0,e2a7ad3c-7a05-4c18-bac3-ef017ab94d38,710CL,,0,0,1606060059811,0,0
plugin_ios_activity_recognition,,0,2,0,e2a7ad3c-7a05-4c18-bac3-ef017ab94d38,710CL,,0,0,1606060065947,0,0
plugin_ios_activity_recognition,"[""stationary""]",0,2,0,e2a7ad3c-7a05-4c18-bac3-ef017ab94d38,710CL,,0,1,1606060089837,0,0
plugin_ios_activity_recognition,,0,2,0,e2a7ad3c-7a05-4c18-bac3-ef017ab94d38,710CL,,0,0,1606060097507,0,0
plugin_ios_activity_recognition,"[""stationary""]",0,2,0,e2a7ad3c-7a05-4c18-bac3-ef017ab94d38,710CL,,0,1,1606060126584,0,0
plugin_ios_activity_recognition,,0,2,0,e2a7ad3c-7a05-4c18-bac3-ef017ab94d38,710CL,,0,0,1606060133934,0,0
plugin_ios_activity_recognition,"[""stationary""]",0,2,0,e2a7ad3c-7a05-4c18-bac3-ef017ab94d38,710CL,,0,1,1606060165568,0,0
plugin_ios_activity_recognition,,0,2,0,e2a7ad3c-7a05-4c18-bac3-ef017ab94d38,710CL,,0,0,1606060174179,0,0
plugin_ios_activity_recognition,"[""stationary""]",0,2,0,e2a7ad3c-7a05-4c18-bac3-ef017ab94d38,710CL,,0,1,1606060187266,0,0
plugin_ios_activity_recognition,,0,2,0,e2a7ad3c-7a05-4c18-bac3-ef017ab94d38,710CL,,0,0,1606060200364,0,0
plugin_ios_activity_recognition,"[""stationary""]",0,2,0,e2a7ad3c-7a05-4c18-bac3-ef017ab94d38,710CL,,0,1,1606060231348,0,0
plugin_ios_activity_recognition,,0,2,0,e2a7ad3c-7a05-4c18-bac3-ef017ab94d38,710CL,,0,0,1606060231983,0,0
plugin_ios_activity_recognition,,0,2,0,e2a7ad3c-7a05-4c18-bac3-ef017ab94d38,710CL,,0,0,1606060245914,0,0
plugin_ios_activity_recognition,"[""stationary""]",0,2,0,e2a7ad3c-7a05-4c18-bac3-ef017ab94d38,710CL,,0,1,1606060253698,0,0
plugin_ios_activity_recognition,,0,2,0,e2a7ad3c-7a05-4c18-bac3-ef017ab94d38,710CL,,0,0,1606060314982,0,0
plugin_ios_activity_recognition,"[""stationary""]",0,2,0,e2a7ad3c-7a05-4c18-bac3-ef017ab94d38,710CL,,0,1,1606060326162,0,0
plugin_ios_activity_recognition,,0,2,0,e2a7ad3c-7a05-4c18-bac3-ef017ab94d38,710CL,,0,0,1606060335109,0,0
plugin_ios_activity_recognition,"[""stationary""]",0,2,0,e2a7ad3c-7a05-4c18-bac3-ef017ab94d38,710CL,,0,1,1606060349470,0,0
plugin_ios_activity_recognition,,0,2,0,e2a7ad3c-7a05-4c18-bac3-ef017ab94d38,710CL,,0,0,1606060366713,0,0
plugin_ios_activity_recognition,"[""stationary""]",0,2,0,e2a7ad3c-7a05-4c18-bac3-ef017ab94d38,710CL,,0,1,1606060387479,0,0
plugin_ios_activity_recognition,,0,2,0,e2a7ad3c-7a05-4c18-bac3-ef017ab94d38,710CL,,0,0,1606060395773,0,0
plugin_ios_activity_recognition,"[""stationary""]",0,2,0,e2a7ad3c-7a05-4c18-bac3-ef017ab94d38,710CL,,0,1,1606060424212,0,0
plugin_ios_activity_recognition,,0,2,0,e2a7ad3c-7a05-4c18-bac3-ef017ab94d38,710CL,,0,0,1606060424528,0,0
plugin_ios_activity_recognition,,0,2,0,e2a7ad3c-7a05-4c18-bac3-ef017ab94d38,710CL,,0,0,1606060425917,0,0
plugin_ios_activity_recognition,"[""stationary""]",0,2,0,e2a7ad3c-7a05-4c18-bac3-ef017ab94d38,710CL,,0,1,1606060435064,0,0
plugin_ios_activity_recognition,,0,2,0,e2a7ad3c-7a05-4c18-bac3-ef017ab94d38,710CL,,0,0,1606060441760,0,0
plugin_ios_activity_recognition,"[""stationary""]",0,2,0,e2a7ad3c-7a05-4c18-bac3-ef017ab94d38,710CL,,0,1,1606060474664,0,0
plugin_ios_activity_recognition,,0,2,0,e2a7ad3c-7a05-4c18-bac3-ef017ab94d38,710CL,,0,0,1606060477854,0,0
plugin_ios_activity_recognition,"[""stationary""]",0,2,0,e2a7ad3c-7a05-4c18-bac3-ef017ab94d38,710CL,,0,1,1606060485199,0,0
plugin_ios_activity_recognition,,0,2,0,e2a7ad3c-7a05-4c18-bac3-ef017ab94d38,710CL,,0,0,1606060491903,0,0
plugin_ios_activity_recognition,"[""stationary""]",0,2,0,e2a7ad3c-7a05-4c18-bac3-ef017ab94d38,710CL,,0,1,1606060518082,0,0
plugin_ios_activity_recognition,,0,2,0,e2a7ad3c-7a05-4c18-bac3-ef017ab94d38,710CL,,0,0,1606060528948,0,0
plugin_ios_activity_recognition,"[""stationary""]",0,2,0,e2a7ad3c-7a05-4c18-bac3-ef017ab94d38,710CL,,0,1,1606060547153,0,0
plugin_ios_activity_recognition,,0,2,0,e2a7ad3c-7a05-4c18-bac3-ef017ab94d38,710CL,,0,0,1606060549065,0,0
plugin_ios_activity_recognition,"[""stationary""]",0,2,0,e2a7ad3c-7a05-4c18-bac3-ef017ab94d38,710CL,,0,1,1606060557369,0,0
plugin_ios_activity_recognition,,0,2,0,e2a7ad3c-7a05-4c18-bac3-ef017ab94d38,710CL,,0,0,1606060563436,0,0
plugin_ios_activity_recognition,"[""stationary""]",0,2,0,e2a7ad3c-7a05-4c18-bac3-ef017ab94d38,710CL,,0,1,1606060572058,0,0
plugin_ios_activity_recognition,,0,2,0,e2a7ad3c-7a05-4c18-bac3-ef017ab94d38,710CL,,0,0,1606060592499,0,0
plugin_ios_activity_recognition,,0,2,0,e2a7ad3c-7a05-4c18-bac3-ef017ab94d38,710CL,,0,0,1606060605994,0,0
plugin_ios_activity_recognition,"[""stationary""]",0,2,0,e2a7ad3c-7a05-4c18-bac3-ef017ab94d38,710CL,,0,1,1606060619022,0,0
plugin_ios_activity_recognition,,0,2,0,e2a7ad3c-7a05-4c18-bac3-ef017ab94d38,710CL,,0,0,1606060630825,0,0
plugin_ios_activity_recognition,"[""stationary""]",0,2,0,e2a7ad3c-7a05-4c18-bac3-ef017ab94d38,710CL,,0,1,1606060674592,0,0
plugin_ios_activity_recognition,,0,2,0,e2a7ad3c-7a05-4c18-bac3-ef017ab94d38,710CL,,0,0,1606060675542,0,0
plugin_ios_activity_recognition,"[""stationary""]",0,2,0,e2a7ad3c-7a05-4c18-bac3-ef017ab94d38,710CL,,0,1,1606060685762,0,0
plugin_ios_activity_recognition,,0,2,0,e2a7ad3c-7a05-4c18-bac3-ef017ab94d38,710CL,,0,0,1606060704923,0,0
plugin_ios_activity_recognition,"[""stationary""]",0,2,0,e2a7ad3c-7a05-4c18-bac3-ef017ab94d38,710CL,,0,1,1606060712267,0,0
plugin_ios_activity_recognition,,0,2,0,e2a7ad3c-7a05-4c18-bac3-ef017ab94d38,710CL,,0,0,1606060712905,0,0
plugin_ios_activity_recognition,"[""stationary""]",0,2,0,e2a7ad3c-7a05-4c18-bac3-ef017ab94d38,710CL,,0,1,1606060720875,0,0
plugin_ios_activity_recognition,"[""stationary""]",0,2,0,e2a7ad3c-7a05-4c18-bac3-ef017ab94d38,710CL,,0,1,1606060785922,0,0
plugin_ios_activity_recognition,,0,2,0,e2a7ad3c-7a05-4c18-bac3-ef017ab94d38,710CL,,0,0,1606060803560,0,0
plugin_ios_activity_recognition,"[""stationary""]",0,2,0,e2a7ad3c-7a05-4c18-bac3-ef017ab94d38,710CL,,0,1,1606060829752,0,0
plugin_ios_activity_recognition,,0,2,0,e2a7ad3c-7a05-4c18-bac3-ef017ab94d38,710CL,,0,0,1606060841889,0,0
plugin_ios_activity_recognition,"[""stationary""]",0,2,0,e2a7ad3c-7a05-4c18-bac3-ef017ab94d38,710CL,,0,1,1606060935494,0,0
plugin_ios_activity_recognition,,0,2,0,e2a7ad3c-7a05-4c18-bac3-ef017ab94d38,710CL,,0,0,1606060936133,0,0
plugin_ios_activity_recognition,"[""stationary""]",0,2,0,e2a7ad3c-7a05-4c18-bac3-ef017ab94d38,710CL,,0,1,1606060963282,0,0
plugin_ios_activity_recognition,"[""stationary""]",0,2,0,e2a7ad3c-7a05-4c18-bac3-ef017ab94d38,710CL,,0,1,1606060965925,0,0
plugin_ios_activity_recognition,,0,2,0,e2a7ad3c-7a05-4c18-bac3-ef017ab94d38,710CL,,0,0,1606060968400,0,0
plugin_ios_activity_recognition,"[""stationary""]",0,2,0,e2a7ad3c-7a05-4c18-bac3-ef017ab94d38,710CL,,0,1,1606061015666,0,0
plugin_ios_activity_recognition,,0,2,0,e2a7ad3c-7a05-4c18-bac3-ef017ab94d38,710CL,,0,0,1606061020455,0,0
plugin_ios_activity_recognition,"[""stationary""]",0,2,0,e2a7ad3c-7a05-4c18-bac3-ef017ab94d38,710CL,,0,1,1606061048878,0,0
plugin_ios_activity_recognition,,0,2,0,e2a7ad3c-7a05-4c18-bac3-ef017ab94d38,710CL,,0,0,1606061063569,0,0
plugin_ios_activity_recognition,"[""stationary""]",0,2,0,e2a7ad3c-7a05-4c18-bac3-ef017ab94d38,710CL,,0,1,1606061111483,0,0
plugin_ios_activity_recognition,,0,2,0,e2a7ad3c-7a05-4c18-bac3-ef017ab94d38,710CL,,0,0,1606061113396,0,0
plugin_ios_activity_recognition,"[""stationary""]",0,2,0,e2a7ad3c-7a05-4c18-bac3-ef017ab94d38,710CL,,0,1,1606061122657,0,0
plugin_ios_activity_recognition,"[""stationary""]",0,2,0,e2a7ad3c-7a05-4c18-bac3-ef017ab94d38,710CL,,0,1,1606061145928,0,0
plugin_ios_activity_recognition,,0,2,0,e2a7ad3c-7a05-4c18-bac3-ef017ab94d38,710CL,,0,0,1606061158422,0,0
plugin_ios_activity_recognition,"[""walking""]",0,2,0,e2a7ad3c-7a05-4c18-bac3-ef017ab94d38,710CL,,0,0,1606061303167,0,1
plugin_ios_activity_recognition,"[""walking""]",0,2,0,e2a7ad3c-7a05-4c18-bac3-ef017ab94d38,710CL,,0,0,1606061326022,0,1
plugin_ios_activity_recognition,"[""stationary""]",0,2,0,e2a7ad3c-7a05-4c18-bac3-ef017ab94d38,710CL,,0,1,1606061353647,0,0
plugin_ios_activity_recognition,"[""walking""]",0,2,0,e2a7ad3c-7a05-4c18-bac3-ef017ab94d38,710CL,,0,0,1606061376952,0,1
plugin_ios_activity_recognition,,0,2,0,e2a7ad3c-7a05-4c18-bac3-ef017ab94d38,710CL,,0,0,1606061377275,0,0
plugin_ios_activity_recognition,"[""stationary""]",0,2,0,e2a7ad3c-7a05-4c18-bac3-ef017ab94d38,710CL,,0,1,1606061381105,0,0
plugin_ios_activity_recognition,,0,2,0,e2a7ad3c-7a05-4c18-bac3-ef017ab94d38,710CL,,0,0,1606061395784,0,0
plugin_ios_activity_recognition,"[""stationary""]",0,2,0,e2a7ad3c-7a05-4c18-bac3-ef017ab94d38,710CL,,0,1,1606061399613,0,0
plugin_ios_activity_recognition,,0,2,0,e2a7ad3c-7a05-4c18-bac3-ef017ab94d38,710CL,,0,0,1606061402808,0,0
plugin_ios_activity_recognition,"[""stationary""]",0,2,0,e2a7ad3c-7a05-4c18-bac3-ef017ab94d38,710CL,,0,1,1606061409194,0,0
plugin_ios_activity_recognition,,0,2,0,e2a7ad3c-7a05-4c18-bac3-ef017ab94d38,710CL,,0,0,1606061459014,0,0
plugin_ios_activity_recognition,"[""stationary""]",0,2,0,e2a7ad3c-7a05-4c18-bac3-ef017ab94d38,710CL,,0,1,1606061469549,0,0
plugin_ios_activity_recognition,,0,2,0,e2a7ad3c-7a05-4c18-bac3-ef017ab94d38,710CL,,0,0,1606061488059,0,0
plugin_ios_activity_recognition,"[""walking""]",0,1,0,e2a7ad3c-7a05-4c18-bac3-ef017ab94d38,710CL,,0,0,1606061494775,0,1
plugin_ios_activity_recognition,"[""walking""]",0,2,0,e2a7ad3c-7a05-4c18-bac3-ef017ab94d38,710CL,,0,0,1606061497332,0,1
plugin_ios_activity_recognition,"[""stationary""]",0,2,0,e2a7ad3c-7a05-4c18-bac3-ef017ab94d38,710CL,,0,1,1606061502442,0,0
plugin_ios_activity_recognition,"[""stationary""]",0,2,0,e2a7ad3c-7a05-4c18-bac3-ef017ab94d38,710CL,,0,1,1606061505985,0,0
plugin_ios_activity_recognition,"[""walking""]",0,2,0,e2a7ad3c-7a05-4c18-bac3-ef017ab94d38,710CL,,0,0,1606061523196,0,1
plugin_ios_activity_recognition,"[""walking""]",0,1,0,e2a7ad3c-7a05-4c18-bac3-ef017ab94d38,710CL,,0,0,1606061528305,0,1
plugin_ios_activity_recognition,"[""automotive""]",1,2,0,e2a7ad3c-7a05-4c18-bac3-ef017ab94d38,710CL,,0,0,1606061530550,0,0
plugin_ios_activity_recognition,"[""automotive""]",1,2,0,e2a7ad3c-7a05-4c18-bac3-ef017ab94d38,710CL,,0,0,1606061655798,0,0
plugin_ios_activity_recognition,"[""automotive""]",1,2,0,e2a7ad3c-7a05-4c18-bac3-ef017ab94d38,710CL,,0,0,1606061671140,0,0
plugin_ios_activity_recognition,"[""automotive""]",1,2,0,e2a7ad3c-7a05-4c18-bac3-ef017ab94d38,710CL,,0,0,1606061686005,0,0
plugin_ios_activity_recognition,"[""automotive""]",1,2,0,e2a7ad3c-7a05-4c18-bac3-ef017ab94d38,710CL,,0,0,1606061740171,0,0
plugin_ios_activity_recognition,"[""automotive""]",1,2,0,e2a7ad3c-7a05-4c18-bac3-ef017ab94d38,710CL,,0,0,1606061798974,0,0
plugin_ios_activity_recognition,"[""automotive""]",1,2,0,e2a7ad3c-7a05-4c18-bac3-ef017ab94d38,710CL,,0,0,1606061804087,0,0
plugin_ios_activity_recognition,"[""automotive""]",1,2,0,e2a7ad3c-7a05-4c18-bac3-ef017ab94d38,710CL,,0,0,1606061862892,0,0
plugin_ios_activity_recognition,"[""automotive""]",1,2,0,e2a7ad3c-7a05-4c18-bac3-ef017ab94d38,710CL,,0,0,1606061866006,0,0
plugin_ios_activity_recognition,"[""automotive""]",1,2,0,e2a7ad3c-7a05-4c18-bac3-ef017ab94d38,710CL,,0,0,1606061868008,0,0
plugin_ios_activity_recognition,"[""automotive""]",1,2,0,e2a7ad3c-7a05-4c18-bac3-ef017ab94d38,710CL,,0,0,1606061875673,0,0
plugin_ios_activity_recognition,"[""automotive""]",1,2,0,e2a7ad3c-7a05-4c18-bac3-ef017ab94d38,710CL,,0,0,1606061896133,0,0
plugin_ios_activity_recognition,"[""automotive""]",1,2,0,e2a7ad3c-7a05-4c18-bac3-ef017ab94d38,710CL,,0,0,1606061926814,0,0
plugin_ios_activity_recognition,"[""automotive""]",1,2,0,e2a7ad3c-7a05-4c18-bac3-ef017ab94d38,710CL,,0,0,1606061931931,0,0
plugin_ios_activity_recognition,"[""automotive""]",1,2,0,e2a7ad3c-7a05-4c18-bac3-ef017ab94d38,710CL,,0,0,1606061967718,0,0
plugin_ios_activity_recognition,"[""automotive""]",1,2,0,e2a7ad3c-7a05-4c18-bac3-ef017ab94d38,710CL,,0,0,1606061980504,0,0
plugin_ios_activity_recognition,"[""automotive""]",1,2,0,e2a7ad3c-7a05-4c18-bac3-ef017ab94d38,710CL,,0,0,1606061990729,0,0
plugin_ios_activity_recognition,"[""automotive""]",1,2,0,e2a7ad3c-7a05-4c18-bac3-ef017ab94d38,710CL,,0,0,1606061995845,0,0
plugin_ios_activity_recognition,"[""automotive""]",1,2,0,e2a7ad3c-7a05-4c18-bac3-ef017ab94d38,710CL,,0,0,1606062006069,0,0
plugin_ios_activity_recognition,"[""automotive""]",1,2,0,e2a7ad3c-7a05-4c18-bac3-ef017ab94d38,710CL,,0,0,1606062034195,0,0
plugin_ios_activity_recognition,"[""automotive""]",1,2,0,e2a7ad3c-7a05-4c18-bac3-ef017ab94d38,710CL,,0,0,1606062046005,0,0
plugin_ios_activity_recognition,"[""automotive""]",1,2,0,e2a7ad3c-7a05-4c18-bac3-ef017ab94d38,710CL,,0,0,1606062054654,0,0
plugin_ios_activity_recognition,"[""automotive""]",1,2,0,e2a7ad3c-7a05-4c18-bac3-ef017ab94d38,710CL,,0,0,1606062059772,0,0
plugin_ios_activity_recognition,"[""automotive""]",1,2,0,e2a7ad3c-7a05-4c18-bac3-ef017ab94d38,710CL,,0,0,1606062121130,0,0
plugin_ios_activity_recognition,"[""automotive""]",1,2,0,e2a7ad3c-7a05-4c18-bac3-ef017ab94d38,710CL,,0,0,1606062123692,0,0
plugin_ios_activity_recognition,"[""automotive""]",1,2,0,e2a7ad3c-7a05-4c18-bac3-ef017ab94d38,710CL,,0,0,1606062185056,0,0
plugin_ios_activity_recognition,"[""automotive""]",1,2,0,e2a7ad3c-7a05-4c18-bac3-ef017ab94d38,710CL,,0,0,1606062187613,0,0
plugin_ios_activity_recognition,"[""automotive""]",1,2,0,e2a7ad3c-7a05-4c18-bac3-ef017ab94d38,710CL,,0,0,1606062226005,0,0
plugin_ios_activity_recognition,"[""automotive""]",1,2,0,e2a7ad3c-7a05-4c18-bac3-ef017ab94d38,710CL,,0,0,1606062248991,0,0
plugin_ios_activity_recognition,"[""automotive""]",1,2,0,e2a7ad3c-7a05-4c18-bac3-ef017ab94d38,710CL,,0,0,1606062251547,0,0
plugin_ios_activity_recognition,"[""automotive""]",1,2,0,e2a7ad3c-7a05-4c18-bac3-ef017ab94d38,710CL,,0,0,1606062312921,0,0
plugin_ios_activity_recognition,"[""automotive""]",1,2,0,e2a7ad3c-7a05-4c18-bac3-ef017ab94d38,710CL,,0,0,1606062315473,0,0
plugin_ios_activity_recognition,"[""automotive""]",1,2,0,e2a7ad3c-7a05-4c18-bac3-ef017ab94d38,710CL,,0,0,1606062325704,0,0
plugin_ios_activity_recognition,"[""automotive""]",1,2,0,e2a7ad3c-7a05-4c18-bac3-ef017ab94d38,710CL,,0,0,1606062341034,0,0
plugin_ios_activity_recognition,"[""automotive""]",1,2,0,e2a7ad3c-7a05-4c18-bac3-ef017ab94d38,710CL,,0,0,1606062356380,0,0
plugin_ios_activity_recognition,"[""automotive""]",1,2,0,e2a7ad3c-7a05-4c18-bac3-ef017ab94d38,710CL,,0,0,1606062405991,0,0
plugin_ios_activity_recognition,"[""automotive""]",1,2,0,e2a7ad3c-7a05-4c18-bac3-ef017ab94d38,710CL,,0,0,1606062451304,0,0
plugin_ios_activity_recognition,,0,1,0,e2a7ad3c-7a05-4c18-bac3-ef017ab94d38,710CL,,0,0,1606062453858,0,0
plugin_ios_activity_recognition,,0,2,0,e2a7ad3c-7a05-4c18-bac3-ef017ab94d38,710CL,,0,0,1606062456418,0,0
plugin_ios_activity_recognition,,0,2,0,e2a7ad3c-7a05-4c18-bac3-ef017ab94d38,710CL,,0,0,1606062585951,0,0
plugin_ios_activity_recognition,"[""walking""]",0,1,0,e2a7ad3c-7a05-4c18-bac3-ef017ab94d38,710CL,,0,0,1606062724567,0,1
plugin_ios_activity_recognition,"[""walking""]",0,1,0,e2a7ad3c-7a05-4c18-bac3-ef017ab94d38,710CL,,0,0,1606062765920,0,1
plugin_ios_activity_recognition,"[""walking""]",0,2,0,e2a7ad3c-7a05-4c18-bac3-ef017ab94d38,710CL,,0,0,1606062793605,0,1
plugin_ios_activity_recognition,,0,2,0,e2a7ad3c-7a05-4c18-bac3-ef017ab94d38,710CL,,0,0,1606062895882,0,0
plugin_ios_activity_recognition,"[""walking""]",0,2,0,e2a7ad3c-7a05-4c18-bac3-ef017ab94d38,710CL,,0,0,1606062939349,0,1
plugin_ios_activity_recognition,"[""walking""]",0,2,0,e2a7ad3c-7a05-4c18-bac3-ef017ab94d38,710CL,,0,0,1606062945913,0,1
plugin_ios_activity_recognition,,0,2,0,e2a7ad3c-7a05-4c18-bac3-ef017ab94d38,710CL,,0,0,1606063115771,0,0
plugin_ios_activity_recognition,"[""walking""]",0,1,0,e2a7ad3c-7a05-4c18-bac3-ef017ab94d38,710CL,,0,0,1606063118328,0,1
plugin_ios_activity_recognition,"[""walking""]",0,2,0,e2a7ad3c-7a05-4c18-bac3-ef017ab94d38,710CL,,0,0,1606063120885,0,1
plugin_ios_activity_recognition,"[""walking""]",0,2,0,e2a7ad3c-7a05-4c18-bac3-ef017ab94d38,710CL,,0,0,1606063125990,0,1
plugin_ios_activity_recognition,,0,2,0,e2a7ad3c-7a05-4c18-bac3-ef017ab94d38,710CL,,0,0,1606063133668,0,0
plugin_ios_activity_recognition,"[""walking""]",0,1,0,e2a7ad3c-7a05-4c18-bac3-ef017ab94d38,710CL,,0,0,1606063136228,0,1
plugin_ios_activity_recognition,"[""walking""]",0,2,0,e2a7ad3c-7a05-4c18-bac3-ef017ab94d38,710CL,,0,0,1606063159234,0,1
plugin_ios_activity_recognition,,0,2,0,e2a7ad3c-7a05-4c18-bac3-ef017ab94d38,710CL,,0,0,1606063292189,0,0
plugin_ios_activity_recognition,,0,2,0,e2a7ad3c-7a05-4c18-bac3-ef017ab94d38,710CL,,0,0,1606063305923,0,0
plugin_ios_activity_recognition,"[""walking""]",0,1,0,e2a7ad3c-7a05-4c18-bac3-ef017ab94d38,710CL,,0,0,1606063325428,0,1
plugin_ios_activity_recognition,"[""walking""]",0,2,0,e2a7ad3c-7a05-4c18-bac3-ef017ab94d38,710CL,,0,0,1606063330855,0,1
plugin_ios_activity_recognition,,0,2,0,e2a7ad3c-7a05-4c18-bac3-ef017ab94d38,710CL,,0,0,1606063335653,0,0
plugin_ios_activity_recognition,"[""walking""]",0,1,0,e2a7ad3c-7a05-4c18-bac3-ef017ab94d38,710CL,,0,0,1606063338210,0,1
plugin_ios_activity_recognition,"[""walking""]",0,2,0,e2a7ad3c-7a05-4c18-bac3-ef017ab94d38,710CL,,0,0,1606063381674,0,1
plugin_ios_activity_recognition,,0,2,0,e2a7ad3c-7a05-4c18-bac3-ef017ab94d38,710CL,,0,0,1606063432809,0,0
plugin_ios_activity_recognition,,0,2,0,e2a7ad3c-7a05-4c18-bac3-ef017ab94d38,710CL,,0,0,1606063485915,0,0
plugin_ios_activity_recognition,"[""walking""]",0,1,0,e2a7ad3c-7a05-4c18-bac3-ef017ab94d38,710CL,,0,0,1606063524858,0,1
plugin_ios_activity_recognition,"[""walking""]",0,2,0,e2a7ad3c-7a05-4c18-bac3-ef017ab94d38,710CL,,0,0,1606063532528,0,1
plugin_ios_activity_recognition,,0,2,0,e2a7ad3c-7a05-4c18-bac3-ef017ab94d38,710CL,,0,0,1606063635112,0,0
plugin_ios_activity_recognition,,0,2,0,e2a7ad3c-7a05-4c18-bac3-ef017ab94d38,710CL,,0,0,1606063665917,0,0
plugin_ios_activity_recognition,"[""walking""]",0,2,0,e2a7ad3c-7a05-4c18-bac3-ef017ab94d38,710CL,,0,0,1606063678260,0,1
plugin_ios_activity_recognition,,0,2,0,e2a7ad3c-7a05-4c18-bac3-ef017ab94d38,710CL,,0,0,1606063685928,0,0
plugin_ios_activity_recognition,,0,2,0,e2a7ad3c-7a05-4c18-bac3-ef017ab94d38,710CL,,0,0,1606063846090,0,0
plugin_ios_activity_recognition,,0,2,0,e2a7ad3c-7a05-4c18-bac3-ef017ab94d38,710CL,,0,0,1606064025949,0,0
plugin_ios_activity_recognition,"[""walking""]",0,2,0,e2a7ad3c-7a05-4c18-bac3-ef017ab94d38,710CL,,0,0,1606064074537,0,1
plugin_ios_activity_recognition,,0,2,0,e2a7ad3c-7a05-4c18-bac3-ef017ab94d38,710CL,,0,0,1606064161440,0,0
plugin_ios_activity_recognition,"[""walking""]",0,1,0,e2a7ad3c-7a05-4c18-bac3-ef017ab94d38,710CL,,0,0,1606064184453,0,1
plugin_ios_activity_recognition,"[""walking""]",0,2,0,e2a7ad3c-7a05-4c18-bac3-ef017ab94d38,710CL,,0,0,1606064189566,0,1
plugin_ios_activity_recognition,"[""walking""]",0,2,0,e2a7ad3c-7a05-4c18-bac3-ef017ab94d38,710CL,,0,0,1606064205920,0,1
plugin_ios_activity_recognition,,0,2,0,e2a7ad3c-7a05-4c18-bac3-ef017ab94d38,710CL,,0,0,1606064258594,0,0
plugin_ios_activity_recognition,,0,2,0,e2a7ad3c-7a05-4c18-bac3-ef017ab94d38,710CL,,0,0,1606064385921,0,0
plugin_ios_activity_recognition,,0,2,0,e2a7ad3c-7a05-4c18-bac3-ef017ab94d38,710CL,supplement,0,0,1606064565921,0,0
plugin_ios_activity_recognition,,0,2,0,e2a7ad3c-7a05-4c18-bac3-ef017ab94d38,710CL,,0,0,1606064566000,0,0
plugin_ios_activity_recognition,"[""stationary""]",0,2,0,e2a7ad3c-7a05-4c18-bac3-ef017ab94d38,710CL,,0,1,1606064717931,0,0
plugin_ios_activity_recognition,,0,2,0,e2a7ad3c-7a05-4c18-bac3-ef017ab94d38,710CL,,0,0,1606064724632,0,0
plugin_ios_activity_recognition,,0,2,0,e2a7ad3c-7a05-4c18-bac3-ef017ab94d38,710CL,supplement,0,0,1606064745921,0,0
plugin_ios_activity_recognition,,0,2,0,e2a7ad3c-7a05-4c18-bac3-ef017ab94d38,710CL,,0,0,1606064746003,0,0
plugin_ios_activity_recognition,"[""stationary""]",0,2,0,e2a7ad3c-7a05-4c18-bac3-ef017ab94d38,710CL,,0,1,1606064750837,0,0
plugin_ios_activity_recognition,,0,2,0,e2a7ad3c-7a05-4c18-bac3-ef017ab94d38,710CL,,0,0,1606064813744,0,0
plugin_ios_activity_recognition,"[""walking""]",0,1,0,e2a7ad3c-7a05-4c18-bac3-ef017ab94d38,710CL,,0,0,1606064818221,0,1
plugin_ios_activity_recognition,"[""walking""]",0,2,0,e2a7ad3c-7a05-4c18-bac3-ef017ab94d38,710CL,,0,0,1606064820778,0,1
plugin_ios_activity_recognition,"[""stationary""]",0,2,0,e2a7ad3c-7a05-4c18-bac3-ef017ab94d38,710CL,,0,1,1606064841866,0,0
plugin_ios_activity_recognition,,0,2,0,e2a7ad3c-7a05-4c18-bac3-ef017ab94d38,710CL,,0,0,1606064846344,0,0
plugin_ios_activity_recognition,"[""stationary""]",0,2,0,e2a7ad3c-7a05-4c18-bac3-ef017ab94d38,710CL,,0,1,1606064854964,0,0
plugin_ios_activity_recognition,,0,2,0,e2a7ad3c-7a05-4c18-bac3-ef017ab94d38,710CL,,0,0,1606064902866,0,0
plugin_ios_activity_recognition,"[""walking""]",0,1,0,e2a7ad3c-7a05-4c18-bac3-ef017ab94d38,710CL,,0,0,1606064907666,0,1
plugin_ios_activity_recognition,"[""stationary""]",0,2,0,e2a7ad3c-7a05-4c18-bac3-ef017ab94d38,710CL,,0,1,1606064913088,0,0
plugin_ios_activity_recognition,"[""walking""]",0,2,0,e2a7ad3c-7a05-4c18-bac3-ef017ab94d38,710CL,,0,0,1606064921715,0,1
plugin_ios_activity_recognition,"[""walking""]",0,2,0,e2a7ad3c-7a05-4c18-bac3-ef017ab94d38,710CL,,0,0,1606064925927,0,1
plugin_ios_activity_recognition,,0,2,0,e2a7ad3c-7a05-4c18-bac3-ef017ab94d38,710CL,,0,0,1606065009919,0,0
plugin_ios_activity_recognition,"[""walking""]",0,1,0,e2a7ad3c-7a05-4c18-bac3-ef017ab94d38,710CL,,0,0,1606065035485,0,1
plugin_ios_activity_recognition,"[""walking""]",0,2,0,e2a7ad3c-7a05-4c18-bac3-ef017ab94d38,710CL,,0,0,1606065038042,0,1
plugin_ios_activity_recognition,,0,2,0,e2a7ad3c-7a05-4c18-bac3-ef017ab94d38,710CL,,0,0,1606065066165,0,0
plugin_ios_activity_recognition,"[""walking""]",0,1,0,e2a7ad3c-7a05-4c18-bac3-ef017ab94d38,710CL,,0,0,1606065076392,0,1
plugin_ios_activity_recognition,"[""walking""]",0,2,0,e2a7ad3c-7a05-4c18-bac3-ef017ab94d38,710CL,,0,0,1606065091731,0,1
plugin_ios_activity_recognition,"[""walking""]",0,2,0,e2a7ad3c-7a05-4c18-bac3-ef017ab94d38,710CL,,0,0,1606065105931,0,1
plugin_ios_activity_recognition,,0,2,0,e2a7ad3c-7a05-4c18-bac3-ef017ab94d38,710CL,,0,0,1606065117296,0,0
plugin_ios_activity_recognition,"[""walking""]",0,1,0,e2a7ad3c-7a05-4c18-bac3-ef017ab94d38,710CL,,0,0,1606065219571,0,1
plugin_ios_activity_recognition,"[""walking""]",0,2,0,e2a7ad3c-7a05-4c18-bac3-ef017ab94d38,710CL,,0,0,1606065222128,0,1
plugin_ios_activity_recognition,,0,2,0,e2a7ad3c-7a05-4c18-bac3-ef017ab94d38,710CL,,0,0,1606065232355,0,0
plugin_ios_activity_recognition,,0,2,0,e2a7ad3c-7a05-4c18-bac3-ef017ab94d38,710CL,,0,0,1606065286010,0,0
plugin_ios_activity_recognition,"[""stationary""]",0,2,0,e2a7ad3c-7a05-4c18-bac3-ef017ab94d38,710CL,,0,1,1606065294989,0,0
plugin_ios_activity_recognition,,0,2,0,e2a7ad3c-7a05-4c18-bac3-ef017ab94d38,710CL,,0,0,1606065296906,0,0
plugin_ios_activity_recognition,,0,2,0,e2a7ad3c-7a05-4c18-bac3-ef017ab94d38,710CL,,0,0,1606065466022,0,0
plugin_ios_activity_recognition,,0,2,0,e2a7ad3c-7a05-4c18-bac3-ef017ab94d38,710CL,,0,0,1606065645937,0,0
plugin_ios_activity_recognition,"[""walking""]",0,1,0,e2a7ad3c-7a05-4c18-bac3-ef017ab94d38,710CL,,0,0,1606065649100,0,1
plugin_ios_activity_recognition,"[""walking""]",0,2,0,e2a7ad3c-7a05-4c18-bac3-ef017ab94d38,710CL,,0,0,1606065651653,0,1
plugin_ios_activity_recognition,,0,2,0,e2a7ad3c-7a05-4c18-bac3-ef017ab94d38,710CL,,0,0,1606065702763,0,0
plugin_ios_activity_recognition,,0,2,0,e2a7ad3c-7a05-4c18-bac3-ef017ab94d38,710CL,,0,0,1606065825937,0,0
plugin_ios_activity_recognition,,0,2,0,e2a7ad3c-7a05-4c18-bac3-ef017ab94d38,710CL,supplement,0,0,1606066005937,0,0
plugin_ios_activity_recognition,,0,2,0,e2a7ad3c-7a05-4c18-bac3-ef017ab94d38,710CL,,0,0,1606066005962,0,0
plugin_ios_activity_recognition,,0,2,0,e2a7ad3c-7a05-4c18-bac3-ef017ab94d38,710CL,supplement,0,0,1606066185937,0,0
plugin_ios_activity_recognition,,0,2,0,e2a7ad3c-7a05-4c18-bac3-ef017ab94d38,710CL,supplement,0,0,1606066185962,0,0
plugin_ios_activity_recognition,,0,2,0,e2a7ad3c-7a05-4c18-bac3-ef017ab94d38,710CL,,0,0,1606066185964,0,0
plugin_ios_activity_recognition,"[""walking""]",0,1,0,e2a7ad3c-7a05-4c18-bac3-ef017ab94d38,710CL,,0,0,1606066211549,0,1
plugin_ios_activity_recognition,"[""walking""]",0,2,0,e2a7ad3c-7a05-4c18-bac3-ef017ab94d38,710CL,,0,0,1606066234561,0,1
plugin_ios_activity_recognition,,0,2,0,e2a7ad3c-7a05-4c18-bac3-ef017ab94d38,710CL,,0,0,1606066285700,0,0
plugin_ios_activity_recognition,,0,2,0,e2a7ad3c-7a05-4c18-bac3-ef017ab94d38,710CL,supplement,0,0,1606066365962,0,0
plugin_ios_activity_recognition,,0,2,0,e2a7ad3c-7a05-4c18-bac3-ef017ab94d38,710CL,,0,0,1606066365967,0,0
plugin_ios_activity_recognition,,0,2,0,e2a7ad3c-7a05-4c18-bac3-ef017ab94d38,710CL,supplement,0,0,1606066545967,0,0
plugin_ios_activity_recognition,,0,2,0,e2a7ad3c-7a05-4c18-bac3-ef017ab94d38,710CL,,0,0,1606066546069,0,0
plugin_ios_activity_recognition,"[""walking""]",0,1,0,e2a7ad3c-7a05-4c18-bac3-ef017ab94d38,710CL,,0,0,1606066607874,0,1
plugin_ios_activity_recognition,"[""walking""]",0,2,0,e2a7ad3c-7a05-4c18-bac3-ef017ab94d38,710CL,,0,0,1606066623530,0,1
plugin_ios_activity_recognition,"[""stationary""]",0,2,0,e2a7ad3c-7a05-4c18-bac3-ef017ab94d38,710CL,,0,1,1606066645563,0,0
plugin_ios_activity_recognition,"[""walking""]",0,2,0,e2a7ad3c-7a05-4c18-bac3-ef017ab94d38,710CL,,0,0,1606066647480,0,1
plugin_ios_activity_recognition,,0,2,0,e2a7ad3c-7a05-4c18-bac3-ef017ab94d38,710CL,,0,0,1606066674331,0,0
plugin_ios_activity_recognition,,0,2,0,e2a7ad3c-7a05-4c18-bac3-ef017ab94d38,710CL,supplement,0,0,1606066725967,0,0
plugin_ios_activity_recognition,,0,2,0,e2a7ad3c-7a05-4c18-bac3-ef017ab94d38,710CL,,0,0,1606066726066,0,0
plugin_ios_activity_recognition,"[""walking""]",0,1,0,e2a7ad3c-7a05-4c18-bac3-ef017ab94d38,710CL,,0,0,1606066871240,0,1
plugin_ios_activity_recognition,"[""walking""]",0,2,0,e2a7ad3c-7a05-4c18-bac3-ef017ab94d38,710CL,,0,0,1606066881468,0,1
plugin_ios_activity_recognition,"[""walking""]",0,2,0,e2a7ad3c-7a05-4c18-bac3-ef017ab94d38,710CL,,0,0,1606066905978,0,1
plugin_ios_activity_recognition,,0,2,0,e2a7ad3c-7a05-4c18-bac3-ef017ab94d38,710CL,,0,0,1606066907040,0,0
plugin_ios_activity_recognition,,0,2,0,e2a7ad3c-7a05-4c18-bac3-ef017ab94d38,710CL,,0,0,1606067085974,0,0
plugin_ios_activity_recognition,"[""walking""]",0,1,0,e2a7ad3c-7a05-4c18-bac3-ef017ab94d38,710CL,,0,0,1606067262476,0,1
plugin_ios_activity_recognition,"[""walking""]",0,1,0,e2a7ad3c-7a05-4c18-bac3-ef017ab94d38,710CL,,0,0,1606067265975,0,1
plugin_ios_activity_recognition,"[""walking""]",0,2,0,e2a7ad3c-7a05-4c18-bac3-ef017ab94d38,710CL,,0,0,1606067298282,0,1
plugin_ios_activity_recognition,,0,2,0,e2a7ad3c-7a05-4c18-bac3-ef017ab94d38,710CL,,0,0,1606067405696,0,0
plugin_ios_activity_recognition,"[""walking""]",0,1,0,e2a7ad3c-7a05-4c18-bac3-ef017ab94d38,710CL,,0,0,1606067418482,0,1
plugin_ios_activity_recognition,,0,2,0,e2a7ad3c-7a05-4c18-bac3-ef017ab94d38,710CL,,0,0,1606067428711,0,0
plugin_ios_activity_recognition,,0,2,0,e2a7ad3c-7a05-4c18-bac3-ef017ab94d38,710CL,,0,0,1606067446068,0,0
plugin_ios_activity_recognition,"[""automotive""]",1,2,0,e2a7ad3c-7a05-4c18-bac3-ef017ab94d38,710CL,,0,0,1606067500311,0,0
plugin_ios_activity_recognition,"[""automotive""]",1,2,0,e2a7ad3c-7a05-4c18-bac3-ef017ab94d38,710CL,,0,0,1606067559124,0,0
plugin_ios_activity_recognition,"[""automotive""]",1,2,0,e2a7ad3c-7a05-4c18-bac3-ef017ab94d38,710CL,,0,0,1606067564240,0,0
plugin_ios_activity_recognition,"[""automotive""]",1,2,0,e2a7ad3c-7a05-4c18-bac3-ef017ab94d38,710CL,,0,0,1606067623063,0,0
plugin_ios_activity_recognition,"[""automotive""]",1,2,0,e2a7ad3c-7a05-4c18-bac3-ef017ab94d38,710CL,,0,0,1606067626035,0,0
plugin_ios_activity_recognition,"[""automotive""]",1,2,0,e2a7ad3c-7a05-4c18-bac3-ef017ab94d38,710CL,,0,0,1606067628179,0,0
plugin_ios_activity_recognition,"[""automotive""]",1,2,0,e2a7ad3c-7a05-4c18-bac3-ef017ab94d38,710CL,,0,0,1606067661419,0,0
plugin_ios_activity_recognition,"[""automotive""]",1,2,0,e2a7ad3c-7a05-4c18-bac3-ef017ab94d38,710CL,,0,0,1606067686990,0,0
plugin_ios_activity_recognition,"[""automotive""]",1,2,0,e2a7ad3c-7a05-4c18-bac3-ef017ab94d38,710CL,,0,0,1606067692106,0,0
plugin_ios_activity_recognition,"[""automotive""]",1,2,0,e2a7ad3c-7a05-4c18-bac3-ef017ab94d38,710CL,,0,0,1606067712558,0,0
plugin_ios_activity_recognition,"[""automotive""]",1,2,0,e2a7ad3c-7a05-4c18-bac3-ef017ab94d38,710CL,,0,0,1606067722790,0,0
plugin_ios_activity_recognition,"[""automotive""]",1,2,0,e2a7ad3c-7a05-4c18-bac3-ef017ab94d38,710CL,,0,0,1606067725346,0,0
plugin_ios_activity_recognition,"[""automotive""]",1,2,0,e2a7ad3c-7a05-4c18-bac3-ef017ab94d38,710CL,,0,0,1606067750916,0,0
plugin_ios_activity_recognition,"[""automotive""]",1,2,0,e2a7ad3c-7a05-4c18-bac3-ef017ab94d38,710CL,,0,0,1606067756030,0,0
plugin_ios_activity_recognition,"[""automotive""]",1,2,0,e2a7ad3c-7a05-4c18-bac3-ef017ab94d38,710CL,,0,0,1606067766258,0,0
plugin_ios_activity_recognition,"[""automotive""]",1,2,0,e2a7ad3c-7a05-4c18-bac3-ef017ab94d38,710CL,,0,0,1606067784155,0,0
plugin_ios_activity_recognition,"[""automotive""]",1,2,0,e2a7ad3c-7a05-4c18-bac3-ef017ab94d38,710CL,,0,0,1606067799499,0,0
plugin_ios_activity_recognition,"[""automotive""]",1,2,0,e2a7ad3c-7a05-4c18-bac3-ef017ab94d38,710CL,,0,0,1606067805979,0,0
plugin_ios_activity_recognition,"[""automotive""]",1,2,0,e2a7ad3c-7a05-4c18-bac3-ef017ab94d38,710CL,,0,0,1606067814834,0,0
plugin_ios_activity_recognition,"[""automotive""]",1,2,0,e2a7ad3c-7a05-4c18-bac3-ef017ab94d38,710CL,,0,0,1606067819949,0,0
plugin_ios_activity_recognition,"[""automotive""]",1,2,0,e2a7ad3c-7a05-4c18-bac3-ef017ab94d38,710CL,,0,0,1606067878768,0,0
plugin_ios_activity_recognition,"[""automotive""]",1,2,0,e2a7ad3c-7a05-4c18-bac3-ef017ab94d38,710CL,,0,0,1606067891554,0,0
plugin_ios_activity_recognition,"[""automotive""]",1,2,0,e2a7ad3c-7a05-4c18-bac3-ef017ab94d38,710CL,,0,0,1606067942695,0,0
plugin_ios_activity_recognition,"[""automotive""]",1,2,0,e2a7ad3c-7a05-4c18-bac3-ef017ab94d38,710CL,,0,0,1606067947809,0,0
plugin_ios_activity_recognition,"[""automotive""]",1,2,0,e2a7ad3c-7a05-4c18-bac3-ef017ab94d38,710CL,,0,0,1606067985983,0,0
plugin_ios_activity_recognition,"[""automotive""]",1,2,0,e2a7ad3c-7a05-4c18-bac3-ef017ab94d38,710CL,,0,0,1606068006616,0,0
plugin_ios_activity_recognition,,0,2,0,e2a7ad3c-7a05-4c18-bac3-ef017ab94d38,710CL,,0,0,1606068009172,0,0
plugin_ios_activity_recognition,"[""automotive""]",1,2,0,e2a7ad3c-7a05-4c18-bac3-ef017ab94d38,710CL,,0,0,1606068029629,0,0
plugin_ios_activity_recognition,,0,2,0,e2a7ad3c-7a05-4c18-bac3-ef017ab94d38,710CL,,0,0,1606068052634,0,0
plugin_ios_activity_recognition,"[""automotive""]",1,2,0,e2a7ad3c-7a05-4c18-bac3-ef017ab94d38,710CL,,0,0,1606068075649,0,0
plugin_ios_activity_recognition,,0,2,0,e2a7ad3c-7a05-4c18-bac3-ef017ab94d38,710CL,,0,0,1606068080762,0,0
plugin_ios_activity_recognition,"[""automotive""]",1,2,0,e2a7ad3c-7a05-4c18-bac3-ef017ab94d38,710CL,,0,0,1606068103775,0,0
plugin_ios_activity_recognition,"[""automotive""]",1,2,0,e2a7ad3c-7a05-4c18-bac3-ef017ab94d38,710CL,,0,0,1606068108892,0,0
plugin_ios_activity_recognition,"[""automotive""]",1,2,0,e2a7ad3c-7a05-4c18-bac3-ef017ab94d38,710CL,,0,0,1606068119119,0,0
plugin_ios_activity_recognition,"[""automotive""]",1,2,0,e2a7ad3c-7a05-4c18-bac3-ef017ab94d38,710CL,,0,0,1606068139576,0,0
plugin_ios_activity_recognition,"[""automotive""]",1,2,0,e2a7ad3c-7a05-4c18-bac3-ef017ab94d38,710CL,,0,0,1606068166077,0,0
plugin_ios_activity_recognition,"[""automotive""]",1,2,0,e2a7ad3c-7a05-4c18-bac3-ef017ab94d38,710CL,,0,0,1606068183042,0,0
plugin_ios_activity_recognition,"[""automotive""]",1,2,0,e2a7ad3c-7a05-4c18-bac3-ef017ab94d38,710CL,,0,0,1606068216281,0,0
plugin_ios_activity_recognition,"[""automotive""]",1,2,0,e2a7ad3c-7a05-4c18-bac3-ef017ab94d38,710CL,,0,0,1606068226509,0,0
plugin_ios_activity_recognition,"[""stationary"",""automotive""]",1,2,0,e2a7ad3c-7a05-4c18-bac3-ef017ab94d38,710CL,,0,1,1606068266777,0,0
plugin_ios_activity_recognition,"[""automotive""]",1,2,0,e2a7ad3c-7a05-4c18-bac3-ef017ab94d38,710CL,,0,0,1606068269978,0,0
plugin_ios_activity_recognition,"[""automotive""]",1,2,0,e2a7ad3c-7a05-4c18-bac3-ef017ab94d38,710CL,,0,0,1606068287884,0,0
plugin_ios_activity_recognition,,0,2,0,e2a7ad3c-7a05-4c18-bac3-ef017ab94d38,710CL,,0,0,1606068326238,0,0
plugin_ios_activity_recognition,"[""walking""]",0,1,0,e2a7ad3c-7a05-4c18-bac3-ef017ab94d38,710CL,,0,0,1606068328795,0,1
plugin_ios_activity_recognition,"[""walking""]",0,2,0,e2a7ad3c-7a05-4c18-bac3-ef017ab94d38,710CL,,0,0,1606068333907,0,1
plugin_ios_activity_recognition,"[""walking""]",0,2,0,e2a7ad3c-7a05-4c18-bac3-ef017ab94d38,710CL,,0,0,1606068345991,0,1
plugin_ios_activity_recognition,"[""stationary""]",0,2,0,e2a7ad3c-7a05-4c18-bac3-ef017ab94d38,710CL,,0,1,1606068366179,0,0
plugin_ios_activity_recognition,"[""stationary""]",0,2,0,e2a7ad3c-7a05-4c18-bac3-ef017ab94d38,710CL,,0,1,1606068525992,0,0
plugin_ios_activity_recognition,"[""stationary""]",0,2,0,e2a7ad3c-7a05-4c18-bac3-ef017ab94d38,710CL,supplement,0,1,1606068705992,0,0
plugin_ios_activity_recognition,"[""stationary""]",0,2,0,e2a7ad3c-7a05-4c18-bac3-ef017ab94d38,710CL,,0,1,1606068705994,0,0
plugin_ios_activity_recognition,"[""stationary""]",0,2,0,e2a7ad3c-7a05-4c18-bac3-ef017ab94d38,710CL,supplement,0,1,1606068885992,0,0
plugin_ios_activity_recognition,"[""stationary""]",0,2,0,e2a7ad3c-7a05-4c18-bac3-ef017ab94d38,710CL,supplement,0,1,1606068885994,0,0
plugin_ios_activity_recognition,"[""stationary""]",0,2,0,e2a7ad3c-7a05-4c18-bac3-ef017ab94d38,710CL,,0,1,1606068886087,0,0
plugin_ios_activity_recognition,"[""stationary""]",0,2,0,e2a7ad3c-7a05-4c18-bac3-ef017ab94d38,710CL,supplement,0,1,1606069065994,0,0
plugin_ios_activity_recognition,"[""stationary""]",0,2,0,e2a7ad3c-7a05-4c18-bac3-ef017ab94d38,710CL,,0,1,1606069065999,0,0
plugin_ios_activity_recognition,,0,2,0,e2a7ad3c-7a05-4c18-bac3-ef017ab94d38,710CL,,0,0,1606069228125,0,0
plugin_ios_activity_recognition,"[""walking""]",0,1,0,e2a7ad3c-7a05-4c18-bac3-ef017ab94d38,710CL,,0,0,1606069232605,0,1
plugin_ios_activity_recognition,"[""walking""]",0,2,0,e2a7ad3c-7a05-4c18-bac3-ef017ab94d38,710CL,,0,0,1606069242827,0,1
plugin_ios_activity_recognition,"[""walking""]",0,2,0,e2a7ad3c-7a05-4c18-bac3-ef017ab94d38,710CL,,0,0,1606069246002,0,1
plugin_ios_activity_recognition,,0,2,0,e2a7ad3c-7a05-4c18-bac3-ef017ab94d38,710CL,,0,0,1606069301628,0,0
plugin_ios_activity_recognition,"[""walking""]",0,1,0,e2a7ad3c-7a05-4c18-bac3-ef017ab94d38,710CL,,0,0,1606069337414,0,1
plugin_ios_activity_recognition,"[""stationary""]",0,2,0,e2a7ad3c-7a05-4c18-bac3-ef017ab94d38,710CL,,0,1,1606069340922,0,0
plugin_ios_activity_recognition,"[""walking""]",0,2,0,e2a7ad3c-7a05-4c18-bac3-ef017ab94d38,710CL,,0,0,1606069345377,0,1
plugin_ios_activity_recognition,"[""stationary""]",0,2,0,e2a7ad3c-7a05-4c18-bac3-ef017ab94d38,710CL,,0,1,1606069352096,0,0
plugin_ios_activity_recognition,"[""walking""]",0,2,0,e2a7ad3c-7a05-4c18-bac3-ef017ab94d38,710CL,,0,0,1606069360695,0,1
plugin_ios_activity_recognition,"[""stationary""]",0,2,0,e2a7ad3c-7a05-4c18-bac3-ef017ab94d38,710CL,,0,1,1606069368039,0,0
plugin_ios_activity_recognition,"[""walking""]",0,2,0,e2a7ad3c-7a05-4c18-bac3-ef017ab94d38,710CL,,0,0,1606069372818,0,1
plugin_ios_activity_recognition,,0,2,0,e2a7ad3c-7a05-4c18-bac3-ef017ab94d38,710CL,,0,0,1606069391019,0,0
plugin_ios_activity_recognition,,0,2,0,e2a7ad3c-7a05-4c18-bac3-ef017ab94d38,710CL,,0,0,1606069426050,0,0
plugin_ios_activity_recognition,"[""stationary""]",0,2,0,e2a7ad3c-7a05-4c18-bac3-ef017ab94d38,710CL,,0,1,1606069470782,0,0
plugin_ios_activity_recognition,,0,2,0,e2a7ad3c-7a05-4c18-bac3-ef017ab94d38,710CL,,0,0,1606069479069,0,0
plugin_ios_activity_recognition,,0,2,0,e2a7ad3c-7a05-4c18-bac3-ef017ab94d38,710CL,,0,0,1606069606144,0,0
plugin_ios_activity_recognition,"[""running""]",0,2,0,e2a7ad3c-7a05-4c18-bac3-ef017ab94d38,710CL,,1,0,1606069654044,0,0
plugin_ios_activity_recognition,,0,2,0,e2a7ad3c-7a05-4c18-bac3-ef017ab94d38,710CL,,0,0,1606069656601,0,0
plugin_ios_activity_recognition,"[""running""]",0,2,0,e2a7ad3c-7a05-4c18-bac3-ef017ab94d38,710CL,,1,0,1606069733161,0,0
plugin_ios_activity_recognition,,0,2,0,e2a7ad3c-7a05-4c18-bac3-ef017ab94d38,710CL,,0,0,1606069735713,0,0
plugin_ios_activity_recognition,,0,2,0,e2a7ad3c-7a05-4c18-bac3-ef017ab94d38,710CL,,0,0,1606069786058,0,0
plugin_ios_activity_recognition,"[""walking""]",0,1,0,e2a7ad3c-7a05-4c18-bac3-ef017ab94d38,710CL,,0,0,1606069791895,0,1
plugin_ios_activity_recognition,"[""walking""]",0,2,0,e2a7ad3c-7a05-4c18-bac3-ef017ab94d38,710CL,,0,0,1606069807231,0,1
plugin_ios_activity_recognition,"[""stationary""]",0,2,0,e2a7ad3c-7a05-4c18-bac3-ef017ab94d38,710CL,,0,1,1606069813614,0,0
plugin_ios_activity_recognition,,0,2,0,e2a7ad3c-7a05-4c18-bac3-ef017ab94d38,710CL,,0,0,1606069894680,0,0
plugin_ios_activity_recognition,"[""stationary""]",0,2,0,e2a7ad3c-7a05-4c18-bac3-ef017ab94d38,710CL,,0,1,1606069900099,0,0
plugin_ios_activity_recognition,"[""stationary""]",0,2,0,e2a7ad3c-7a05-4c18-bac3-ef017ab94d38,710CL,,0,1,1606069966058,0,0
plugin_ios_activity_recognition,"[""stationary""]",0,2,0,e2a7ad3c-7a05-4c18-bac3-ef017ab94d38,710CL,supplement,0,1,1606070146058,0,0
plugin_ios_activity_recognition,"[""stationary""]",0,2,0,e2a7ad3c-7a05-4c18-bac3-ef017ab94d38,710CL,,0,1,1606070146066,0,0
plugin_ios_activity_recognition,"[""stationary""]",0,2,0,e2a7ad3c-7a05-4c18-bac3-ef017ab94d38,710CL,supplement,0,1,1606070326058,0,0
plugin_ios_activity_recognition,"[""stationary""]",0,2,0,e2a7ad3c-7a05-4c18-bac3-ef017ab94d38,710CL,supplement,0,1,1606070326066,0,0
plugin_ios_activity_recognition,"[""stationary""]",0,2,0,e2a7ad3c-7a05-4c18-bac3-ef017ab94d38,710CL,,0,1,1606070326155,0,0
plugin_ios_activity_recognition,"[""stationary""]",0,2,0,e2a7ad3c-7a05-4c18-bac3-ef017ab94d38,710CL,supplement,0,1,1606070506066,0,0
plugin_ios_activity_recognition,"[""stationary""]",0,2,0,e2a7ad3c-7a05-4c18-bac3-ef017ab94d38,710CL,,0,1,1606070506122,0,0
plugin_ios_activity_recognition,,0,2,0,e2a7ad3c-7a05-4c18-bac3-ef017ab94d38,710CL,,0,0,1606070529624,0,0
plugin_ios_activity_recognition,"[""walking""]",0,2,0,e2a7ad3c-7a05-4c18-bac3-ef017ab94d38,710CL,,0,0,1606070565737,0,1
plugin_ios_activity_recognition,"[""stationary""]",0,2,0,e2a7ad3c-7a05-4c18-bac3-ef017ab94d38,710CL,,0,1,1606070606948,0,0
plugin_ios_activity_recognition,"[""stationary""]",0,2,0,e2a7ad3c-7a05-4c18-bac3-ef017ab94d38,710CL,,0,1,1606070686073,0,0
plugin_ios_activity_recognition,"[""stationary""]",0,2,0,e2a7ad3c-7a05-4c18-bac3-ef017ab94d38,710CL,supplement,0,1,1606070866073,0,0
plugin_ios_activity_recognition,"[""stationary""]",0,2,0,e2a7ad3c-7a05-4c18-bac3-ef017ab94d38,710CL,,0,1,1606070866082,0,0
plugin_ios_activity_recognition,"[""stationary""]",0,2,0,e2a7ad3c-7a05-4c18-bac3-ef017ab94d38,710CL,supplement,0,1,1606071046073,0,0
plugin_ios_activity_recognition,"[""stationary""]",0,2,0,e2a7ad3c-7a05-4c18-bac3-ef017ab94d38,710CL,supplement,0,1,1606071046082,0,0
plugin_ios_activity_recognition,"[""stationary""]",0,2,0,e2a7ad3c-7a05-4c18-bac3-ef017ab94d38,710CL,,0,1,1606071046174,0,0
plugin_ios_activity_recognition,"[""stationary""]",0,2,0,e2a7ad3c-7a05-4c18-bac3-ef017ab94d38,710CL,,0,1,1606071226082,0,0
plugin_ios_activity_recognition,"[""stationary""]",0,2,0,e2a7ad3c-7a05-4c18-bac3-ef017ab94d38,710CL,,0,1,1606071406082,0,0
plugin_ios_activity_recognition,"[""stationary""]",0,2,0,e2a7ad3c-7a05-4c18-bac3-ef017ab94d38,710CL,supplement,0,1,1606071586082,0,0
plugin_ios_activity_recognition,"[""stationary""]",0,2,0,e2a7ad3c-7a05-4c18-bac3-ef017ab94d38,710CL,,0,1,1606071586088,0,0
plugin_ios_activity_recognition,"[""stationary""]",0,2,0,e2a7ad3c-7a05-4c18-bac3-ef017ab94d38,710CL,supplement,0,1,1606071766082,0,0
plugin_ios_activity_recognition,"[""stationary""]",0,2,0,e2a7ad3c-7a05-4c18-bac3-ef017ab94d38,710CL,supplement,0,1,1606071766088,0,0
plugin_ios_activity_recognition,"[""stationary""]",0,2,0,e2a7ad3c-7a05-4c18-bac3-ef017ab94d38,710CL,,0,1,1606071766180,0,0
plugin_ios_activity_recognition,,0,2,0,e2a7ad3c-7a05-4c18-bac3-ef017ab94d38,710CL,,0,0,1606071889482,0,0
plugin_ios_activity_recognition,"[""stationary""]",0,2,0,e2a7ad3c-7a05-4c18-bac3-ef017ab94d38,710CL,supplement,0,1,1606071946088,0,0
plugin_ios_activity_recognition,,0,2,0,e2a7ad3c-7a05-4c18-bac3-ef017ab94d38,710CL,,0,0,1606071946099,0,0
plugin_ios_activity_recognition,"[""stationary""]",0,2,0,e2a7ad3c-7a05-4c18-bac3-ef017ab94d38,710CL,,0,1,1606072043473,0,0
plugin_ios_activity_recognition,,0,2,0,e2a7ad3c-7a05-4c18-bac3-ef017ab94d38,710CL,,0,0,1606072050169,0,0
plugin_ios_activity_recognition,"[""stationary""]",0,2,0,e2a7ad3c-7a05-4c18-bac3-ef017ab94d38,710CL,,0,1,1606072061348,0,0
plugin_ios_activity_recognition,,0,2,0,e2a7ad3c-7a05-4c18-bac3-ef017ab94d38,710CL,,0,0,1606072063260,0,0
plugin_ios_activity_recognition,"[""stationary""]",0,2,0,e2a7ad3c-7a05-4c18-bac3-ef017ab94d38,710CL,,0,1,1606072081465,0,0
plugin_ios_activity_recognition,,0,2,0,e2a7ad3c-7a05-4c18-bac3-ef017ab94d38,710CL,,0,0,1606072082428,0,0
plugin_ios_activity_recognition,,0,2,0,e2a7ad3c-7a05-4c18-bac3-ef017ab94d38,710CL,,0,0,1606072126100,0,0
plugin_ios_activity_recognition,"[""stationary""]",0,2,0,e2a7ad3c-7a05-4c18-bac3-ef017ab94d38,710CL,,0,1,1606072139584,0,0
plugin_ios_activity_recognition,,0,2,0,e2a7ad3c-7a05-4c18-bac3-ef017ab94d38,710CL,,0,0,1606072139904,0,0
plugin_ios_activity_recognition,"[""stationary""]",0,2,0,e2a7ad3c-7a05-4c18-bac3-ef017ab94d38,710CL,,0,1,1606072265774,0,0
plugin_ios_activity_recognition,,0,2,0,e2a7ad3c-7a05-4c18-bac3-ef017ab94d38,710CL,,0,0,1606072267367,0,0
plugin_ios_activity_recognition,"[""stationary""]",0,2,0,e2a7ad3c-7a05-4c18-bac3-ef017ab94d38,710CL,,0,1,1606072294488,0,0
plugin_ios_activity_recognition,,0,2,0,e2a7ad3c-7a05-4c18-bac3-ef017ab94d38,710CL,,0,0,1606072301832,0,0
plugin_ios_activity_recognition,,0,2,0,e2a7ad3c-7a05-4c18-bac3-ef017ab94d38,710CL,,0,0,1606072306102,0,0
plugin_ios_activity_recognition,"[""stationary""]",0,2,0,e2a7ad3c-7a05-4c18-bac3-ef017ab94d38,710CL,,0,1,1606072345916,0,0
plugin_ios_activity_recognition,,0,2,0,e2a7ad3c-7a05-4c18-bac3-ef017ab94d38,710CL,,0,0,1606072347190,0,0
plugin_ios_activity_recognition,"[""stationary""]",0,2,0,e2a7ad3c-7a05-4c18-bac3-ef017ab94d38,710CL,,0,1,1606072360909,0,0
plugin_ios_activity_recognition,,0,2,0,e2a7ad3c-7a05-4c18-bac3-ef017ab94d38,710CL,,0,0,1606072365698,0,0
plugin_ios_activity_recognition,"[""stationary""]",0,2,0,e2a7ad3c-7a05-4c18-bac3-ef017ab94d38,710CL,,0,1,1606072421871,0,0
plugin_ios_activity_recognition,,0,2,0,e2a7ad3c-7a05-4c18-bac3-ef017ab94d38,710CL,,0,0,1606072425386,0,0
plugin_ios_activity_recognition,"[""stationary""]",0,2,0,e2a7ad3c-7a05-4c18-bac3-ef017ab94d38,710CL,,0,1,1606072443267,0,0
plugin_ios_activity_recognition,,0,2,0,e2a7ad3c-7a05-4c18-bac3-ef017ab94d38,710CL,,0,0,1606072443901,0,0
plugin_ios_activity_recognition,"[""stationary""]",0,2,0,e2a7ad3c-7a05-4c18-bac3-ef017ab94d38,710CL,,0,1,1606072454751,0,0
plugin_ios_activity_recognition,,0,2,0,e2a7ad3c-7a05-4c18-bac3-ef017ab94d38,710CL,,0,0,1606072456024,0,0
plugin_ios_activity_recognition,,0,2,0,e2a7ad3c-7a05-4c18-bac3-ef017ab94d38,710CL,,0,0,1606072486194,0,0
plugin_ios_activity_recognition,"[""stationary""]",0,2,0,e2a7ad3c-7a05-4c18-bac3-ef017ab94d38,710CL,,0,1,1606072493379,0,0
plugin_ios_activity_recognition,,0,2,0,e2a7ad3c-7a05-4c18-bac3-ef017ab94d38,710CL,,0,0,1606072500724,0,0
plugin_ios_activity_recognition,"[""stationary""]",0,2,0,e2a7ad3c-7a05-4c18-bac3-ef017ab94d38,710CL,,0,1,1606072551500,0,0
plugin_ios_activity_recognition,,0,2,0,e2a7ad3c-7a05-4c18-bac3-ef017ab94d38,710CL,,0,0,1606072559488,0,0
plugin_ios_activity_recognition,"[""stationary""]",0,2,0,e2a7ad3c-7a05-4c18-bac3-ef017ab94d38,710CL,,0,1,1606072564271,0,0
plugin_ios_activity_recognition,,0,2,0,e2a7ad3c-7a05-4c18-bac3-ef017ab94d38,710CL,,0,0,1606072566498,0,0
plugin_ios_activity_recognition,"[""stationary""]",0,2,0,e2a7ad3c-7a05-4c18-bac3-ef017ab94d38,710CL,,0,1,1606072574163,0,0
plugin_ios_activity_recognition,,0,2,0,e2a7ad3c-7a05-4c18-bac3-ef017ab94d38,710CL,,0,0,1606072583737,0,0
plugin_ios_activity_recognition,"[""stationary""]",0,2,0,e2a7ad3c-7a05-4c18-bac3-ef017ab94d38,710CL,,0,1,1606072629715,0,0
plugin_ios_activity_recognition,,0,2,0,e2a7ad3c-7a05-4c18-bac3-ef017ab94d38,710CL,,0,0,1606072633541,0,0
plugin_ios_activity_recognition,,0,2,0,e2a7ad3c-7a05-4c18-bac3-ef017ab94d38,710CL,,0,0,1606072666134,0,0
plugin_ios_activity_recognition,"[""stationary""]",0,2,0,e2a7ad3c-7a05-4c18-bac3-ef017ab94d38,710CL,,0,1,1606072674758,0,0
plugin_ios_activity_recognition,,0,2,0,e2a7ad3c-7a05-4c18-bac3-ef017ab94d38,710CL,,0,0,1606072676990,0,0
plugin_ios_activity_recognition,"[""stationary""]",0,2,0,e2a7ad3c-7a05-4c18-bac3-ef017ab94d38,710CL,,0,1,1606072697109,0,0
plugin_ios_activity_recognition,,0,2,0,e2a7ad3c-7a05-4c18-bac3-ef017ab94d38,710CL,,0,0,1606072698067,0,0
plugin_ios_activity_recognition,"[""stationary""]",0,2,0,e2a7ad3c-7a05-4c18-bac3-ef017ab94d38,710CL,,0,1,1606072750135,0,0
plugin_ios_activity_recognition,,0,2,0,e2a7ad3c-7a05-4c18-bac3-ef017ab94d38,710CL,,0,0,1606072759377,0,0
plugin_ios_activity_recognition,"[""stationary""]",0,2,0,e2a7ad3c-7a05-4c18-bac3-ef017ab94d38,710CL,,0,1,1606072779182,0,0
plugin_ios_activity_recognition,,0,2,0,e2a7ad3c-7a05-4c18-bac3-ef017ab94d38,710CL,,0,0,1606072782377,0,0
plugin_ios_activity_recognition,"[""stationary""]",0,2,0,e2a7ad3c-7a05-4c18-bac3-ef017ab94d38,710CL,,0,1,1606072786528,0,0
plugin_ios_activity_recognition,,0,2,0,e2a7ad3c-7a05-4c18-bac3-ef017ab94d38,710CL,,0,0,1606072787490,0,0
plugin_ios_activity_recognition,"[""stationary""]",0,2,0,e2a7ad3c-7a05-4c18-bac3-ef017ab94d38,710CL,,0,1,1606072795796,0,0
plugin_ios_activity_recognition,,0,2,0,e2a7ad3c-7a05-4c18-bac3-ef017ab94d38,710CL,,0,0,1606072798342,0,0
plugin_ios_activity_recognition,"[""stationary""]",0,2,0,e2a7ad3c-7a05-4c18-bac3-ef017ab94d38,710CL,,0,1,1606072811433,0,0
plugin_ios_activity_recognition,,0,2,0,e2a7ad3c-7a05-4c18-bac3-ef017ab94d38,710CL,,0,0,1606072815910,0,0
plugin_ios_activity_recognition,,0,2,0,e2a7ad3c-7a05-4c18-bac3-ef017ab94d38,710CL,,0,0,1606072846107,0,0
plugin_ios_activity_recognition,"[""walking""]",0,1,0,e2a7ad3c-7a05-4c18-bac3-ef017ab94d38,710CL,,0,0,1606072951093,0,1
plugin_ios_activity_recognition,,0,2,0,e2a7ad3c-7a05-4c18-bac3-ef017ab94d38,710CL,,0,0,1606072958761,0,0
plugin_ios_activity_recognition,"[""stationary""]",0,2,0,e2a7ad3c-7a05-4c18-bac3-ef017ab94d38,710CL,,0,1,1606072963221,0,0
plugin_ios_activity_recognition,,0,2,0,e2a7ad3c-7a05-4c18-bac3-ef017ab94d38,710CL,,0,0,1606072963864,0,0
plugin_ios_activity_recognition,"[""stationary""]",0,2,0,e2a7ad3c-7a05-4c18-bac3-ef017ab94d38,710CL,,0,1,1606072976308,0,0
plugin_ios_activity_recognition,"[""stationary""]",0,2,0,e2a7ad3c-7a05-4c18-bac3-ef017ab94d38,710CL,,0,1,1606073026111,0,0
plugin_ios_activity_recognition,,0,2,0,e2a7ad3c-7a05-4c18-bac3-ef017ab94d38,710CL,,0,0,1606073062486,0,0
plugin_ios_activity_recognition,"[""walking""]",0,1,0,e2a7ad3c-7a05-4c18-bac3-ef017ab94d38,710CL,,0,0,1606073066004,0,1
plugin_ios_activity_recognition,"[""walking""]",0,2,0,e2a7ad3c-7a05-4c18-bac3-ef017ab94d38,710CL,,0,0,1606073071121,0,1
plugin_ios_activity_recognition,,0,2,0,e2a7ad3c-7a05-4c18-bac3-ef017ab94d38,710CL,,0,0,1606073122251,0,0
plugin_ios_activity_recognition,"[""stationary""]",0,2,0,e2a7ad3c-7a05-4c18-bac3-ef017ab94d38,710CL,,0,1,1606073135349,0,0
plugin_ios_activity_recognition,"[""stationary""]",0,2,0,e2a7ad3c-7a05-4c18-bac3-ef017ab94d38,710CL,,0,1,1606073206177,0,0
plugin_ios_activity_recognition,"[""stationary""]",0,2,0,e2a7ad3c-7a05-4c18-bac3-ef017ab94d38,710CL,,0,1,1606073386094,0,0
plugin_ios_activity_recognition,"[""stationary""]",0,2,0,e2a7ad3c-7a05-4c18-bac3-ef017ab94d38,710CL,,0,1,1606073566092,0,0
plugin_ios_activity_recognition,,0,2,0,e2a7ad3c-7a05-4c18-bac3-ef017ab94d38,710CL,,0,0,1606073644758,0,0
plugin_ios_activity_recognition,"[""stationary""]",0,2,0,e2a7ad3c-7a05-4c18-bac3-ef017ab94d38,710CL,,0,1,1606073648587,0,0
plugin_ios_activity_recognition,"[""stationary""]",0,2,0,e2a7ad3c-7a05-4c18-bac3-ef017ab94d38,710CL,,0,1,1606073746098,0,0
plugin_ios_activity_recognition,"[""stationary""]",0,2,0,e2a7ad3c-7a05-4c18-bac3-ef017ab94d38,710CL,supplement,0,1,1606073926098,0,0
plugin_ios_activity_recognition,"[""stationary""]",0,2,0,e2a7ad3c-7a05-4c18-bac3-ef017ab94d38,710CL,,0,1,1606073926184,0,0
plugin_ios_activity_recognition,"[""stationary""]",0,2,0,e2a7ad3c-7a05-4c18-bac3-ef017ab94d38,710CL,supplement,0,1,1606074106098,0,0
plugin_ios_activity_recognition,"[""stationary""]",0,2,0,e2a7ad3c-7a05-4c18-bac3-ef017ab94d38,710CL,,0,1,1606074106101,0,0
plugin_ios_activity_recognition,"[""stationary""]",0,2,0,e2a7ad3c-7a05-4c18-bac3-ef017ab94d38,710CL,supplement,0,1,1606074286101,0,0
plugin_ios_activity_recognition,"[""stationary""]",0,2,0,e2a7ad3c-7a05-4c18-bac3-ef017ab94d38,710CL,,0,1,1606074286102,0,0
plugin_ios_activity_recognition,"[""stationary""]",0,2,0,e2a7ad3c-7a05-4c18-bac3-ef017ab94d38,710CL,supplement,0,1,1606074466101,0,0
plugin_ios_activity_recognition,"[""stationary""]",0,2,0,e2a7ad3c-7a05-4c18-bac3-ef017ab94d38,710CL,supplement,0,1,1606074466102,0,0
plugin_ios_activity_recognition,"[""stationary""]",0,2,0,e2a7ad3c-7a05-4c18-bac3-ef017ab94d38,710CL,,0,1,1606074466106,0,0
plugin_ios_activity_recognition,"[""stationary""]",0,2,0,e2a7ad3c-7a05-4c18-bac3-ef017ab94d38,710CL,supplement,0,1,1606074646102,0,0
plugin_ios_activity_recognition,"[""stationary""]",0,2,0,e2a7ad3c-7a05-4c18-bac3-ef017ab94d38,710CL,supplement,0,1,1606074646106,0,0
plugin_ios_activity_recognition,"[""stationary""]",0,2,0,e2a7ad3c-7a05-4c18-bac3-ef017ab94d38,710CL,,0,1,1606074646191,0,0
plugin_ios_activity_recognition,"[""stationary""]",0,2,0,e2a7ad3c-7a05-4c18-bac3-ef017ab94d38,710CL,supplement,0,1,1606074826106,0,0
plugin_ios_activity_recognition,"[""stationary""]",0,2,0,e2a7ad3c-7a05-4c18-bac3-ef017ab94d38,710CL,,0,1,1606074826109,0,0
plugin_ios_activity_recognition,"[""stationary""]",0,2,0,e2a7ad3c-7a05-4c18-bac3-ef017ab94d38,710CL,supplement,0,1,1606075006109,0,0
plugin_ios_activity_recognition,"[""stationary""]",0,2,0,e2a7ad3c-7a05-4c18-bac3-ef017ab94d38,710CL,,0,1,1606075006121,0,0
plugin_ios_activity_recognition,"[""stationary""]",0,2,0,e2a7ad3c-7a05-4c18-bac3-ef017ab94d38,710CL,supplement,0,1,1606075186109,0,0
plugin_ios_activity_recognition,"[""stationary""]",0,2,0,e2a7ad3c-7a05-4c18-bac3-ef017ab94d38,710CL,supplement,0,1,1606075186121,0,0
plugin_ios_activity_recognition,"[""stationary""]",0,2,0,e2a7ad3c-7a05-4c18-bac3-ef017ab94d38,710CL,,0,1,1606075186124,0,0
plugin_ios_activity_recognition,"[""stationary""]",0,2,0,e2a7ad3c-7a05-4c18-bac3-ef017ab94d38,710CL,supplement,0,1,1606075366121,0,0
plugin_ios_activity_recognition,"[""stationary""]",0,2,0,e2a7ad3c-7a05-4c18-bac3-ef017ab94d38,710CL,supplement,0,1,1606075366124,0,0
plugin_ios_activity_recognition,"[""stationary""]",0,2,0,e2a7ad3c-7a05-4c18-bac3-ef017ab94d38,710CL,,0,1,1606075366210,0,0
plugin_ios_activity_recognition,"[""stationary""]",0,2,0,e2a7ad3c-7a05-4c18-bac3-ef017ab94d38,710CL,supplement,0,1,1606075546124,0,0
plugin_ios_activity_recognition,"[""stationary""]",0,2,0,e2a7ad3c-7a05-4c18-bac3-ef017ab94d38,710CL,,0,1,1606075546129,0,0
plugin_ios_activity_recognition,"[""stationary""]",0,2,0,e2a7ad3c-7a05-4c18-bac3-ef017ab94d38,710CL,supplement,0,1,1606075726129,0,0
plugin_ios_activity_recognition,"[""stationary""]",0,2,0,e2a7ad3c-7a05-4c18-bac3-ef017ab94d38,710CL,,0,1,1606075726132,0,0
plugin_ios_activity_recognition,"[""stationary""]",0,2,0,e2a7ad3c-7a05-4c18-bac3-ef017ab94d38,710CL,supplement,0,1,1606075906129,0,0
plugin_ios_activity_recognition,"[""stationary""]",0,2,0,e2a7ad3c-7a05-4c18-bac3-ef017ab94d38,710CL,supplement,0,1,1606075906132,0,0
plugin_ios_activity_recognition,"[""stationary""]",0,2,0,e2a7ad3c-7a05-4c18-bac3-ef017ab94d38,710CL,,0,1,1606075906133,0,0
plugin_ios_activity_recognition,"[""stationary""]",0,2,0,e2a7ad3c-7a05-4c18-bac3-ef017ab94d38,710CL,supplement,0,1,1606076086132,0,0
plugin_ios_activity_recognition,"[""stationary""]",0,2,0,e2a7ad3c-7a05-4c18-bac3-ef017ab94d38,710CL,supplement,0,1,1606076086133,0,0
plugin_ios_activity_recognition,"[""stationary""]",0,2,0,e2a7ad3c-7a05-4c18-bac3-ef017ab94d38,710CL,,0,1,1606076086218,0,0
plugin_ios_activity_recognition,"[""stationary""]",0,2,0,e2a7ad3c-7a05-4c18-bac3-ef017ab94d38,710CL,supplement,0,1,1606076266133,0,0
plugin_ios_activity_recognition,"[""stationary""]",0,2,0,e2a7ad3c-7a05-4c18-bac3-ef017ab94d38,710CL,,0,1,1606076266140,0,0
plugin_ios_activity_recognition,"[""stationary""]",0,2,0,e2a7ad3c-7a05-4c18-bac3-ef017ab94d38,710CL,,0,1,1606076446139,0,0
plugin_ios_activity_recognition,"[""stationary""]",0,2,0,e2a7ad3c-7a05-4c18-bac3-ef017ab94d38,710CL,supplement,0,1,1606076626139,0,0
plugin_ios_activity_recognition,"[""stationary""]",0,2,0,e2a7ad3c-7a05-4c18-bac3-ef017ab94d38,710CL,,0,1,1606076626145,0,0
plugin_ios_activity_recognition,"[""stationary""]",0,2,0,e2a7ad3c-7a05-4c18-bac3-ef017ab94d38,710CL,supplement,0,1,1606076806139,0,0
plugin_ios_activity_recognition,"[""stationary""]",0,2,0,e2a7ad3c-7a05-4c18-bac3-ef017ab94d38,710CL,supplement,0,1,1606076806145,0,0
plugin_ios_activity_recognition,"[""stationary""]",0,2,0,e2a7ad3c-7a05-4c18-bac3-ef017ab94d38,710CL,,0,1,1606076806228,0,0
plugin_ios_activity_recognition,"[""stationary""]",0,2,0,e2a7ad3c-7a05-4c18-bac3-ef017ab94d38,710CL,supplement,0,1,1606076986145,0,0
plugin_ios_activity_recognition,"[""stationary""]",0,2,0,e2a7ad3c-7a05-4c18-bac3-ef017ab94d38,710CL,,0,1,1606076986148,0,0
plugin_ios_activity_recognition,"[""stationary""]",0,2,0,e2a7ad3c-7a05-4c18-bac3-ef017ab94d38,710CL,supplement,0,1,1606077166148,0,0
plugin_ios_activity_recognition,"[""stationary""]",0,2,0,e2a7ad3c-7a05-4c18-bac3-ef017ab94d38,710CL,,0,1,1606077166150,0,0
plugin_ios_activity_recognition,"[""stationary""]",0,2,0,e2a7ad3c-7a05-4c18-bac3-ef017ab94d38,710CL,supplement,0,1,1606077346148,0,0
plugin_ios_activity_recognition,"[""stationary""]",0,2,0,e2a7ad3c-7a05-4c18-bac3-ef017ab94d38,710CL,supplement,0,1,1606077346150,0,0
plugin_ios_activity_recognition,"[""stationary""]",0,2,0,e2a7ad3c-7a05-4c18-bac3-ef017ab94d38,710CL,,0,1,1606077346154,0,0
plugin_ios_activity_recognition,"[""stationary""]",0,2,0,e2a7ad3c-7a05-4c18-bac3-ef017ab94d38,710CL,supplement,0,1,1606077526150,0,0
plugin_ios_activity_recognition,"[""stationary""]",0,2,0,e2a7ad3c-7a05-4c18-bac3-ef017ab94d38,710CL,supplement,0,1,1606077526154,0,0
plugin_ios_activity_recognition,"[""stationary""]",0,2,0,e2a7ad3c-7a05-4c18-bac3-ef017ab94d38,710CL,,0,1,1606077526204,0,0
plugin_ios_activity_recognition,"[""stationary""]",0,2,0,e2a7ad3c-7a05-4c18-bac3-ef017ab94d38,710CL,supplement,0,1,1606077706154,0,0
plugin_ios_activity_recognition,"[""stationary""]",0,2,0,e2a7ad3c-7a05-4c18-bac3-ef017ab94d38,710CL,,0,1,1606077706159,0,0
plugin_ios_activity_recognition,"[""stationary""]",0,2,0,e2a7ad3c-7a05-4c18-bac3-ef017ab94d38,710CL,supplement,0,1,1606077886159,0,0
plugin_ios_activity_recognition,"[""stationary""]",0,2,0,e2a7ad3c-7a05-4c18-bac3-ef017ab94d38,710CL,,0,1,1606077886161,0,0
plugin_ios_activity_recognition,"[""stationary""]",0,2,0,e2a7ad3c-7a05-4c18-bac3-ef017ab94d38,710CL,supplement,0,1,1606078066159,0,0
plugin_ios_activity_recognition,"[""stationary""]",0,2,0,e2a7ad3c-7a05-4c18-bac3-ef017ab94d38,710CL,supplement,0,1,1606078066161,0,0
plugin_ios_activity_recognition,"[""stationary""]",0,2,0,e2a7ad3c-7a05-4c18-bac3-ef017ab94d38,710CL,,0,1,1606078066164,0,0
plugin_ios_activity_recognition,"[""stationary""]",0,2,0,e2a7ad3c-7a05-4c18-bac3-ef017ab94d38,710CL,supplement,0,1,1606078246161,0,0
plugin_ios_activity_recognition,"[""stationary""]",0,2,0,e2a7ad3c-7a05-4c18-bac3-ef017ab94d38,710CL,supplement,0,1,1606078246164,0,0
plugin_ios_activity_recognition,"[""stationary""]",0,2,0,e2a7ad3c-7a05-4c18-bac3-ef017ab94d38,710CL,,0,1,1606078246246,0,0
plugin_ios_activity_recognition,"[""stationary""]",0,2,0,e2a7ad3c-7a05-4c18-bac3-ef017ab94d38,710CL,supplement,0,1,1606078426164,0,0
plugin_ios_activity_recognition,"[""stationary""]",0,2,0,e2a7ad3c-7a05-4c18-bac3-ef017ab94d38,710CL,,0,1,1606078426170,0,0
plugin_ios_activity_recognition,,0,2,0,e2a7ad3c-7a05-4c18-bac3-ef017ab94d38,710CL,,0,0,1606078563083,0,0
plugin_ios_activity_recognition,"[""walking""]",0,1,0,e2a7ad3c-7a05-4c18-bac3-ef017ab94d38,710CL,,0,0,1606078568518,0,1
plugin_ios_activity_recognition,"[""walking""]",0,2,0,e2a7ad3c-7a05-4c18-bac3-ef017ab94d38,710CL,,0,0,1606078574262,0,1
plugin_ios_activity_recognition,"[""walking""]",0,2,0,e2a7ad3c-7a05-4c18-bac3-ef017ab94d38,710CL,,0,0,1606078606171,0,1
plugin_ios_activity_recognition,"[""stationary""]",0,2,0,e2a7ad3c-7a05-4c18-bac3-ef017ab94d38,710CL,,0,1,1606078611656,0,0
plugin_ios_activity_recognition,"[""stationary""]",0,2,0,e2a7ad3c-7a05-4c18-bac3-ef017ab94d38,710CL,,0,1,1606078786160,0,0
plugin_ios_activity_recognition,"[""stationary""]",0,2,0,e2a7ad3c-7a05-4c18-bac3-ef017ab94d38,710CL,supplement,0,1,1606078966160,0,0
plugin_ios_activity_recognition,"[""stationary""]",0,2,0,e2a7ad3c-7a05-4c18-bac3-ef017ab94d38,710CL,,0,1,1606078966241,0,0
plugin_ios_activity_recognition,"[""stationary""]",0,2,0,e2a7ad3c-7a05-4c18-bac3-ef017ab94d38,710CL,supplement,0,1,1606079146160,0,0
plugin_ios_activity_recognition,"[""stationary""]",0,2,0,e2a7ad3c-7a05-4c18-bac3-ef017ab94d38,710CL,,0,1,1606079146164,0,0
plugin_ios_activity_recognition,"[""stationary""]",0,2,0,e2a7ad3c-7a05-4c18-bac3-ef017ab94d38,710CL,supplement,0,1,1606079326164,0,0
plugin_ios_activity_recognition,"[""stationary""]",0,2,0,e2a7ad3c-7a05-4c18-bac3-ef017ab94d38,710CL,,0,1,1606079326165,0,0
plugin_ios_activity_recognition,,0,2,0,e2a7ad3c-7a05-4c18-bac3-ef017ab94d38,710CL,,0,0,1606079459258,0,0
plugin_ios_activity_recognition,"[""walking""]",0,1,0,e2a7ad3c-7a05-4c18-bac3-ef017ab94d38,710CL,,0,0,1606079462139,0,1
plugin_ios_activity_recognition,"[""stationary""]",0,2,0,e2a7ad3c-7a05-4c18-bac3-ef017ab94d38,710CL,,0,1,1606079475870,0,0
plugin_ios_activity_recognition,"[""walking""]",0,2,0,e2a7ad3c-7a05-4c18-bac3-ef017ab94d38,710CL,,0,0,1606079496306,0,1
plugin_ios_activity_recognition,"[""stationary""]",0,2,0,e2a7ad3c-7a05-4c18-bac3-ef017ab94d38,710CL,,0,1,1606079500136,0,0
plugin_ios_activity_recognition,"[""stationary""]",0,2,0,e2a7ad3c-7a05-4c18-bac3-ef017ab94d38,710CL,supplement,0,1,1606079506164,0,0
plugin_ios_activity_recognition,"[""stationary""]",0,2,0,e2a7ad3c-7a05-4c18-bac3-ef017ab94d38,710CL,,0,1,1606079506167,0,0
plugin_ios_activity_recognition,,0,2,0,e2a7ad3c-7a05-4c18-bac3-ef017ab94d38,710CL,,0,0,1606079685255,0,0
plugin_ios_activity_recognition,,0,2,0,e2a7ad3c-7a05-4c18-bac3-ef017ab94d38,710CL,,0,0,1606079686246,0,0
plugin_ios_activity_recognition,"[""stationary""]",0,2,0,e2a7ad3c-7a05-4c18-bac3-ef017ab94d38,710CL,,0,1,1606079689084,0,0
plugin_ios_activity_recognition,,0,2,0,e2a7ad3c-7a05-4c18-bac3-ef017ab94d38,710CL,,0,0,1606079732494,0,0
plugin_ios_activity_recognition,"[""walking""]",0,1,0,e2a7ad3c-7a05-4c18-bac3-ef017ab94d38,710CL,,0,0,1606079735376,0,1
plugin_ios_activity_recognition,"[""walking""]",0,2,0,e2a7ad3c-7a05-4c18-bac3-ef017ab94d38,710CL,,0,0,1606079740491,0,1
plugin_ios_activity_recognition,"[""stationary""]",0,2,0,e2a7ad3c-7a05-4c18-bac3-ef017ab94d38,710CL,,0,1,1606079746868,0,0
plugin_ios_activity_recognition,"[""stationary""]",0,2,0,e2a7ad3c-7a05-4c18-bac3-ef017ab94d38,710CL,,0,1,1606079866178,0,0
plugin_ios_activity_recognition,,0,2,0,e2a7ad3c-7a05-4c18-bac3-ef017ab94d38,710CL,,0,0,1606080021105,0,0
plugin_ios_activity_recognition,"[""walking""]",0,1,0,e2a7ad3c-7a05-4c18-bac3-ef017ab94d38,710CL,,0,0,1606080023984,0,1
plugin_ios_activity_recognition,"[""walking""]",0,2,0,e2a7ad3c-7a05-4c18-bac3-ef017ab94d38,710CL,,0,0,1606080031655,0,1
plugin_ios_activity_recognition,"[""walking""]",0,2,0,e2a7ad3c-7a05-4c18-bac3-ef017ab94d38,710CL,,0,0,1606080046169,0,1
plugin_ios_activity_recognition,"[""stationary""]",0,2,0,e2a7ad3c-7a05-4c18-bac3-ef017ab94d38,710CL,,0,1,1606080049550,0,0
plugin_ios_activity_recognition,"[""stationary""]",0,2,0,e2a7ad3c-7a05-4c18-bac3-ef017ab94d38,710CL,,0,1,1606080226174,0,0
plugin_ios_activity_recognition,,0,2,0,e2a7ad3c-7a05-4c18-bac3-ef017ab94d38,710CL,,0,0,1606080401662,0,0
plugin_ios_activity_recognition,,0,2,0,e2a7ad3c-7a05-4c18-bac3-ef017ab94d38,710CL,,0,0,1606080406264,0,0
plugin_ios_activity_recognition,"[""stationary""]",0,2,0,e2a7ad3c-7a05-4c18-bac3-ef017ab94d38,710CL,,0,1,1606080406451,0,0
plugin_ios_activity_recognition,,0,2,0,e2a7ad3c-7a05-4c18-bac3-ef017ab94d38,710CL,,0,0,1606080410920,0,0
plugin_ios_activity_recognition,"[""stationary""]",0,2,0,e2a7ad3c-7a05-4c18-bac3-ef017ab94d38,710CL,,0,1,1606080415069,0,0
plugin_ios_activity_recognition,,0,2,0,e2a7ad3c-7a05-4c18-bac3-ef017ab94d38,710CL,,0,0,1606080492614,0,0
plugin_ios_activity_recognition,"[""stationary""]",0,2,0,e2a7ad3c-7a05-4c18-bac3-ef017ab94d38,710CL,,0,1,1606080497403,0,0
plugin_ios_activity_recognition,"[""stationary""]",0,2,0,e2a7ad3c-7a05-4c18-bac3-ef017ab94d38,710CL,,0,1,1606080586175,0,0
plugin_ios_activity_recognition,,0,2,0,e2a7ad3c-7a05-4c18-bac3-ef017ab94d38,710CL,,0,0,1606080614846,0,0
plugin_ios_activity_recognition,"[""stationary""]",0,2,0,e2a7ad3c-7a05-4c18-bac3-ef017ab94d38,710CL,,0,1,1606080619004,0,0
plugin_ios_activity_recognition,,0,2,0,e2a7ad3c-7a05-4c18-bac3-ef017ab94d38,710CL,,0,0,1606080759796,0,0
plugin_ios_activity_recognition,"[""walking""]",0,1,0,e2a7ad3c-7a05-4c18-bac3-ef017ab94d38,710CL,,0,0,1606080764595,0,1
plugin_ios_activity_recognition,"[""walking""]",0,1,0,e2a7ad3c-7a05-4c18-bac3-ef017ab94d38,710CL,,0,0,1606080766181,0,1
plugin_ios_activity_recognition,"[""stationary""]",0,2,0,e2a7ad3c-7a05-4c18-bac3-ef017ab94d38,710CL,,0,1,1606080768098,0,0
plugin_ios_activity_recognition,"[""stationary""]",0,2,0,e2a7ad3c-7a05-4c18-bac3-ef017ab94d38,710CL,,0,1,1606080946180,0,0
plugin_ios_activity_recognition,,0,2,0,e2a7ad3c-7a05-4c18-bac3-ef017ab94d38,710CL,,0,0,1606081067113,0,0
plugin_ios_activity_recognition,"[""stationary""]",0,2,0,e2a7ad3c-7a05-4c18-bac3-ef017ab94d38,710CL,,0,1,1606081071262,0,0
plugin_ios_activity_recognition,"[""stationary""]",0,2,0,e2a7ad3c-7a05-4c18-bac3-ef017ab94d38,710CL,,0,1,1606081126515,0,0
plugin_ios_activity_recognition,,0,2,0,e2a7ad3c-7a05-4c18-bac3-ef017ab94d38,710CL,,0,0,1606081138628,0,0
plugin_ios_activity_recognition,"[""stationary""]",0,2,0,e2a7ad3c-7a05-4c18-bac3-ef017ab94d38,710CL,,0,1,1606081142783,0,0
plugin_ios_activity_recognition,,0,2,0,e2a7ad3c-7a05-4c18-bac3-ef017ab94d38,710CL,,0,0,1606081163850,0,0
plugin_ios_activity_recognition,"[""stationary""]",0,2,0,e2a7ad3c-7a05-4c18-bac3-ef017ab94d38,710CL,,0,1,1606081168958,0,0
plugin_ios_activity_recognition,"[""stationary""]",0,2,0,e2a7ad3c-7a05-4c18-bac3-ef017ab94d38,710CL,,0,1,1606081306185,0,0
plugin_ios_activity_recognition,,0,2,0,e2a7ad3c-7a05-4c18-bac3-ef017ab94d38,710CL,,0,0,1606081462631,0,0
plugin_ios_activity_recognition,"[""stationary""]",0,2,0,e2a7ad3c-7a05-4c18-bac3-ef017ab94d38,710CL,,0,1,1606081466790,0,0
plugin_ios_activity_recognition,,0,2,0,e2a7ad3c-7a05-4c18-bac3-ef017ab94d38,710CL,,0,0,1606081473808,0,0
plugin_ios_activity_recognition,"[""stationary""]",0,2,0,e2a7ad3c-7a05-4c18-bac3-ef017ab94d38,710CL,,0,1,1606081478277,0,0
plugin_ios_activity_recognition,,0,2,0,e2a7ad3c-7a05-4c18-bac3-ef017ab94d38,710CL,,0,0,1606081480509,0,0
plugin_ios_activity_recognition,,0,2,0,e2a7ad3c-7a05-4c18-bac3-ef017ab94d38,710CL,,0,0,1606081486184,0,0
plugin_ios_activity_recognition,"[""stationary""]",0,2,0,e2a7ad3c-7a05-4c18-bac3-ef017ab94d38,710CL,,0,1,1606081635175,0,0
plugin_ios_activity_recognition,,0,2,0,e2a7ad3c-7a05-4c18-bac3-ef017ab94d38,710CL,,0,0,1606081639320,0,0
plugin_ios_activity_recognition,"[""walking""]",0,1,0,e2a7ad3c-7a05-4c18-bac3-ef017ab94d38,710CL,,0,0,1606081643158,0,1
plugin_ios_activity_recognition,"[""walking""]",0,2,0,e2a7ad3c-7a05-4c18-bac3-ef017ab94d38,710CL,,0,0,1606081653387,0,1
plugin_ios_activity_recognition,"[""walking""]",0,2,0,e2a7ad3c-7a05-4c18-bac3-ef017ab94d38,710CL,,0,0,1606081666187,0,1
plugin_ios_activity_recognition,"[""stationary""]",0,2,0,e2a7ad3c-7a05-4c18-bac3-ef017ab94d38,710CL,,0,1,1606081676700,0,0
plugin_ios_activity_recognition,,0,2,0,e2a7ad3c-7a05-4c18-bac3-ef017ab94d38,710CL,,0,0,1606081785164,0,0
plugin_ios_activity_recognition,"[""walking""]",0,1,0,e2a7ad3c-7a05-4c18-bac3-ef017ab94d38,710CL,,0,0,1606081788682,0,1
plugin_ios_activity_recognition,"[""walking""]",0,2,0,e2a7ad3c-7a05-4c18-bac3-ef017ab94d38,710CL,,0,0,1606081796351,0,1
plugin_ios_activity_recognition,"[""stationary""]",0,2,0,e2a7ad3c-7a05-4c18-bac3-ef017ab94d38,710CL,,0,1,1606081831178,0,0
plugin_ios_activity_recognition,"[""stationary""]",0,2,0,e2a7ad3c-7a05-4c18-bac3-ef017ab94d38,710CL,,0,1,1606081846265,0,0
plugin_ios_activity_recognition,,0,2,0,e2a7ad3c-7a05-4c18-bac3-ef017ab94d38,710CL,,0,0,1606081964579,0,0
plugin_ios_activity_recognition,"[""stationary""]",0,2,0,e2a7ad3c-7a05-4c18-bac3-ef017ab94d38,710CL,,0,1,1606081968733,0,0
plugin_ios_activity_recognition,"[""stationary""]",0,2,0,e2a7ad3c-7a05-4c18-bac3-ef017ab94d38,710CL,,0,1,1606082026192,0,0
plugin_ios_activity_recognition,,0,2,0,e2a7ad3c-7a05-4c18-bac3-ef017ab94d38,710CL,,0,0,1606082060049,0,0
plugin_ios_activity_recognition,"[""stationary""]",0,2,0,e2a7ad3c-7a05-4c18-bac3-ef017ab94d38,710CL,,0,1,1606082064198,0,0
plugin_ios_activity_recognition,"[""stationary""]",0,2,0,e2a7ad3c-7a05-4c18-bac3-ef017ab94d38,710CL,,0,1,1606082206194,0,0
plugin_ios_activity_recognition,,0,2,0,e2a7ad3c-7a05-4c18-bac3-ef017ab94d38,710CL,,0,0,1606082265256,0,0
plugin_ios_activity_recognition,"[""stationary""]",0,2,0,e2a7ad3c-7a05-4c18-bac3-ef017ab94d38,710CL,,0,1,1606082289226,0,0
plugin_ios_activity_recognition,,0,2,0,e2a7ad3c-7a05-4c18-bac3-ef017ab94d38,710CL,,0,0,1606082347645,0,0
plugin_ios_activity_recognition,"[""walking""]",0,1,0,e2a7ad3c-7a05-4c18-bac3-ef017ab94d38,710CL,,0,0,1606082350523,0,1
plugin_ios_activity_recognition,"[""walking""]",0,2,0,e2a7ad3c-7a05-4c18-bac3-ef017ab94d38,710CL,,0,0,1606082353082,0,1
plugin_ios_activity_recognition,"[""stationary""]",0,2,0,e2a7ad3c-7a05-4c18-bac3-ef017ab94d38,710CL,,0,1,1606082386191,0,0
plugin_ios_activity_recognition,"[""walking""]",0,2,0,e2a7ad3c-7a05-4c18-bac3-ef017ab94d38,710CL,,0,0,1606082387857,0,1
plugin_ios_activity_recognition,,0,2,0,e2a7ad3c-7a05-4c18-bac3-ef017ab94d38,710CL,,0,0,1606082424575,0,0
plugin_ios_activity_recognition,,0,2,0,e2a7ad3c-7a05-4c18-bac3-ef017ab94d38,710CL,,0,0,1606082566214,0,0
plugin_ios_activity_recognition,"[""stationary""]",0,2,0,e2a7ad3c-7a05-4c18-bac3-ef017ab94d38,710CL,,0,1,1606082579813,0,0
plugin_ios_activity_recognition,,0,2,0,e2a7ad3c-7a05-4c18-bac3-ef017ab94d38,710CL,,0,0,1606082641432,0,0
plugin_ios_activity_recognition,"[""stationary""]",0,2,0,e2a7ad3c-7a05-4c18-bac3-ef017ab94d38,710CL,,0,1,1606082645905,0,0
plugin_ios_activity_recognition,"[""stationary""]",0,2,0,e2a7ad3c-7a05-4c18-bac3-ef017ab94d38,710CL,,0,1,1606082746216,0,0
plugin_ios_activity_recognition,,0,2,0,e2a7ad3c-7a05-4c18-bac3-ef017ab94d38,710CL,,0,0,1606082853400,0,0
plugin_ios_activity_recognition,"[""stationary""]",0,2,0,e2a7ad3c-7a05-4c18-bac3-ef017ab94d38,710CL,,0,1,1606082861068,0,0
plugin_ios_activity_recognition,"[""stationary""]",0,2,0,e2a7ad3c-7a05-4c18-bac3-ef017ab94d38,710CL,,0,1,1606082926219,0,0
plugin_ios_activity_recognition,,0,2,0,e2a7ad3c-7a05-4c18-bac3-ef017ab94d38,710CL,,0,0,1606082948496,0,0
plugin_ios_activity_recognition,"[""stationary""]",0,2,0,e2a7ad3c-7a05-4c18-bac3-ef017ab94d38,710CL,,0,1,1606082962548,0,0
plugin_ios_activity_recognition,"[""stationary""]",0,2,0,e2a7ad3c-7a05-4c18-bac3-ef017ab94d38,710CL,,0,1,1606083106261,0,0
plugin_ios_activity_recognition,,0,2,0,e2a7ad3c-7a05-4c18-bac3-ef017ab94d38,710CL,,0,0,1606083160779,0,0
plugin_ios_activity_recognition,"[""walking""]",0,1,0,e2a7ad3c-7a05-4c18-bac3-ef017ab94d38,710CL,,0,0,1606083165259,0,1
plugin_ios_activity_recognition,"[""walking""]",0,2,0,e2a7ad3c-7a05-4c18-bac3-ef017ab94d38,710CL,,0,0,1606083175486,0,1
plugin_ios_activity_recognition,,0,2,0,e2a7ad3c-7a05-4c18-bac3-ef017ab94d38,710CL,,0,0,1606083226614,0,0
plugin_ios_activity_recognition,,0,2,0,e2a7ad3c-7a05-4c18-bac3-ef017ab94d38,710CL,,0,0,1606083286313,0,0
plugin_ios_activity_recognition,,0,2,0,e2a7ad3c-7a05-4c18-bac3-ef017ab94d38,710CL,,0,0,1606083466227,0,0
plugin_ios_activity_recognition,"[""walking""]",0,1,0,e2a7ad3c-7a05-4c18-bac3-ef017ab94d38,710CL,,0,0,1606083594758,0,1
plugin_ios_activity_recognition,"[""walking""]",0,2,0,e2a7ad3c-7a05-4c18-bac3-ef017ab94d38,710CL,,0,0,1606083602428,0,1
plugin_ios_activity_recognition,"[""stationary""]",0,2,0,e2a7ad3c-7a05-4c18-bac3-ef017ab94d38,710CL,,0,1,1606083609127,0,0
plugin_ios_activity_recognition,"[""walking""]",0,2,0,e2a7ad3c-7a05-4c18-bac3-ef017ab94d38,710CL,,0,0,1606083642010,0,1
plugin_ios_activity_recognition,"[""walking""]",0,2,0,e2a7ad3c-7a05-4c18-bac3-ef017ab94d38,710CL,,0,0,1606083646230,0,1
plugin_ios_activity_recognition,,0,2,0,e2a7ad3c-7a05-4c18-bac3-ef017ab94d38,710CL,,0,0,1606083676529,0,0
plugin_ios_activity_recognition,,0,2,0,e2a7ad3c-7a05-4c18-bac3-ef017ab94d38,710CL,,0,0,1606083826431,0,0
plugin_ios_activity_recognition,,0,2,0,e2a7ad3c-7a05-4c18-bac3-ef017ab94d38,710CL,,0,0,1606084006238,0,0
plugin_ios_activity_recognition,,0,2,0,e2a7ad3c-7a05-4c18-bac3-ef017ab94d38,710CL,,0,0,1606084186238,0,0
plugin_ios_activity_recognition,,0,2,0,e2a7ad3c-7a05-4c18-bac3-ef017ab94d38,710CL,supplement,0,0,1606084366238,0,0
plugin_ios_activity_recognition,,0,2,0,e2a7ad3c-7a05-4c18-bac3-ef017ab94d38,710CL,,0,0,1606084366322,0,0
plugin_ios_activity_recognition,"[""running""]",0,2,0,e2a7ad3c-7a05-4c18-bac3-ef017ab94d38,710CL,,1,0,1606084394982,0,0
plugin_ios_activity_recognition,,0,2,0,e2a7ad3c-7a05-4c18-bac3-ef017ab94d38,710CL,,0,0,1606084397539,0,0
plugin_ios_activity_recognition,,0,2,0,e2a7ad3c-7a05-4c18-bac3-ef017ab94d38,710CL,supplement,0,0,1606084546238,0,0
plugin_ios_activity_recognition,,0,2,0,e2a7ad3c-7a05-4c18-bac3-ef017ab94d38,710CL,,0,0,1606084546332,0,0
plugin_ios_activity_recognition,"[""running""]",0,2,0,e2a7ad3c-7a05-4c18-bac3-ef017ab94d38,710CL,,1,0,1606084668552,0,0
plugin_ios_activity_recognition,,0,2,0,e2a7ad3c-7a05-4c18-bac3-ef017ab94d38,710CL,,0,0,1606084673665,0,0
plugin_ios_activity_recognition,"[""running""]",0,2,0,e2a7ad3c-7a05-4c18-bac3-ef017ab94d38,710CL,,1,0,1606084699234,0,0
plugin_ios_activity_recognition,,0,2,0,e2a7ad3c-7a05-4c18-bac3-ef017ab94d38,710CL,,0,0,1606084704348,0,0
plugin_ios_activity_recognition,,0,2,0,e2a7ad3c-7a05-4c18-bac3-ef017ab94d38,710CL,,0,0,1606084726279,0,0
plugin_ios_activity_recognition,"[""running""]",0,2,0,e2a7ad3c-7a05-4c18-bac3-ef017ab94d38,710CL,,1,0,1606084796387,0,0
plugin_ios_activity_recognition,,0,2,0,e2a7ad3c-7a05-4c18-bac3-ef017ab94d38,710CL,,0,0,1606084806615,0,0
plugin_ios_activity_recognition,,0,2,0,e2a7ad3c-7a05-4c18-bac3-ef017ab94d38,710CL,,0,0,1606084906247,0,0
plugin_ios_activity_recognition,,0,2,0,e2a7ad3c-7a05-4c18-bac3-ef017ab94d38,710CL,supplement,0,0,1606085086247,0,0
plugin_ios_activity_recognition,,0,2,0,e2a7ad3c-7a05-4c18-bac3-ef017ab94d38,710CL,,0,0,1606085086252,0,0
plugin_ios_activity_recognition,"[""walking""]",0,1,0,e2a7ad3c-7a05-4c18-bac3-ef017ab94d38,710CL,,0,0,1606085141505,0,1
plugin_ios_activity_recognition,"[""walking""]",0,2,0,e2a7ad3c-7a05-4c18-bac3-ef017ab94d38,710CL,,0,0,1606085146618,0,1
plugin_ios_activity_recognition,"[""stationary""]",0,2,0,e2a7ad3c-7a05-4c18-bac3-ef017ab94d38,710CL,,0,1,1606085171226,0,0
plugin_ios_activity_recognition,,0,2,0,e2a7ad3c-7a05-4c18-bac3-ef017ab94d38,710CL,supplement,0,0,1606085266247,0,0
plugin_ios_activity_recognition,"[""stationary""]",0,2,0,e2a7ad3c-7a05-4c18-bac3-ef017ab94d38,710CL,,0,1,1606085266293,0,0
plugin_ios_activity_recognition,,0,2,0,e2a7ad3c-7a05-4c18-bac3-ef017ab94d38,710CL,,0,0,1606085269534,0,0
plugin_ios_activity_recognition,"[""walking""]",0,1,0,e2a7ad3c-7a05-4c18-bac3-ef017ab94d38,710CL,,0,0,1606085274329,0,1
plugin_ios_activity_recognition,"[""walking""]",0,2,0,e2a7ad3c-7a05-4c18-bac3-ef017ab94d38,710CL,,0,0,1606085282000,0,1
plugin_ios_activity_recognition,"[""stationary""]",0,2,0,e2a7ad3c-7a05-4c18-bac3-ef017ab94d38,710CL,,0,1,1606085318424,0,0
plugin_ios_activity_recognition,"[""walking""]",0,2,0,e2a7ad3c-7a05-4c18-bac3-ef017ab94d38,710CL,,0,0,1606085342059,0,1
plugin_ios_activity_recognition,"[""stationary""]",0,2,0,e2a7ad3c-7a05-4c18-bac3-ef017ab94d38,710CL,,0,1,1606085424503,0,0
plugin_ios_activity_recognition,"[""stationary""]",0,2,0,e2a7ad3c-7a05-4c18-bac3-ef017ab94d38,710CL,,0,1,1606085446260,0,0
plugin_ios_activity_recognition,,0,2,0,e2a7ad3c-7a05-4c18-bac3-ef017ab94d38,710CL,,0,0,1606085449399,0,0
plugin_ios_activity_recognition,"[""stationary""]",0,2,0,e2a7ad3c-7a05-4c18-bac3-ef017ab94d38,710CL,,0,1,1606085452915,0,0
plugin_ios_activity_recognition,,0,2,0,e2a7ad3c-7a05-4c18-bac3-ef017ab94d38,710CL,,0,0,1606085456431,0,0
plugin_ios_activity_recognition,"[""stationary""]",0,2,0,e2a7ad3c-7a05-4c18-bac3-ef017ab94d38,710CL,,0,1,1606085462497,0,0
plugin_ios_activity_recognition,,0,2,0,e2a7ad3c-7a05-4c18-bac3-ef017ab94d38,710CL,,0,0,1606085465049,0,0
plugin_ios_activity_recognition,"[""walking""]",0,1,0,e2a7ad3c-7a05-4c18-bac3-ef017ab94d38,710CL,,0,0,1606085471122,0,1
plugin_ios_activity_recognition,"[""walking""]",0,2,0,e2a7ad3c-7a05-4c18-bac3-ef017ab94d38,710CL,,0,0,1606085483908,0,1
plugin_ios_activity_recognition,"[""stationary""]",0,2,0,e2a7ad3c-7a05-4c18-bac3-ef017ab94d38,710CL,,0,1,1606085528956,0,0
plugin_ios_activity_recognition,"[""walking""]",0,2,0,e2a7ad3c-7a05-4c18-bac3-ef017ab94d38,710CL,,0,0,1606085541739,0,1
plugin_ios_activity_recognition,,0,2,0,e2a7ad3c-7a05-4c18-bac3-ef017ab94d38,710CL,,0,0,1606085543337,0,0
plugin_ios_activity_recognition,"[""stationary""]",0,2,0,e2a7ad3c-7a05-4c18-bac3-ef017ab94d38,710CL,,0,1,1606085562193,0,0
plugin_ios_activity_recognition,,0,2,0,e2a7ad3c-7a05-4c18-bac3-ef017ab94d38,710CL,,0,0,1606085579111,0,0
plugin_ios_activity_recognition,"[""walking""]",0,1,0,e2a7ad3c-7a05-4c18-bac3-ef017ab94d38,710CL,,0,0,1606085586148,0,1
plugin_ios_activity_recognition,"[""walking""]",0,2,0,e2a7ad3c-7a05-4c18-bac3-ef017ab94d38,710CL,,0,0,1606085591259,0,1
plugin_ios_activity_recognition,"[""stationary""]",0,2,0,e2a7ad3c-7a05-4c18-bac3-ef017ab94d38,710CL,,0,1,1606085597966,0,0
plugin_ios_activity_recognition,"[""walking""]",0,2,0,e2a7ad3c-7a05-4c18-bac3-ef017ab94d38,710CL,,0,0,1606085604997,0,1
plugin_ios_activity_recognition,"[""stationary""]",0,2,0,e2a7ad3c-7a05-4c18-bac3-ef017ab94d38,710CL,,0,1,1606085619377,0,0
plugin_ios_activity_recognition,"[""walking""]",0,2,0,e2a7ad3c-7a05-4c18-bac3-ef017ab94d38,710CL,,0,0,1606085623833,0,1
plugin_ios_activity_recognition,"[""walking""]",0,2,0,e2a7ad3c-7a05-4c18-bac3-ef017ab94d38,710CL,,0,0,1606085626262,0,1
plugin_ios_activity_recognition,"[""stationary""]",0,2,0,e2a7ad3c-7a05-4c18-bac3-ef017ab94d38,710CL,,0,1,1606085629905,0,0
plugin_ios_activity_recognition,"[""walking""]",0,2,0,e2a7ad3c-7a05-4c18-bac3-ef017ab94d38,710CL,,0,0,1606085631503,0,1
plugin_ios_activity_recognition,"[""stationary""]",0,2,0,e2a7ad3c-7a05-4c18-bac3-ef017ab94d38,710CL,,0,1,1606085635019,0,0
plugin_ios_activity_recognition,"[""walking""]",0,2,0,e2a7ad3c-7a05-4c18-bac3-ef017ab94d38,710CL,,0,0,1606085637260,0,1
plugin_ios_activity_recognition,"[""stationary""]",0,2,0,e2a7ad3c-7a05-4c18-bac3-ef017ab94d38,710CL,,0,1,1606085642373,0,0
plugin_ios_activity_recognition,,0,2,0,e2a7ad3c-7a05-4c18-bac3-ef017ab94d38,710CL,,0,0,1606085645245,0,0
plugin_ios_activity_recognition,"[""stationary""]",0,2,0,e2a7ad3c-7a05-4c18-bac3-ef017ab94d38,710CL,,0,1,1606085661859,0,0
plugin_ios_activity_recognition,,0,2,0,e2a7ad3c-7a05-4c18-bac3-ef017ab94d38,710CL,,0,0,1606085662816,0,0
plugin_ios_activity_recognition,"[""stationary""]",0,2,0,e2a7ad3c-7a05-4c18-bac3-ef017ab94d38,710CL,,0,1,1606085672076,0,0
plugin_ios_activity_recognition,,0,2,0,e2a7ad3c-7a05-4c18-bac3-ef017ab94d38,710CL,,0,0,1606085678463,0,0
plugin_ios_activity_recognition,"[""stationary""]",0,2,0,e2a7ad3c-7a05-4c18-bac3-ef017ab94d38,710CL,,0,1,1606085683896,0,0
plugin_ios_activity_recognition,,0,2,0,e2a7ad3c-7a05-4c18-bac3-ef017ab94d38,710CL,,0,0,1606085685817,0,0
plugin_ios_activity_recognition,"[""stationary""]",0,2,0,e2a7ad3c-7a05-4c18-bac3-ef017ab94d38,710CL,,0,1,1606085690925,0,0
plugin_ios_activity_recognition,,0,2,0,e2a7ad3c-7a05-4c18-bac3-ef017ab94d38,710CL,,0,0,1606085693154,0,0
plugin_ios_activity_recognition,"[""stationary""]",0,2,0,e2a7ad3c-7a05-4c18-bac3-ef017ab94d38,710CL,,0,1,1606085703380,0,0
plugin_ios_activity_recognition,,0,2,0,e2a7ad3c-7a05-4c18-bac3-ef017ab94d38,710CL,,0,0,1606085707535,0,0
plugin_ios_activity_recognition,"[""stationary""]",0,2,0,e2a7ad3c-7a05-4c18-bac3-ef017ab94d38,710CL,,0,1,1606085717762,0,0
plugin_ios_activity_recognition,,0,2,0,e2a7ad3c-7a05-4c18-bac3-ef017ab94d38,710CL,,0,0,1606085719044,0,0
plugin_ios_activity_recognition,"[""stationary""]",0,2,0,e2a7ad3c-7a05-4c18-bac3-ef017ab94d38,710CL,,0,1,1606085727024,0,0
plugin_ios_activity_recognition,,0,2,0,e2a7ad3c-7a05-4c18-bac3-ef017ab94d38,710CL,,0,0,1606085729260,0,0
plugin_ios_activity_recognition,"[""stationary""]",0,2,0,e2a7ad3c-7a05-4c18-bac3-ef017ab94d38,710CL,,0,1,1606085740442,0,0
plugin_ios_activity_recognition,,0,2,0,e2a7ad3c-7a05-4c18-bac3-ef017ab94d38,710CL,,0,0,1606085742044,0,0
plugin_ios_activity_recognition,"[""stationary""]",0,2,0,e2a7ad3c-7a05-4c18-bac3-ef017ab94d38,710CL,,0,1,1606085751622,0,0
plugin_ios_activity_recognition,,0,2,0,e2a7ad3c-7a05-4c18-bac3-ef017ab94d38,710CL,,0,0,1606085756413,0,0
plugin_ios_activity_recognition,"[""walking""]",0,1,0,e2a7ad3c-7a05-4c18-bac3-ef017ab94d38,710CL,,0,0,1606085798281,0,1
plugin_ios_activity_recognition,"[""walking""]",0,1,0,e2a7ad3c-7a05-4c18-bac3-ef017ab94d38,710CL,,0,0,1606085806271,0,1
plugin_ios_activity_recognition,"[""stationary""]",0,2,0,e2a7ad3c-7a05-4c18-bac3-ef017ab94d38,710CL,,0,1,1606085810729,0,0
plugin_ios_activity_recognition,,0,2,0,e2a7ad3c-7a05-4c18-bac3-ef017ab94d38,710CL,,0,0,1606085816156,0,0
plugin_ios_activity_recognition,"[""walking""]",0,1,0,e2a7ad3c-7a05-4c18-bac3-ef017ab94d38,710CL,,0,0,1606085821272,0,1
plugin_ios_activity_recognition,"[""walking""]",0,2,0,e2a7ad3c-7a05-4c18-bac3-ef017ab94d38,710CL,,0,0,1606085826385,0,1
plugin_ios_activity_recognition,"[""stationary""]",0,2,0,e2a7ad3c-7a05-4c18-bac3-ef017ab94d38,710CL,,0,1,1606085865050,0,0
plugin_ios_activity_recognition,"[""walking""]",0,2,0,e2a7ad3c-7a05-4c18-bac3-ef017ab94d38,710CL,,0,0,1606085868246,0,1
plugin_ios_activity_recognition,,0,2,0,e2a7ad3c-7a05-4c18-bac3-ef017ab94d38,710CL,,0,0,1606085885190,0,0
plugin_ios_activity_recognition,"[""stationary""]",0,2,0,e2a7ad3c-7a05-4c18-bac3-ef017ab94d38,710CL,,0,1,1606085922577,0,0
plugin_ios_activity_recognition,,0,2,0,e2a7ad3c-7a05-4c18-bac3-ef017ab94d38,710CL,,0,0,1606085923856,0,0
plugin_ios_activity_recognition,"[""stationary""]",0,2,0,e2a7ad3c-7a05-4c18-bac3-ef017ab94d38,710CL,,0,1,1606085930882,0,0
plugin_ios_activity_recognition,,0,2,0,e2a7ad3c-7a05-4c18-bac3-ef017ab94d38,710CL,,0,0,1606085938861,0,0
plugin_ios_activity_recognition,,0,2,0,e2a7ad3c-7a05-4c18-bac3-ef017ab94d38,710CL,,0,0,1606085986268,0,0
plugin_ios_activity_recognition,"[""stationary""]",0,2,0,e2a7ad3c-7a05-4c18-bac3-ef017ab94d38,710CL,,0,1,1606085994777,0,0
plugin_ios_activity_recognition,,0,2,0,e2a7ad3c-7a05-4c18-bac3-ef017ab94d38,710CL,,0,0,1606085997647,0,0
plugin_ios_activity_recognition,"[""walking""]",0,1,0,e2a7ad3c-7a05-4c18-bac3-ef017ab94d38,710CL,,0,0,1606086002763,0,1
plugin_ios_activity_recognition,"[""walking""]",0,2,0,e2a7ad3c-7a05-4c18-bac3-ef017ab94d38,710CL,,0,0,1606086006591,0,1
plugin_ios_activity_recognition,"[""stationary""]",0,2,0,e2a7ad3c-7a05-4c18-bac3-ef017ab94d38,710CL,,0,1,1606086024159,0,0
plugin_ios_activity_recognition,"[""walking""]",0,2,0,e2a7ad3c-7a05-4c18-bac3-ef017ab94d38,710CL,,0,0,1606086029912,0,1
plugin_ios_activity_recognition,"[""stationary""]",0,2,0,e2a7ad3c-7a05-4c18-bac3-ef017ab94d38,710CL,,0,1,1606086033741,0,0
plugin_ios_activity_recognition,"[""walking""]",0,2,0,e2a7ad3c-7a05-4c18-bac3-ef017ab94d38,710CL,,0,0,1606086038211,0,1
plugin_ios_activity_recognition,"[""stationary""]",0,2,0,e2a7ad3c-7a05-4c18-bac3-ef017ab94d38,710CL,,0,1,1606086058020,0,0
plugin_ios_activity_recognition,,0,2,0,e2a7ad3c-7a05-4c18-bac3-ef017ab94d38,710CL,,0,0,1606086077505,0,0
plugin_ios_activity_recognition,,0,2,0,e2a7ad3c-7a05-4c18-bac3-ef017ab94d38,710CL,,0,0,1606086166285,0,0
plugin_ios_activity_recognition,"[""walking""]",0,1,0,e2a7ad3c-7a05-4c18-bac3-ef017ab94d38,710CL,,0,0,1606086222595,0,1
plugin_ios_activity_recognition,"[""walking""]",0,2,0,e2a7ad3c-7a05-4c18-bac3-ef017ab94d38,710CL,,0,0,1606086225150,0,1
plugin_ios_activity_recognition,,0,2,0,e2a7ad3c-7a05-4c18-bac3-ef017ab94d38,710CL,,0,0,1606086276276,0,0
plugin_ios_activity_recognition,,0,2,0,e2a7ad3c-7a05-4c18-bac3-ef017ab94d38,710CL,,0,0,1606086346270,0,0
plugin_ios_activity_recognition,"[""stationary""]",0,2,0,e2a7ad3c-7a05-4c18-bac3-ef017ab94d38,710CL,,0,1,1606086407251,0,0
plugin_ios_activity_recognition,,0,2,0,e2a7ad3c-7a05-4c18-bac3-ef017ab94d38,710CL,,0,0,1606086413638,0,0
plugin_ios_activity_recognition,"[""stationary""]",0,2,0,e2a7ad3c-7a05-4c18-bac3-ef017ab94d38,710CL,,0,1,1606086426741,0,0
plugin_ios_activity_recognition,,0,2,0,e2a7ad3c-7a05-4c18-bac3-ef017ab94d38,710CL,,0,0,1606086475242,0,0
plugin_ios_activity_recognition,"[""stationary""]",0,2,0,e2a7ad3c-7a05-4c18-bac3-ef017ab94d38,710CL,,0,1,1606086480346,0,0
plugin_ios_activity_recognition,"[""stationary""]",0,2,0,e2a7ad3c-7a05-4c18-bac3-ef017ab94d38,710CL,,0,1,1606086526263,0,0
plugin_ios_activity_recognition,,0,2,0,e2a7ad3c-7a05-4c18-bac3-ef017ab94d38,710CL,,0,0,1606086700588,0,0
plugin_ios_activity_recognition,,0,2,0,e2a7ad3c-7a05-4c18-bac3-ef017ab94d38,710CL,,0,0,1606086706360,0,0
plugin_ios_activity_recognition,"[""stationary""]",0,2,0,e2a7ad3c-7a05-4c18-bac3-ef017ab94d38,710CL,,0,1,1606086707619,0,0
plugin_ios_activity_recognition,,0,2,0,e2a7ad3c-7a05-4c18-bac3-ef017ab94d38,710CL,,0,0,1606086752659,0,0
plugin_ios_activity_recognition,"[""stationary""]",0,2,0,e2a7ad3c-7a05-4c18-bac3-ef017ab94d38,710CL,,0,1,1606086761911,0,0
plugin_ios_activity_recognition,,0,2,0,e2a7ad3c-7a05-4c18-bac3-ef017ab94d38,710CL,,0,0,1606086856386,0,0
plugin_ios_activity_recognition,"[""stationary""]",0,2,0,e2a7ad3c-7a05-4c18-bac3-ef017ab94d38,710CL,,0,1,1606086862458,0,0
plugin_ios_activity_recognition,"[""stationary""]",0,2,0,e2a7ad3c-7a05-4c18-bac3-ef017ab94d38,710CL,,0,1,1606086886268,0,0
plugin_ios_activity_recognition,"[""stationary""]",0,2,0,e2a7ad3c-7a05-4c18-bac3-ef017ab94d38,710CL,supplement,0,1,1606087066268,0,0
plugin_ios_activity_recognition,"[""stationary""]",0,2,0,e2a7ad3c-7a05-4c18-bac3-ef017ab94d38,710CL,,0,1,1606087066271,0,0
plugin_ios_activity_recognition,"[""stationary""]",0,2,0,e2a7ad3c-7a05-4c18-bac3-ef017ab94d38,710CL,supplement,0,1,1606087246268,0,0
plugin_ios_activity_recognition,"[""stationary""]",0,2,0,e2a7ad3c-7a05-4c18-bac3-ef017ab94d38,710CL,supplement,0,1,1606087246271,0,0
plugin_ios_activity_recognition,"[""stationary""]",0,2,0,e2a7ad3c-7a05-4c18-bac3-ef017ab94d38,710CL,,0,1,1606087246273,0,0
plugin_ios_activity_recognition,"[""stationary""]",0,2,0,e2a7ad3c-7a05-4c18-bac3-ef017ab94d38,710CL,supplement,0,1,1606087426271,0,0
plugin_ios_activity_recognition,"[""stationary""]",0,2,0,e2a7ad3c-7a05-4c18-bac3-ef017ab94d38,710CL,supplement,0,1,1606087426273,0,0
plugin_ios_activity_recognition,"[""stationary""]",0,2,0,e2a7ad3c-7a05-4c18-bac3-ef017ab94d38,710CL,,0,1,1606087426309,0,0
plugin_ios_activity_recognition,,0,2,0,e2a7ad3c-7a05-4c18-bac3-ef017ab94d38,710CL,,0,0,1606087497830,0,0
plugin_ios_activity_recognition,"[""stationary""]",0,2,0,e2a7ad3c-7a05-4c18-bac3-ef017ab94d38,710CL,,0,1,1606087503577,0,0
plugin_ios_activity_recognition,"[""stationary""]",0,2,0,e2a7ad3c-7a05-4c18-bac3-ef017ab94d38,710CL,supplement,0,1,1606087606273,0,0
plugin_ios_activity_recognition,"[""stationary""]",0,2,0,e2a7ad3c-7a05-4c18-bac3-ef017ab94d38,710CL,,0,1,1606087606305,0,0
plugin_ios_activity_recognition,,0,2,0,e2a7ad3c-7a05-4c18-bac3-ef017ab94d38,710CL,,0,0,1606087606369,0,0
plugin_ios_activity_recognition,"[""walking""]",0,1,0,e2a7ad3c-7a05-4c18-bac3-ef017ab94d38,710CL,,0,0,1606087663255,0,1
plugin_ios_activity_recognition,"[""walking""]",0,2,0,e2a7ad3c-7a05-4c18-bac3-ef017ab94d38,710CL,,0,0,1606087668368,0,1
plugin_ios_activity_recognition,,0,2,0,e2a7ad3c-7a05-4c18-bac3-ef017ab94d38,710CL,,0,0,1606087719499,0,0
plugin_ios_activity_recognition,"[""stationary""]",0,2,0,e2a7ad3c-7a05-4c18-bac3-ef017ab94d38,710CL,,0,1,1606087759123,0,0
plugin_ios_activity_recognition,,0,2,0,e2a7ad3c-7a05-4c18-bac3-ef017ab94d38,710CL,,0,0,1606087769981,0,0
plugin_ios_activity_recognition,"[""stationary""]",0,2,0,e2a7ad3c-7a05-4c18-bac3-ef017ab94d38,710CL,,0,1,1606087774130,0,0
plugin_ios_activity_recognition,"[""stationary""]",0,2,0,e2a7ad3c-7a05-4c18-bac3-ef017ab94d38,710CL,,0,1,1606087786280,0,0
plugin_ios_activity_recognition,,0,2,0,e2a7ad3c-7a05-4c18-bac3-ef017ab94d38,710CL,,0,0,1606087816279,0,0
plugin_ios_activity_recognition,"[""stationary""]",0,2,0,e2a7ad3c-7a05-4c18-bac3-ef017ab94d38,710CL,,0,1,1606087824262,0,0
plugin_ios_activity_recognition,,0,2,0,e2a7ad3c-7a05-4c18-bac3-ef017ab94d38,710CL,,0,0,1606087825856,0,0
plugin_ios_activity_recognition,"[""stationary""]",0,2,0,e2a7ad3c-7a05-4c18-bac3-ef017ab94d38,710CL,,0,1,1606087837676,0,0
plugin_ios_activity_recognition,,0,2,0,e2a7ad3c-7a05-4c18-bac3-ef017ab94d38,710CL,,0,0,1606087842789,0,0
plugin_ios_activity_recognition,"[""stationary""]",0,2,0,e2a7ad3c-7a05-4c18-bac3-ef017ab94d38,710CL,,0,1,1606087846305,0,0
plugin_ios_activity_recognition,,0,2,0,e2a7ad3c-7a05-4c18-bac3-ef017ab94d38,710CL,,0,0,1606087852381,0,0
plugin_ios_activity_recognition,"[""stationary""]",0,2,0,e2a7ad3c-7a05-4c18-bac3-ef017ab94d38,710CL,,0,1,1606087855892,0,0
plugin_ios_activity_recognition,,0,2,0,e2a7ad3c-7a05-4c18-bac3-ef017ab94d38,710CL,,0,0,1606087861644,0,0
plugin_ios_activity_recognition,"[""stationary""]",0,2,0,e2a7ad3c-7a05-4c18-bac3-ef017ab94d38,710CL,,0,1,1606087876345,0,0
plugin_ios_activity_recognition,,0,2,0,e2a7ad3c-7a05-4c18-bac3-ef017ab94d38,710CL,,0,0,1606087878582,0,0
plugin_ios_activity_recognition,"[""walking""]",0,1,0,e2a7ad3c-7a05-4c18-bac3-ef017ab94d38,710CL,,0,0,1606087885620,0,1
plugin_ios_activity_recognition,"[""walking""]",0,2,0,e2a7ad3c-7a05-4c18-bac3-ef017ab94d38,710CL,,0,0,1606087893290,0,1
plugin_ios_activity_recognition,"[""stationary""]",0,2,0,e2a7ad3c-7a05-4c18-bac3-ef017ab94d38,710CL,,0,1,1606087921406,0,0
plugin_ios_activity_recognition,"[""stationary""]",0,2,0,e2a7ad3c-7a05-4c18-bac3-ef017ab94d38,710CL,,0,1,1606087966351,0,0
plugin_ios_activity_recognition,,0,2,0,e2a7ad3c-7a05-4c18-bac3-ef017ab94d38,710CL,,0,0,1606088008875,0,0
plugin_ios_activity_recognition,"[""walking""]",0,1,0,e2a7ad3c-7a05-4c18-bac3-ef017ab94d38,710CL,,0,0,1606088013356,0,1
plugin_ios_activity_recognition,"[""stationary""]",0,2,0,e2a7ad3c-7a05-4c18-bac3-ef017ab94d38,710CL,,0,1,1606088020057,0,0
plugin_ios_activity_recognition,"[""walking""]",0,2,0,e2a7ad3c-7a05-4c18-bac3-ef017ab94d38,710CL,,0,0,1606088028042,0,1
plugin_ios_activity_recognition,"[""stationary""]",0,2,0,e2a7ad3c-7a05-4c18-bac3-ef017ab94d38,710CL,,0,1,1606088052962,0,0
plugin_ios_activity_recognition,,0,2,0,e2a7ad3c-7a05-4c18-bac3-ef017ab94d38,710CL,,0,0,1606088108502,0,0
plugin_ios_activity_recognition,"[""walking""]",0,1,0,e2a7ad3c-7a05-4c18-bac3-ef017ab94d38,710CL,,0,0,1606088112978,0,1
plugin_ios_activity_recognition,"[""stationary""]",0,2,0,e2a7ad3c-7a05-4c18-bac3-ef017ab94d38,710CL,,0,1,1606088124790,0,0
plugin_ios_activity_recognition,"[""stationary""]",0,2,0,e2a7ad3c-7a05-4c18-bac3-ef017ab94d38,710CL,,0,1,1606088146350,0,0
plugin_ios_activity_recognition,,0,2,0,e2a7ad3c-7a05-4c18-bac3-ef017ab94d38,710CL,,0,0,1606088174276,0,0
plugin_ios_activity_recognition,"[""walking""]",0,1,0,e2a7ad3c-7a05-4c18-bac3-ef017ab94d38,710CL,,0,0,1606088181943,0,1
plugin_ios_activity_recognition,"[""walking""]",0,2,0,e2a7ad3c-7a05-4c18-bac3-ef017ab94d38,710CL,,0,0,1606088192172,0,1
plugin_ios_activity_recognition,"[""stationary""]",0,2,0,e2a7ad3c-7a05-4c18-bac3-ef017ab94d38,710CL,,0,1,1606088235300,0,0
plugin_ios_activity_recognition,"[""walking""]",0,2,0,e2a7ad3c-7a05-4c18-bac3-ef017ab94d38,710CL,,0,0,1606088241988,0,1
plugin_ios_activity_recognition,"[""walking""]",0,2,0,e2a7ad3c-7a05-4c18-bac3-ef017ab94d38,710CL,,0,0,1606088326379,0,1
plugin_ios_activity_recognition,,0,2,0,e2a7ad3c-7a05-4c18-bac3-ef017ab94d38,710CL,,0,0,1606088376215,0,0
plugin_ios_activity_recognition,,0,2,0,e2a7ad3c-7a05-4c18-bac3-ef017ab94d38,710CL,,0,0,1606088506390,0,0
plugin_ios_activity_recognition,,0,2,0,e2a7ad3c-7a05-4c18-bac3-ef017ab94d38,710CL,supplement,0,0,1606088686390,0,0
plugin_ios_activity_recognition,,0,2,0,e2a7ad3c-7a05-4c18-bac3-ef017ab94d38,710CL,,0,0,1606088686393,0,0
plugin_ios_activity_recognition,,0,2,0,e2a7ad3c-7a05-4c18-bac3-ef017ab94d38,710CL,supplement,0,0,1606088866390,0,0
plugin_ios_activity_recognition,,0,2,0,e2a7ad3c-7a05-4c18-bac3-ef017ab94d38,710CL,supplement,0,0,1606088866393,0,0
plugin_ios_activity_recognition,,0,2,0,e2a7ad3c-7a05-4c18-bac3-ef017ab94d38,710CL,,0,0,1606088866396,0,0
plugin_ios_activity_recognition,,0,2,0,e2a7ad3c-7a05-4c18-bac3-ef017ab94d38,710CL,supplement,0,0,1606089046393,0,0
plugin_ios_activity_recognition,,0,2,0,e2a7ad3c-7a05-4c18-bac3-ef017ab94d38,710CL,supplement,0,0,1606089046396,0,0
plugin_ios_activity_recognition,,0,2,0,e2a7ad3c-7a05-4c18-bac3-ef017ab94d38,710CL,,0,0,1606089046399,0,0
plugin_ios_activity_recognition,,0,2,0,e2a7ad3c-7a05-4c18-bac3-ef017ab94d38,710CL,supplement,0,0,1606089226396,0,0
plugin_ios_activity_recognition,,0,2,0,e2a7ad3c-7a05-4c18-bac3-ef017ab94d38,710CL,supplement,0,0,1606089226399,0,0
plugin_ios_activity_recognition,,0,2,0,e2a7ad3c-7a05-4c18-bac3-ef017ab94d38,710CL,,0,0,1606089226401,0,0
plugin_ios_activity_recognition,,0,2,0,e2a7ad3c-7a05-4c18-bac3-ef017ab94d38,710CL,supplement,0,0,1606089406399,0,0
plugin_ios_activity_recognition,,0,2,0,e2a7ad3c-7a05-4c18-bac3-ef017ab94d38,710CL,supplement,0,0,1606089406401,0,0
plugin_ios_activity_recognition,,0,2,0,e2a7ad3c-7a05-4c18-bac3-ef017ab94d38,710CL,,0,0,1606089406404,0,0
plugin_ios_activity_recognition,"[""stationary""]",0,2,0,e2a7ad3c-7a05-4c18-bac3-ef017ab94d38,710CL,,0,1,1606089565017,0,0
plugin_ios_activity_recognition,,0,2,0,e2a7ad3c-7a05-4c18-bac3-ef017ab94d38,710CL,,0,0,1606089567245,0,0
plugin_ios_activity_recognition,"[""walking""]",0,1,0,e2a7ad3c-7a05-4c18-bac3-ef017ab94d38,710CL,,0,0,1606089577798,0,1
plugin_ios_activity_recognition,"[""walking""]",0,2,0,e2a7ad3c-7a05-4c18-bac3-ef017ab94d38,710CL,,0,0,1606089585473,0,1
plugin_ios_activity_recognition,,0,2,0,e2a7ad3c-7a05-4c18-bac3-ef017ab94d38,710CL,supplement,0,0,1606089586401,0,0
plugin_ios_activity_recognition,"[""walking""]",0,2,0,e2a7ad3c-7a05-4c18-bac3-ef017ab94d38,710CL,,0,0,1606089586415,0,1
