name,activities,automotive,confidence,cycling,device_id,device_label,label,running,stationary,timestamp,unknown,walking
plugin_ios_activity_recognition,"[""stationary""]",0,2,0,f9daacfd-6043-4174-8af9-8936763acfd7,169KS,supplement,0,1,1592870430911,0,0
plugin_ios_activity_recognition,"[""stationary""]",0,2,0,f9daacfd-6043-4174-8af9-8936763acfd7,169KS,,0,1,1592870430912,0,0
plugin_ios_activity_recognition,,0,2,0,f9daacfd-6043-4174-8af9-8936763acfd7,169KS,,0,0,1592870444738,0,0
plugin_ios_activity_recognition,"[""stationary""]",0,2,0,f9daacfd-6043-4174-8af9-8936763acfd7,169KS,supplement,0,1,1592870490911,0,0
plugin_ios_activity_recognition,,0,2,0,f9daacfd-6043-4174-8af9-8936763acfd7,169KS,,0,0,1592870490919,0,0
plugin_ios_activity_recognition,,0,2,0,f9daacfd-6043-4174-8af9-8936763acfd7,169KS,,0,0,1592870550910,0,0
plugin_ios_activity_recognition,,0,2,0,f9daacfd-6043-4174-8af9-8936763acfd7,169KS,supplement,0,0,1592870610910,0,0
plugin_ios_activity_recognition,,0,2,0,f9daacfd-6043-4174-8af9-8936763acfd7,169KS,,0,0,1592870610912,0,0
plugin_ios_activity_recognition,,0,2,0,f9daacfd-6043-4174-8af9-8936763acfd7,169KS,,0,0,1592870670909,0,0
plugin_ios_activity_recognition,,0,2,0,f9daacfd-6043-4174-8af9-8936763acfd7,169KS,supplement,0,0,1592870670910,0,0
plugin_ios_activity_recognition,,0,2,0,f9daacfd-6043-4174-8af9-8936763acfd7,169KS,supplement,0,0,1592870730909,0,0
plugin_ios_activity_recognition,,0,2,0,f9daacfd-6043-4174-8af9-8936763acfd7,169KS,,0,0,1592870730983,0,0
plugin_ios_activity_recognition,,0,2,0,f9daacfd-6043-4174-8af9-8936763acfd7,169KS,,0,0,1592870790907,0,0
plugin_ios_activity_recognition,,0,2,0,f9daacfd-6043-4174-8af9-8936763acfd7,169KS,supplement,0,0,1592870790909,0,0
plugin_ios_activity_recognition,,0,2,0,f9daacfd-6043-4174-8af9-8936763acfd7,169KS,supplement,0,0,1592870850907,0,0
plugin_ios_activity_recognition,,0,2,0,f9daacfd-6043-4174-8af9-8936763acfd7,169KS,,0,0,1592870850916,0,0
plugin_ios_activity_recognition,"[""stationary""]",0,2,0,f9daacfd-6043-4174-8af9-8936763acfd7,169KS,,0,1,1592870874625,0,0
plugin_ios_activity_recognition,,0,2,0,f9daacfd-6043-4174-8af9-8936763acfd7,169KS,,0,0,1592870906086,0,0
plugin_ios_activity_recognition,,0,2,0,f9daacfd-6043-4174-8af9-8936763acfd7,169KS,supplement,0,0,1592870910907,0,0
plugin_ios_activity_recognition,,0,2,0,f9daacfd-6043-4174-8af9-8936763acfd7,169KS,,0,0,1592870910912,0,0
plugin_ios_activity_recognition,"[""walking""]",0,1,0,f9daacfd-6043-4174-8af9-8936763acfd7,169KS,,0,0,1592870926513,0,1
plugin_ios_activity_recognition,"[""walking""]",0,2,0,f9daacfd-6043-4174-8af9-8936763acfd7,169KS,,0,0,1592870939544,0,1
plugin_ios_activity_recognition,"[""walking""]",0,2,0,f9daacfd-6043-4174-8af9-8936763acfd7,169KS,,0,0,1592870971007,0,1
plugin_ios_activity_recognition,,0,2,0,f9daacfd-6043-4174-8af9-8936763acfd7,169KS,,0,0,1592870997980,0,0
plugin_ios_activity_recognition,"[""walking""]",0,1,0,f9daacfd-6043-4174-8af9-8936763acfd7,169KS,,0,0,1592871000530,0,1
plugin_ios_activity_recognition,"[""walking""]",0,2,0,f9daacfd-6043-4174-8af9-8936763acfd7,169KS,,0,0,1592871003083,0,1
plugin_ios_activity_recognition,"[""stationary""]",0,2,0,f9daacfd-6043-4174-8af9-8936763acfd7,169KS,,0,1,1592871029539,0,0
plugin_ios_activity_recognition,"[""stationary""]",0,2,0,f9daacfd-6043-4174-8af9-8936763acfd7,169KS,,0,1,1592871030912,0,0
plugin_ios_activity_recognition,"[""stationary""]",0,2,0,f9daacfd-6043-4174-8af9-8936763acfd7,169KS,,0,1,1592871090910,0,0
plugin_ios_activity_recognition,,0,2,0,f9daacfd-6043-4174-8af9-8936763acfd7,169KS,,0,0,1592871136458,0,0
plugin_ios_activity_recognition,"[""walking""]",0,1,0,f9daacfd-6043-4174-8af9-8936763acfd7,169KS,,0,0,1592871143835,0,1
plugin_ios_activity_recognition,"[""walking""]",0,2,0,f9daacfd-6043-4174-8af9-8936763acfd7,169KS,,0,0,1592871148949,0,1
plugin_ios_activity_recognition,"[""walking""]",0,2,0,f9daacfd-6043-4174-8af9-8936763acfd7,169KS,,0,0,1592871150913,0,1
plugin_ios_activity_recognition,"[""stationary""]",0,2,0,f9daacfd-6043-4174-8af9-8936763acfd7,169KS,,0,1,1592871153053,0,0
plugin_ios_activity_recognition,"[""walking""]",0,2,0,f9daacfd-6043-4174-8af9-8936763acfd7,169KS,,0,0,1592871186364,0,1
plugin_ios_activity_recognition,"[""stationary""]",0,2,0,f9daacfd-6043-4174-8af9-8936763acfd7,169KS,,0,1,1592871198166,0,0
plugin_ios_activity_recognition,"[""stationary""]",0,2,0,f9daacfd-6043-4174-8af9-8936763acfd7,169KS,,0,1,1592871210907,0,0
plugin_ios_activity_recognition,,0,2,0,f9daacfd-6043-4174-8af9-8936763acfd7,169KS,,0,0,1592871232012,0,0
plugin_ios_activity_recognition,"[""stationary""]",0,2,0,f9daacfd-6043-4174-8af9-8936763acfd7,169KS,,0,1,1592871237750,0,0
plugin_ios_activity_recognition,"[""stationary""]",0,2,0,f9daacfd-6043-4174-8af9-8936763acfd7,169KS,,0,1,1592871270909,0,0
plugin_ios_activity_recognition,,0,2,0,f9daacfd-6043-4174-8af9-8936763acfd7,169KS,,0,0,1592871291931,0,0
plugin_ios_activity_recognition,"[""walking""]",0,1,0,f9daacfd-6043-4174-8af9-8936763acfd7,169KS,,0,0,1592871294844,0,1
plugin_ios_activity_recognition,"[""walking""]",0,2,0,f9daacfd-6043-4174-8af9-8936763acfd7,169KS,,0,0,1592871297398,0,1
plugin_ios_activity_recognition,"[""walking""]",0,2,0,f9daacfd-6043-4174-8af9-8936763acfd7,169KS,,0,0,1592871330912,0,1
plugin_ios_activity_recognition,,0,2,0,f9daacfd-6043-4174-8af9-8936763acfd7,169KS,,0,0,1592871348449,0,0
plugin_ios_activity_recognition,"[""stationary""]",0,2,0,f9daacfd-6043-4174-8af9-8936763acfd7,169KS,,0,1,1592871371067,0,0
plugin_ios_activity_recognition,"[""stationary""]",0,2,0,f9daacfd-6043-4174-8af9-8936763acfd7,169KS,,0,1,1592871390911,0,0
plugin_ios_activity_recognition,"[""stationary""]",0,2,0,f9daacfd-6043-4174-8af9-8936763acfd7,169KS,supplement,0,1,1592871450911,0,0
plugin_ios_activity_recognition,"[""stationary""]",0,2,0,f9daacfd-6043-4174-8af9-8936763acfd7,169KS,,0,1,1592871450980,0,0
plugin_ios_activity_recognition,"[""stationary""]",0,2,0,f9daacfd-6043-4174-8af9-8936763acfd7,169KS,,0,1,1592871510910,0,0
plugin_ios_activity_recognition,"[""stationary""]",0,2,0,f9daacfd-6043-4174-8af9-8936763acfd7,169KS,supplement,0,1,1592871510911,0,0
plugin_ios_activity_recognition,,0,2,0,f9daacfd-6043-4174-8af9-8936763acfd7,169KS,,0,0,1592871515876,0,0
plugin_ios_activity_recognition,,0,2,0,f9daacfd-6043-4174-8af9-8936763acfd7,169KS,,0,0,1592871570915,0,0
plugin_ios_activity_recognition,"[""stationary""]",0,2,0,f9daacfd-6043-4174-8af9-8936763acfd7,169KS,,0,1,1592871573669,0,0
plugin_ios_activity_recognition,"[""stationary""]",0,2,0,f9daacfd-6043-4174-8af9-8936763acfd7,169KS,,0,1,1592871630907,0,0
plugin_ios_activity_recognition,,0,2,0,f9daacfd-6043-4174-8af9-8936763acfd7,169KS,,0,0,1592871656058,0,0
plugin_ios_activity_recognition,,0,2,0,f9daacfd-6043-4174-8af9-8936763acfd7,169KS,,0,0,1592871691002,0,0
plugin_ios_activity_recognition,,0,2,0,f9daacfd-6043-4174-8af9-8936763acfd7,169KS,,0,0,1592871750907,0,0
plugin_ios_activity_recognition,"[""stationary""]",0,2,0,f9daacfd-6043-4174-8af9-8936763acfd7,169KS,,0,1,1592871764557,0,0
plugin_ios_activity_recognition,"[""stationary""]",0,2,0,f9daacfd-6043-4174-8af9-8936763acfd7,169KS,,0,1,1592871810912,0,0
plugin_ios_activity_recognition,"[""stationary""]",0,2,0,f9daacfd-6043-4174-8af9-8936763acfd7,169KS,supplement,0,1,1592871870912,0,0
plugin_ios_activity_recognition,"[""stationary""]",0,2,0,f9daacfd-6043-4174-8af9-8936763acfd7,169KS,,0,1,1592871870915,0,0
plugin_ios_activity_recognition,,0,2,0,f9daacfd-6043-4174-8af9-8936763acfd7,169KS,,0,0,1592871908910,0,0
plugin_ios_activity_recognition,"[""stationary""]",0,2,0,f9daacfd-6043-4174-8af9-8936763acfd7,169KS,supplement,0,1,1592871930912,0,0
plugin_ios_activity_recognition,,0,2,0,f9daacfd-6043-4174-8af9-8936763acfd7,169KS,,0,0,1592871930995,0,0
plugin_ios_activity_recognition,"[""stationary""]",0,2,0,f9daacfd-6043-4174-8af9-8936763acfd7,169KS,,0,1,1592871976886,0,0
plugin_ios_activity_recognition,"[""stationary""]",0,2,0,f9daacfd-6043-4174-8af9-8936763acfd7,169KS,,0,1,1592871990911,0,0
plugin_ios_activity_recognition,"[""stationary""]",0,2,0,f9daacfd-6043-4174-8af9-8936763acfd7,169KS,,0,1,1592872050911,0,0
plugin_ios_activity_recognition,,0,2,0,f9daacfd-6043-4174-8af9-8936763acfd7,169KS,,0,0,1592872073865,0,0
plugin_ios_activity_recognition,,0,2,0,f9daacfd-6043-4174-8af9-8936763acfd7,169KS,,0,0,1592872110909,0,0
plugin_ios_activity_recognition,"[""stationary""]",0,2,0,f9daacfd-6043-4174-8af9-8936763acfd7,169KS,supplement,0,1,1592872110911,0,0
plugin_ios_activity_recognition,"[""stationary""]",0,2,0,f9daacfd-6043-4174-8af9-8936763acfd7,169KS,,0,1,1592872137050,0,0
plugin_ios_activity_recognition,"[""stationary""]",0,2,0,f9daacfd-6043-4174-8af9-8936763acfd7,169KS,,0,1,1592872170913,0,0
plugin_ios_activity_recognition,,0,2,0,f9daacfd-6043-4174-8af9-8936763acfd7,169KS,,0,0,1592872220154,0,0
plugin_ios_activity_recognition,"[""walking""]",0,1,0,f9daacfd-6043-4174-8af9-8936763acfd7,169KS,,0,0,1592872223062,0,1
plugin_ios_activity_recognition,"[""walking""]",0,2,0,f9daacfd-6043-4174-8af9-8936763acfd7,169KS,,0,0,1592872230722,0,1
plugin_ios_activity_recognition,"[""walking""]",0,2,0,f9daacfd-6043-4174-8af9-8936763acfd7,169KS,,0,0,1592872231034,0,1
plugin_ios_activity_recognition,"[""stationary""]",0,2,0,f9daacfd-6043-4174-8af9-8936763acfd7,169KS,,0,1,1592872279516,0,0
plugin_ios_activity_recognition,"[""stationary""]",0,2,0,f9daacfd-6043-4174-8af9-8936763acfd7,169KS,,0,1,1592872290918,0,0
plugin_ios_activity_recognition,,0,2,0,f9daacfd-6043-4174-8af9-8936763acfd7,169KS,,0,0,1592872306075,0,0
plugin_ios_activity_recognition,,0,2,0,f9daacfd-6043-4174-8af9-8936763acfd7,169KS,,0,0,1592872351007,0,0
plugin_ios_activity_recognition,"[""walking""]",0,2,0,f9daacfd-6043-4174-8af9-8936763acfd7,169KS,,0,0,1592872368673,0,1
plugin_ios_activity_recognition,"[""stationary""]",0,2,0,f9daacfd-6043-4174-8af9-8936763acfd7,169KS,,0,1,1592872405976,0,0
plugin_ios_activity_recognition,"[""stationary""]",0,2,0,f9daacfd-6043-4174-8af9-8936763acfd7,169KS,,0,1,1592872410987,0,0
plugin_ios_activity_recognition,"[""stationary""]",0,2,0,f9daacfd-6043-4174-8af9-8936763acfd7,169KS,,0,1,1592872470913,0,0
plugin_ios_activity_recognition,"[""stationary""]",0,2,0,f9daacfd-6043-4174-8af9-8936763acfd7,169KS,,0,1,1592872530912,0,0
plugin_ios_activity_recognition,"[""stationary""]",0,2,0,f9daacfd-6043-4174-8af9-8936763acfd7,169KS,supplement,0,1,1592872590912,0,0
plugin_ios_activity_recognition,"[""stationary""]",0,2,0,f9daacfd-6043-4174-8af9-8936763acfd7,169KS,,0,1,1592872590938,0,0
plugin_ios_activity_recognition,,0,2,0,f9daacfd-6043-4174-8af9-8936763acfd7,169KS,,0,0,1592872593583,0,0
plugin_ios_activity_recognition,"[""walking""]",0,1,0,f9daacfd-6043-4174-8af9-8936763acfd7,169KS,,0,0,1592872596131,0,1
plugin_ios_activity_recognition,"[""walking""]",0,2,0,f9daacfd-6043-4174-8af9-8936763acfd7,169KS,,0,0,1592872601239,0,1
plugin_ios_activity_recognition,"[""stationary""]",0,2,0,f9daacfd-6043-4174-8af9-8936763acfd7,169KS,,0,1,1592872637271,0,0
plugin_ios_activity_recognition,"[""stationary""]",0,2,0,f9daacfd-6043-4174-8af9-8936763acfd7,169KS,supplement,0,1,1592872650912,0,0
plugin_ios_activity_recognition,"[""stationary""]",0,2,0,f9daacfd-6043-4174-8af9-8936763acfd7,169KS,,0,1,1592872651000,0,0
plugin_ios_activity_recognition,,0,2,0,f9daacfd-6043-4174-8af9-8936763acfd7,169KS,,0,0,1592872657106,0,0
plugin_ios_activity_recognition,"[""walking""]",0,1,0,f9daacfd-6043-4174-8af9-8936763acfd7,169KS,,0,0,1592872662573,0,1
plugin_ios_activity_recognition,"[""walking""]",0,2,0,f9daacfd-6043-4174-8af9-8936763acfd7,169KS,,0,0,1592872670228,0,1
plugin_ios_activity_recognition,"[""stationary""]",0,2,0,f9daacfd-6043-4174-8af9-8936763acfd7,169KS,,0,1,1592872678804,0,0
plugin_ios_activity_recognition,"[""stationary""]",0,2,0,f9daacfd-6043-4174-8af9-8936763acfd7,169KS,,0,1,1592872710914,0,0
plugin_ios_activity_recognition,"[""walking""]",0,2,0,f9daacfd-6043-4174-8af9-8936763acfd7,169KS,,0,0,1592872718232,0,1
plugin_ios_activity_recognition,"[""stationary""]",0,2,0,f9daacfd-6043-4174-8af9-8936763acfd7,169KS,,0,1,1592872749548,0,0
plugin_ios_activity_recognition,"[""stationary""]",0,2,0,f9daacfd-6043-4174-8af9-8936763acfd7,169KS,,0,1,1592872770911,0,0
plugin_ios_activity_recognition,"[""stationary""]",0,2,0,f9daacfd-6043-4174-8af9-8936763acfd7,169KS,supplement,0,1,1592872830911,0,0
plugin_ios_activity_recognition,"[""stationary""]",0,2,0,f9daacfd-6043-4174-8af9-8936763acfd7,169KS,,0,1,1592872830914,0,0
plugin_ios_activity_recognition,,0,2,0,f9daacfd-6043-4174-8af9-8936763acfd7,169KS,,0,0,1592872846476,0,0
plugin_ios_activity_recognition,"[""walking""]",0,1,0,f9daacfd-6043-4174-8af9-8936763acfd7,169KS,,0,0,1592872849034,0,1
plugin_ios_activity_recognition,"[""walking""]",0,2,0,f9daacfd-6043-4174-8af9-8936763acfd7,169KS,,0,0,1592872851588,0,1
plugin_ios_activity_recognition,"[""stationary""]",0,2,0,f9daacfd-6043-4174-8af9-8936763acfd7,169KS,,0,1,1592872863669,0,0
plugin_ios_activity_recognition,"[""walking""]",0,2,0,f9daacfd-6043-4174-8af9-8936763acfd7,169KS,,0,0,1592872869732,0,1
plugin_ios_activity_recognition,"[""stationary""]",0,2,0,f9daacfd-6043-4174-8af9-8936763acfd7,169KS,supplement,0,1,1592872890911,0,0
plugin_ios_activity_recognition,"[""walking""]",0,2,0,f9daacfd-6043-4174-8af9-8936763acfd7,169KS,,0,0,1592872891008,0,1
plugin_ios_activity_recognition,"[""stationary""]",0,2,0,f9daacfd-6043-4174-8af9-8936763acfd7,169KS,,0,1,1592872897180,0,0
plugin_ios_activity_recognition,"[""stationary""]",0,2,0,f9daacfd-6043-4174-8af9-8936763acfd7,169KS,,0,1,1592872950913,0,0
plugin_ios_activity_recognition,,0,2,0,f9daacfd-6043-4174-8af9-8936763acfd7,169KS,,0,0,1592872986881,0,0
plugin_ios_activity_recognition,"[""stationary""]",0,2,0,f9daacfd-6043-4174-8af9-8936763acfd7,169KS,,0,1,1592872990991,0,0
plugin_ios_activity_recognition,,0,2,0,f9daacfd-6043-4174-8af9-8936763acfd7,169KS,,0,0,1592873005031,0,0
plugin_ios_activity_recognition,,0,2,0,f9daacfd-6043-4174-8af9-8936763acfd7,169KS,,0,0,1592873010914,0,0
plugin_ios_activity_recognition,"[""stationary""]",0,2,0,f9daacfd-6043-4174-8af9-8936763acfd7,169KS,,0,1,1592873011096,0,0
plugin_ios_activity_recognition,,0,2,0,f9daacfd-6043-4174-8af9-8936763acfd7,169KS,,0,0,1592873048142,0,0
plugin_ios_activity_recognition,,0,2,0,f9daacfd-6043-4174-8af9-8936763acfd7,169KS,,0,0,1592873070908,0,0
plugin_ios_activity_recognition,"[""stationary""]",0,2,0,f9daacfd-6043-4174-8af9-8936763acfd7,169KS,,0,1,1592873082564,0,0
plugin_ios_activity_recognition,,0,2,0,f9daacfd-6043-4174-8af9-8936763acfd7,169KS,,0,0,1592873104305,0,0
plugin_ios_activity_recognition,,0,2,0,f9daacfd-6043-4174-8af9-8936763acfd7,169KS,,0,0,1592873130979,0,0
plugin_ios_activity_recognition,"[""stationary""]",0,2,0,f9daacfd-6043-4174-8af9-8936763acfd7,169KS,,0,1,1592873137133,0,0
plugin_ios_activity_recognition,,0,2,0,f9daacfd-6043-4174-8af9-8936763acfd7,169KS,,0,0,1592873178341,0,0
plugin_ios_activity_recognition,,0,2,0,f9daacfd-6043-4174-8af9-8936763acfd7,169KS,,0,0,1592873190905,0,0
plugin_ios_activity_recognition,"[""stationary""]",0,2,0,f9daacfd-6043-4174-8af9-8936763acfd7,169KS,,0,1,1592873192660,0,0
plugin_ios_activity_recognition,,0,2,0,f9daacfd-6043-4174-8af9-8936763acfd7,169KS,,0,0,1592873201594,0,0
plugin_ios_activity_recognition,"[""stationary""]",0,2,0,f9daacfd-6043-4174-8af9-8936763acfd7,169KS,,0,1,1592873209572,0,0
plugin_ios_activity_recognition,"[""stationary""]",0,2,0,f9daacfd-6043-4174-8af9-8936763acfd7,169KS,,0,1,1592873250913,0,0
plugin_ios_activity_recognition,"[""stationary""]",0,2,0,f9daacfd-6043-4174-8af9-8936763acfd7,169KS,supplement,0,1,1592873310913,0,0
plugin_ios_activity_recognition,"[""stationary""]",0,2,0,f9daacfd-6043-4174-8af9-8936763acfd7,169KS,,0,1,1592873310914,0,0
plugin_ios_activity_recognition,"[""stationary""]",0,2,0,f9daacfd-6043-4174-8af9-8936763acfd7,169KS,,0,1,1592873370909,0,0
plugin_ios_activity_recognition,"[""stationary""]",0,2,0,f9daacfd-6043-4174-8af9-8936763acfd7,169KS,supplement,0,1,1592873370913,0,0
plugin_ios_activity_recognition,"[""stationary""]",0,2,0,f9daacfd-6043-4174-8af9-8936763acfd7,169KS,supplement,0,1,1592873430909,0,0
plugin_ios_activity_recognition,"[""stationary""]",0,2,0,f9daacfd-6043-4174-8af9-8936763acfd7,169KS,,0,1,1592873430912,0,0
plugin_ios_activity_recognition,"[""stationary""]",0,2,0,f9daacfd-6043-4174-8af9-8936763acfd7,169KS,supplement,0,1,1592873490909,0,0
plugin_ios_activity_recognition,"[""stationary""]",0,2,0,f9daacfd-6043-4174-8af9-8936763acfd7,169KS,supplement,0,1,1592873490912,0,0
plugin_ios_activity_recognition,"[""stationary""]",0,2,0,f9daacfd-6043-4174-8af9-8936763acfd7,169KS,,0,1,1592873490914,0,0
plugin_ios_activity_recognition,"[""stationary""]",0,2,0,f9daacfd-6043-4174-8af9-8936763acfd7,169KS,supplement,0,1,1592873550912,0,0
plugin_ios_activity_recognition,"[""stationary""]",0,2,0,f9daacfd-6043-4174-8af9-8936763acfd7,169KS,supplement,0,1,1592873550914,0,0
plugin_ios_activity_recognition,"[""stationary""]",0,2,0,f9daacfd-6043-4174-8af9-8936763acfd7,169KS,,0,1,1592873550918,0,0
plugin_ios_activity_recognition,"[""stationary""]",0,2,0,f9daacfd-6043-4174-8af9-8936763acfd7,169KS,supplement,0,1,1592873610914,0,0
plugin_ios_activity_recognition,"[""stationary""]",0,2,0,f9daacfd-6043-4174-8af9-8936763acfd7,169KS,supplement,0,1,1592873610918,0,0
plugin_ios_activity_recognition,"[""stationary""]",0,2,0,f9daacfd-6043-4174-8af9-8936763acfd7,169KS,,0,1,1592873611007,0,0
plugin_ios_activity_recognition,,0,2,0,f9daacfd-6043-4174-8af9-8936763acfd7,169KS,,0,0,1592873615073,0,0
plugin_ios_activity_recognition,,0,2,0,f9daacfd-6043-4174-8af9-8936763acfd7,169KS,,0,0,1592873670917,0,0
plugin_ios_activity_recognition,"[""stationary""]",0,2,0,f9daacfd-6043-4174-8af9-8936763acfd7,169KS,supplement,0,1,1592873670918,0,0
plugin_ios_activity_recognition,"[""walking""]",0,1,0,f9daacfd-6043-4174-8af9-8936763acfd7,169KS,,0,0,1592873693937,0,1
plugin_ios_activity_recognition,"[""stationary""]",0,2,0,f9daacfd-6043-4174-8af9-8936763acfd7,169KS,,0,1,1592873699316,0,0
plugin_ios_activity_recognition,"[""walking""]",0,2,0,f9daacfd-6043-4174-8af9-8936763acfd7,169KS,,0,0,1592873705379,0,1
plugin_ios_activity_recognition,"[""walking""]",0,2,0,f9daacfd-6043-4174-8af9-8936763acfd7,169KS,,0,0,1592873730915,0,1
plugin_ios_activity_recognition,"[""stationary""]",0,2,0,f9daacfd-6043-4174-8af9-8936763acfd7,169KS,,0,1,1592873731538,0,0
plugin_ios_activity_recognition,"[""walking""]",0,2,0,f9daacfd-6043-4174-8af9-8936763acfd7,169KS,,0,0,1592873742701,0,1
plugin_ios_activity_recognition,,0,2,0,f9daacfd-6043-4174-8af9-8936763acfd7,169KS,,0,0,1592873752633,0,0
plugin_ios_activity_recognition,,0,2,0,f9daacfd-6043-4174-8af9-8936763acfd7,169KS,,0,0,1592873790910,0,0
plugin_ios_activity_recognition,"[""stationary""]",0,2,0,f9daacfd-6043-4174-8af9-8936763acfd7,169KS,,0,1,1592873797912,0,0
plugin_ios_activity_recognition,"[""stationary""]",0,2,0,f9daacfd-6043-4174-8af9-8936763acfd7,169KS,,0,1,1592873850992,0,0
plugin_ios_activity_recognition,,0,2,0,f9daacfd-6043-4174-8af9-8936763acfd7,169KS,,0,0,1592873864264,0,0
plugin_ios_activity_recognition,"[""walking""]",0,1,0,f9daacfd-6043-4174-8af9-8936763acfd7,169KS,,0,0,1592873867810,0,1
plugin_ios_activity_recognition,"[""walking""]",0,2,0,f9daacfd-6043-4174-8af9-8936763acfd7,169KS,,0,0,1592873892335,0,1
plugin_ios_activity_recognition,"[""stationary""]",0,2,0,f9daacfd-6043-4174-8af9-8936763acfd7,169KS,,0,1,1592873895882,0,0
plugin_ios_activity_recognition,"[""walking""]",0,2,0,f9daacfd-6043-4174-8af9-8936763acfd7,169KS,,0,0,1592873907700,0,1
plugin_ios_activity_recognition,,0,2,0,f9daacfd-6043-4174-8af9-8936763acfd7,169KS,,0,0,1592873908695,0,0
plugin_ios_activity_recognition,,0,2,0,f9daacfd-6043-4174-8af9-8936763acfd7,169KS,,0,0,1592873910915,0,0
plugin_ios_activity_recognition,"[""stationary""]",0,2,0,f9daacfd-6043-4174-8af9-8936763acfd7,169KS,,0,1,1592873913795,0,0
plugin_ios_activity_recognition,,0,2,0,f9daacfd-6043-4174-8af9-8936763acfd7,169KS,,0,0,1592873914396,0,0
plugin_ios_activity_recognition,"[""stationary""]",0,2,0,f9daacfd-6043-4174-8af9-8936763acfd7,169KS,,0,1,1592873923002,0,0
plugin_ios_activity_recognition,,0,2,0,f9daacfd-6043-4174-8af9-8936763acfd7,169KS,,0,0,1592873935158,0,0
plugin_ios_activity_recognition,"[""stationary""]",0,2,0,f9daacfd-6043-4174-8af9-8936763acfd7,169KS,,0,1,1592873940258,0,0
plugin_ios_activity_recognition,,0,2,0,f9daacfd-6043-4174-8af9-8936763acfd7,169KS,,0,0,1592873942167,0,0
plugin_ios_activity_recognition,,0,2,0,f9daacfd-6043-4174-8af9-8936763acfd7,169KS,,0,0,1592873970915,0,0
plugin_ios_activity_recognition,,0,2,0,f9daacfd-6043-4174-8af9-8936763acfd7,169KS,supplement,0,0,1592874030915,0,0
plugin_ios_activity_recognition,,0,2,0,f9daacfd-6043-4174-8af9-8936763acfd7,169KS,,0,0,1592874030926,0,0
plugin_ios_activity_recognition,,0,2,0,f9daacfd-6043-4174-8af9-8936763acfd7,169KS,supplement,0,0,1592874090915,0,0
plugin_ios_activity_recognition,,0,2,0,f9daacfd-6043-4174-8af9-8936763acfd7,169KS,supplement,0,0,1592874090926,0,0
plugin_ios_activity_recognition,,0,2,0,f9daacfd-6043-4174-8af9-8936763acfd7,169KS,,0,0,1592874091008,0,0
plugin_ios_activity_recognition,"[""stationary""]",0,2,0,f9daacfd-6043-4174-8af9-8936763acfd7,169KS,,0,1,1592874121464,0,0
plugin_ios_activity_recognition,"[""stationary""]",0,2,0,f9daacfd-6043-4174-8af9-8936763acfd7,169KS,,0,1,1592874150914,0,0
plugin_ios_activity_recognition,,0,2,0,f9daacfd-6043-4174-8af9-8936763acfd7,169KS,supplement,0,0,1592874150926,0,0
plugin_ios_activity_recognition,,0,2,0,f9daacfd-6043-4174-8af9-8936763acfd7,169KS,,0,0,1592874198254,0,0
plugin_ios_activity_recognition,,0,2,0,f9daacfd-6043-4174-8af9-8936763acfd7,169KS,,0,0,1592874210909,0,0
plugin_ios_activity_recognition,"[""stationary""]",0,2,0,f9daacfd-6043-4174-8af9-8936763acfd7,169KS,,0,1,1592874267495,0,0
plugin_ios_activity_recognition,"[""stationary""]",0,2,0,f9daacfd-6043-4174-8af9-8936763acfd7,169KS,,0,1,1592874270921,0,0
plugin_ios_activity_recognition,,0,2,0,f9daacfd-6043-4174-8af9-8936763acfd7,169KS,,0,0,1592874330576,0,0
plugin_ios_activity_recognition,,0,2,0,f9daacfd-6043-4174-8af9-8936763acfd7,169KS,,0,0,1592874330994,0,0
plugin_ios_activity_recognition,"[""stationary""]",0,2,0,f9daacfd-6043-4174-8af9-8936763acfd7,169KS,,0,1,1592874360237,0,0
plugin_ios_activity_recognition,"[""stationary""]",0,2,0,f9daacfd-6043-4174-8af9-8936763acfd7,169KS,,0,1,1592874390915,0,0
plugin_ios_activity_recognition,,0,2,0,f9daacfd-6043-4174-8af9-8936763acfd7,169KS,,0,0,1592874438769,0,0
plugin_ios_activity_recognition,,0,2,0,f9daacfd-6043-4174-8af9-8936763acfd7,169KS,,0,0,1592874450911,0,0
plugin_ios_activity_recognition,,0,2,0,f9daacfd-6043-4174-8af9-8936763acfd7,169KS,supplement,0,0,1592874510911,0,0
plugin_ios_activity_recognition,,0,2,0,f9daacfd-6043-4174-8af9-8936763acfd7,169KS,,0,0,1592874510926,0,0
plugin_ios_activity_recognition,,0,2,0,f9daacfd-6043-4174-8af9-8936763acfd7,169KS,supplement,0,0,1592874570911,0,0
plugin_ios_activity_recognition,,0,2,0,f9daacfd-6043-4174-8af9-8936763acfd7,169KS,supplement,0,0,1592874570926,0,0
plugin_ios_activity_recognition,,0,2,0,f9daacfd-6043-4174-8af9-8936763acfd7,169KS,,0,0,1592874570941,0,0
plugin_ios_activity_recognition,"[""stationary""]",0,2,0,f9daacfd-6043-4174-8af9-8936763acfd7,169KS,,0,1,1592874571444,0,0
plugin_ios_activity_recognition,,0,2,0,f9daacfd-6043-4174-8af9-8936763acfd7,169KS,,0,0,1592874573993,0,0
plugin_ios_activity_recognition,,0,2,0,f9daacfd-6043-4174-8af9-8936763acfd7,169KS,,0,0,1592874630909,0,0
plugin_ios_activity_recognition,,0,2,0,f9daacfd-6043-4174-8af9-8936763acfd7,169KS,supplement,0,0,1592874630926,0,0
plugin_ios_activity_recognition,,0,2,0,f9daacfd-6043-4174-8af9-8936763acfd7,169KS,supplement,0,0,1592874690909,0,0
plugin_ios_activity_recognition,,0,2,0,f9daacfd-6043-4174-8af9-8936763acfd7,169KS,,0,0,1592874690912,0,0
plugin_ios_activity_recognition,"[""stationary""]",0,2,0,f9daacfd-6043-4174-8af9-8936763acfd7,169KS,,0,1,1592874730605,0,0
plugin_ios_activity_recognition,,0,2,0,f9daacfd-6043-4174-8af9-8936763acfd7,169KS,supplement,0,0,1592874750909,0,0
plugin_ios_activity_recognition,"[""stationary""]",0,2,0,f9daacfd-6043-4174-8af9-8936763acfd7,169KS,,0,1,1592874750919,0,0
plugin_ios_activity_recognition,,0,2,0,f9daacfd-6043-4174-8af9-8936763acfd7,169KS,,0,0,1592874783456,0,0
plugin_ios_activity_recognition,"[""stationary""]",0,2,0,f9daacfd-6043-4174-8af9-8936763acfd7,169KS,,0,1,1592874807380,0,0
plugin_ios_activity_recognition,"[""stationary""]",0,2,0,f9daacfd-6043-4174-8af9-8936763acfd7,169KS,,0,1,1592874810971,0,0
plugin_ios_activity_recognition,"[""stationary""]",0,2,0,f9daacfd-6043-4174-8af9-8936763acfd7,169KS,,0,1,1592874870914,0,0
plugin_ios_activity_recognition,"[""stationary""]",0,2,0,f9daacfd-6043-4174-8af9-8936763acfd7,169KS,,0,1,1592874930914,0,0
plugin_ios_activity_recognition,"[""stationary""]",0,2,0,f9daacfd-6043-4174-8af9-8936763acfd7,169KS,supplement,0,1,1592874990914,0,0
plugin_ios_activity_recognition,,0,2,0,f9daacfd-6043-4174-8af9-8936763acfd7,169KS,,0,0,1592875016148,0,0
plugin_ios_activity_recognition,"[""stationary""]",0,2,0,f9daacfd-6043-4174-8af9-8936763acfd7,169KS,supplement,0,1,1592875050914,0,0
plugin_ios_activity_recognition,,0,2,0,f9daacfd-6043-4174-8af9-8936763acfd7,169KS,,0,0,1592875050994,0,0
plugin_ios_activity_recognition,,0,2,0,f9daacfd-6043-4174-8af9-8936763acfd7,169KS,,0,0,1592875110916,0,0
plugin_ios_activity_recognition,"[""stationary""]",0,2,0,f9daacfd-6043-4174-8af9-8936763acfd7,169KS,,0,1,1592875117946,0,0
plugin_ios_activity_recognition,,0,2,0,f9daacfd-6043-4174-8af9-8936763acfd7,169KS,,0,0,1592875142848,0,0
plugin_ios_activity_recognition,"[""stationary""]",0,2,0,f9daacfd-6043-4174-8af9-8936763acfd7,169KS,,0,1,1592875157200,0,0
plugin_ios_activity_recognition,,0,2,0,f9daacfd-6043-4174-8af9-8936763acfd7,169KS,,0,0,1592875157519,0,0
plugin_ios_activity_recognition,,0,2,0,f9daacfd-6043-4174-8af9-8936763acfd7,169KS,,0,0,1592875170911,0,0
plugin_ios_activity_recognition,"[""stationary""]",0,2,0,f9daacfd-6043-4174-8af9-8936763acfd7,169KS,,0,1,1592875220071,0,0
plugin_ios_activity_recognition,"[""stationary""]",0,2,0,f9daacfd-6043-4174-8af9-8936763acfd7,169KS,,0,1,1592875230916,0,0
plugin_ios_activity_recognition,,0,2,0,f9daacfd-6043-4174-8af9-8936763acfd7,169KS,,0,0,1592875238925,0,0
plugin_ios_activity_recognition,"[""stationary""]",0,2,0,f9daacfd-6043-4174-8af9-8936763acfd7,169KS,,0,1,1592875282964,0,0
plugin_ios_activity_recognition,"[""stationary""]",0,2,0,f9daacfd-6043-4174-8af9-8936763acfd7,169KS,,0,1,1592875290920,0,0
plugin_ios_activity_recognition,,0,2,0,f9daacfd-6043-4174-8af9-8936763acfd7,169KS,,0,0,1592875306019,0,0
plugin_ios_activity_recognition,"[""stationary""]",0,2,0,f9daacfd-6043-4174-8af9-8936763acfd7,169KS,,0,1,1592875325795,0,0
plugin_ios_activity_recognition,,0,2,0,f9daacfd-6043-4174-8af9-8936763acfd7,169KS,,0,0,1592875327110,0,0
plugin_ios_activity_recognition,,0,2,0,f9daacfd-6043-4174-8af9-8936763acfd7,169KS,,0,0,1592875350917,0,0
plugin_ios_activity_recognition,"[""stationary""]",0,2,0,f9daacfd-6043-4174-8af9-8936763acfd7,169KS,,0,1,1592875378458,0,0
plugin_ios_activity_recognition,,0,2,0,f9daacfd-6043-4174-8af9-8936763acfd7,169KS,,0,0,1592875401150,0,0
plugin_ios_activity_recognition,,0,2,0,f9daacfd-6043-4174-8af9-8936763acfd7,169KS,,0,0,1592875410918,0,0
plugin_ios_activity_recognition,"[""stationary""]",0,2,0,f9daacfd-6043-4174-8af9-8936763acfd7,169KS,,0,1,1592875419301,0,0
plugin_ios_activity_recognition,,0,2,0,f9daacfd-6043-4174-8af9-8936763acfd7,169KS,,0,0,1592875420578,0,0
plugin_ios_activity_recognition,"[""stationary""]",0,2,0,f9daacfd-6043-4174-8af9-8936763acfd7,169KS,,0,1,1592875436522,0,0
plugin_ios_activity_recognition,"[""stationary""]",0,2,0,f9daacfd-6043-4174-8af9-8936763acfd7,169KS,,0,1,1592875470918,0,0
plugin_ios_activity_recognition,,0,2,0,f9daacfd-6043-4174-8af9-8936763acfd7,169KS,,0,0,1592875492751,0,0
plugin_ios_activity_recognition,"[""stationary""]",0,2,0,f9daacfd-6043-4174-8af9-8936763acfd7,169KS,,0,1,1592875515094,0,0
plugin_ios_activity_recognition,"[""stationary""]",0,2,0,f9daacfd-6043-4174-8af9-8936763acfd7,169KS,,0,1,1592875531011,0,0
plugin_ios_activity_recognition,,0,2,0,f9daacfd-6043-4174-8af9-8936763acfd7,169KS,,0,0,1592875563986,0,0
plugin_ios_activity_recognition,"[""stationary""]",0,2,0,f9daacfd-6043-4174-8af9-8936763acfd7,169KS,,0,1,1592875589816,0,0
plugin_ios_activity_recognition,"[""stationary""]",0,2,0,f9daacfd-6043-4174-8af9-8936763acfd7,169KS,,0,1,1592875590917,0,0
plugin_ios_activity_recognition,"[""stationary""]",0,2,0,f9daacfd-6043-4174-8af9-8936763acfd7,169KS,,0,1,1592875650917,0,0
plugin_ios_activity_recognition,,0,2,0,f9daacfd-6043-4174-8af9-8936763acfd7,169KS,,0,0,1592875664690,0,0
plugin_ios_activity_recognition,"[""walking""]",0,1,0,f9daacfd-6043-4174-8af9-8936763acfd7,169KS,,0,0,1592875669513,0,1
plugin_ios_activity_recognition,"[""walking""]",0,2,0,f9daacfd-6043-4174-8af9-8936763acfd7,169KS,,0,0,1592875672066,0,1
plugin_ios_activity_recognition,"[""stationary""]",0,2,0,f9daacfd-6043-4174-8af9-8936763acfd7,169KS,,0,1,1592875681915,0,0
plugin_ios_activity_recognition,"[""stationary""]",0,2,0,f9daacfd-6043-4174-8af9-8936763acfd7,169KS,,0,1,1592875710919,0,0
plugin_ios_activity_recognition,"[""stationary""]",0,2,0,f9daacfd-6043-4174-8af9-8936763acfd7,169KS,supplement,0,1,1592875770919,0,0
plugin_ios_activity_recognition,"[""stationary""]",0,2,0,f9daacfd-6043-4174-8af9-8936763acfd7,169KS,,0,1,1592875770921,0,0
plugin_ios_activity_recognition,,0,2,0,f9daacfd-6043-4174-8af9-8936763acfd7,169KS,,0,0,1592875776384,0,0
plugin_ios_activity_recognition,"[""stationary""]",0,2,0,f9daacfd-6043-4174-8af9-8936763acfd7,169KS,,0,1,1592875789824,0,0
plugin_ios_activity_recognition,"[""stationary""]",0,2,0,f9daacfd-6043-4174-8af9-8936763acfd7,169KS,,0,1,1592875830919,0,0
plugin_ios_activity_recognition,,0,2,0,f9daacfd-6043-4174-8af9-8936763acfd7,169KS,,0,0,1592875839367,0,0
plugin_ios_activity_recognition,"[""stationary""]",0,2,0,f9daacfd-6043-4174-8af9-8936763acfd7,169KS,,0,1,1592875867767,0,0
plugin_ios_activity_recognition,"[""stationary""]",0,2,0,f9daacfd-6043-4174-8af9-8936763acfd7,169KS,,0,1,1592875890926,0,0
plugin_ios_activity_recognition,,0,2,0,f9daacfd-6043-4174-8af9-8936763acfd7,169KS,,0,0,1592875906568,0,0
plugin_ios_activity_recognition,"[""stationary""]",0,2,0,f9daacfd-6043-4174-8af9-8936763acfd7,169KS,,0,1,1592875929857,0,0
plugin_ios_activity_recognition,"[""stationary""]",0,2,0,f9daacfd-6043-4174-8af9-8936763acfd7,169KS,,0,1,1592875950919,0,0
plugin_ios_activity_recognition,"[""stationary""]",0,2,0,f9daacfd-6043-4174-8af9-8936763acfd7,169KS,supplement,0,1,1592876010919,0,0
plugin_ios_activity_recognition,"[""stationary""]",0,2,0,f9daacfd-6043-4174-8af9-8936763acfd7,169KS,,0,1,1592876011013,0,0
plugin_ios_activity_recognition,,0,2,0,f9daacfd-6043-4174-8af9-8936763acfd7,169KS,,0,0,1592876016915,0,0
plugin_ios_activity_recognition,"[""stationary""]",0,2,0,f9daacfd-6043-4174-8af9-8936763acfd7,169KS,,0,1,1592876030943,0,0
plugin_ios_activity_recognition,"[""stationary""]",0,2,0,f9daacfd-6043-4174-8af9-8936763acfd7,169KS,supplement,0,1,1592876070919,0,0
plugin_ios_activity_recognition,"[""stationary""]",0,2,0,f9daacfd-6043-4174-8af9-8936763acfd7,169KS,,0,1,1592876070920,0,0
plugin_ios_activity_recognition,,0,2,0,f9daacfd-6043-4174-8af9-8936763acfd7,169KS,,0,0,1592876093691,0,0
plugin_ios_activity_recognition,"[""stationary""]",0,2,0,f9daacfd-6043-4174-8af9-8936763acfd7,169KS,,0,1,1592876114416,0,0
plugin_ios_activity_recognition,,0,2,0,f9daacfd-6043-4174-8af9-8936763acfd7,169KS,,0,0,1592876116331,0,0
plugin_ios_activity_recognition,"[""stationary""]",0,2,0,f9daacfd-6043-4174-8af9-8936763acfd7,169KS,,0,1,1592876123672,0,0
plugin_ios_activity_recognition,"[""stationary""]",0,2,0,f9daacfd-6043-4174-8af9-8936763acfd7,169KS,,0,1,1592876130922,0,0
plugin_ios_activity_recognition,,0,2,0,f9daacfd-6043-4174-8af9-8936763acfd7,169KS,,0,0,1592876170798,0,0
plugin_ios_activity_recognition,,0,2,0,f9daacfd-6043-4174-8af9-8936763acfd7,169KS,,0,0,1592876190912,0,0
plugin_ios_activity_recognition,"[""stationary""]",0,2,0,f9daacfd-6043-4174-8af9-8936763acfd7,169KS,,0,1,1592876196007,0,0
plugin_ios_activity_recognition,"[""stationary""]",0,2,0,f9daacfd-6043-4174-8af9-8936763acfd7,169KS,,0,1,1592876251013,0,0
plugin_ios_activity_recognition,,0,2,0,f9daacfd-6043-4174-8af9-8936763acfd7,169KS,,0,0,1592876287684,0,0
plugin_ios_activity_recognition,,0,2,0,f9daacfd-6043-4174-8af9-8936763acfd7,169KS,,0,0,1592876310920,0,0
plugin_ios_activity_recognition,"[""stationary""]",0,2,0,f9daacfd-6043-4174-8af9-8936763acfd7,169KS,,0,1,1592876324721,0,0
plugin_ios_activity_recognition,"[""stationary""]",0,2,0,f9daacfd-6043-4174-8af9-8936763acfd7,169KS,,0,1,1592876370917,0,0
plugin_ios_activity_recognition,,0,2,0,f9daacfd-6043-4174-8af9-8936763acfd7,169KS,,0,0,1592876372451,0,0
plugin_ios_activity_recognition,"[""walking""]",0,1,0,f9daacfd-6043-4174-8af9-8936763acfd7,169KS,,0,0,1592876376005,0,1
plugin_ios_activity_recognition,"[""walking""]",0,2,0,f9daacfd-6043-4174-8af9-8936763acfd7,169KS,,0,0,1592876378558,0,1
plugin_ios_activity_recognition,"[""stationary""]",0,2,0,f9daacfd-6043-4174-8af9-8936763acfd7,169KS,,0,1,1592876384577,0,0
plugin_ios_activity_recognition,"[""walking""]",0,2,0,f9daacfd-6043-4174-8af9-8936763acfd7,169KS,,0,0,1592876418781,0,1
plugin_ios_activity_recognition,"[""walking""]",0,2,0,f9daacfd-6043-4174-8af9-8936763acfd7,169KS,,0,0,1592876430942,0,1
plugin_ios_activity_recognition,,0,2,0,f9daacfd-6043-4174-8af9-8936763acfd7,169KS,,0,0,1592876432227,0,0
plugin_ios_activity_recognition,"[""stationary""]",0,2,0,f9daacfd-6043-4174-8af9-8936763acfd7,169KS,,0,1,1592876436971,0,0
plugin_ios_activity_recognition,"[""stationary""]",0,2,0,f9daacfd-6043-4174-8af9-8936763acfd7,169KS,,0,1,1592876491013,0,0
plugin_ios_activity_recognition,"[""stationary""]",0,2,0,f9daacfd-6043-4174-8af9-8936763acfd7,169KS,,0,1,1592876550916,0,0
plugin_ios_activity_recognition,"[""stationary""]",0,2,0,f9daacfd-6043-4174-8af9-8936763acfd7,169KS,supplement,0,1,1592876610916,0,0
plugin_ios_activity_recognition,"[""stationary""]",0,2,0,f9daacfd-6043-4174-8af9-8936763acfd7,169KS,,0,1,1592876610920,0,0
plugin_ios_activity_recognition,"[""stationary""]",0,2,0,f9daacfd-6043-4174-8af9-8936763acfd7,169KS,supplement,0,1,1592876670916,0,0
plugin_ios_activity_recognition,"[""stationary""]",0,2,0,f9daacfd-6043-4174-8af9-8936763acfd7,169KS,,0,1,1592876670918,0,0
plugin_ios_activity_recognition,"[""stationary""]",0,2,0,f9daacfd-6043-4174-8af9-8936763acfd7,169KS,supplement,0,1,1592876730918,0,0
plugin_ios_activity_recognition,"[""stationary""]",0,2,0,f9daacfd-6043-4174-8af9-8936763acfd7,169KS,,0,1,1592876731012,0,0
plugin_ios_activity_recognition,"[""stationary""]",0,2,0,f9daacfd-6043-4174-8af9-8936763acfd7,169KS,supplement,0,1,1592876790918,0,0
plugin_ios_activity_recognition,"[""stationary""]",0,2,0,f9daacfd-6043-4174-8af9-8936763acfd7,169KS,,0,1,1592876790919,0,0
plugin_ios_activity_recognition,,0,2,0,f9daacfd-6043-4174-8af9-8936763acfd7,169KS,,0,0,1592876821225,0,0
plugin_ios_activity_recognition,,0,2,0,f9daacfd-6043-4174-8af9-8936763acfd7,169KS,,0,0,1592876850916,0,0
plugin_ios_activity_recognition,"[""stationary""]",0,2,0,f9daacfd-6043-4174-8af9-8936763acfd7,169KS,,0,1,1592876858860,0,0
plugin_ios_activity_recognition,"[""stationary""]",0,2,0,f9daacfd-6043-4174-8af9-8936763acfd7,169KS,,0,1,1592876910919,0,0
plugin_ios_activity_recognition,,0,2,0,f9daacfd-6043-4174-8af9-8936763acfd7,169KS,,0,0,1592876951640,0,0
plugin_ios_activity_recognition,"[""walking""]",0,1,0,f9daacfd-6043-4174-8af9-8936763acfd7,169KS,,0,0,1592876954876,0,1
plugin_ios_activity_recognition,"[""stationary""]",0,2,0,f9daacfd-6043-4174-8af9-8936763acfd7,169KS,,0,1,1592876958337,0,0
plugin_ios_activity_recognition,"[""stationary""]",0,2,0,f9daacfd-6043-4174-8af9-8936763acfd7,169KS,,0,1,1592876970999,0,0
plugin_ios_activity_recognition,"[""stationary""]",0,2,0,f9daacfd-6043-4174-8af9-8936763acfd7,169KS,,0,1,1592877030918,0,0
plugin_ios_activity_recognition,"[""stationary""]",0,2,0,f9daacfd-6043-4174-8af9-8936763acfd7,169KS,supplement,0,1,1592877090918,0,0
plugin_ios_activity_recognition,"[""stationary""]",0,2,0,f9daacfd-6043-4174-8af9-8936763acfd7,169KS,,0,1,1592877090919,0,0
plugin_ios_activity_recognition,"[""stationary""]",0,2,0,f9daacfd-6043-4174-8af9-8936763acfd7,169KS,,0,1,1592877150918,0,0
plugin_ios_activity_recognition,,0,2,0,f9daacfd-6043-4174-8af9-8936763acfd7,169KS,,0,0,1592877156774,0,0
plugin_ios_activity_recognition,"[""stationary""]",0,2,0,f9daacfd-6043-4174-8af9-8936763acfd7,169KS,,0,1,1592877185806,0,0
plugin_ios_activity_recognition,"[""stationary""]",0,2,0,f9daacfd-6043-4174-8af9-8936763acfd7,169KS,,0,1,1592877210943,0,0
plugin_ios_activity_recognition,,0,2,0,f9daacfd-6043-4174-8af9-8936763acfd7,169KS,,0,0,1592877229947,0,0
plugin_ios_activity_recognition,"[""stationary""]",0,2,0,f9daacfd-6043-4174-8af9-8936763acfd7,169KS,,0,1,1592877240774,0,0
plugin_ios_activity_recognition,"[""stationary""]",0,2,0,f9daacfd-6043-4174-8af9-8936763acfd7,169KS,,0,1,1592877270916,0,0
plugin_ios_activity_recognition,"[""stationary""]",0,2,0,f9daacfd-6043-4174-8af9-8936763acfd7,169KS,supplement,0,1,1592877330916,0,0
plugin_ios_activity_recognition,"[""stationary""]",0,2,0,f9daacfd-6043-4174-8af9-8936763acfd7,169KS,,0,1,1592877330919,0,0
plugin_ios_activity_recognition,"[""stationary""]",0,2,0,f9daacfd-6043-4174-8af9-8936763acfd7,169KS,supplement,0,1,1592877390916,0,0
plugin_ios_activity_recognition,"[""stationary""]",0,2,0,f9daacfd-6043-4174-8af9-8936763acfd7,169KS,,0,1,1592877390918,0,0
plugin_ios_activity_recognition,"[""stationary""]",0,2,0,f9daacfd-6043-4174-8af9-8936763acfd7,169KS,,0,1,1592877450917,0,0
plugin_ios_activity_recognition,,0,2,0,f9daacfd-6043-4174-8af9-8936763acfd7,169KS,,0,0,1592877457911,0,0
plugin_ios_activity_recognition,"[""stationary""]",0,2,0,f9daacfd-6043-4174-8af9-8936763acfd7,169KS,,0,1,1592877483727,0,0
plugin_ios_activity_recognition,"[""stationary""]",0,2,0,f9daacfd-6043-4174-8af9-8936763acfd7,169KS,,0,1,1592877510919,0,0
plugin_ios_activity_recognition,"[""stationary""]",0,2,0,f9daacfd-6043-4174-8af9-8936763acfd7,169KS,,0,1,1592877570918,0,0
plugin_ios_activity_recognition,"[""stationary""]",0,2,0,f9daacfd-6043-4174-8af9-8936763acfd7,169KS,supplement,0,1,1592877630918,0,0
plugin_ios_activity_recognition,"[""stationary""]",0,2,0,f9daacfd-6043-4174-8af9-8936763acfd7,169KS,,0,1,1592877630992,0,0
plugin_ios_activity_recognition,,0,2,0,f9daacfd-6043-4174-8af9-8936763acfd7,169KS,,0,0,1592877668928,0,0
plugin_ios_activity_recognition,"[""stationary""]",0,2,0,f9daacfd-6043-4174-8af9-8936763acfd7,169KS,supplement,0,1,1592877690918,0,0
plugin_ios_activity_recognition,,0,2,0,f9daacfd-6043-4174-8af9-8936763acfd7,169KS,,0,0,1592877690934,0,0
plugin_ios_activity_recognition,"[""stationary""]",0,2,0,f9daacfd-6043-4174-8af9-8936763acfd7,169KS,,0,1,1592877694771,0,0
plugin_ios_activity_recognition,,0,2,0,f9daacfd-6043-4174-8af9-8936763acfd7,169KS,,0,0,1592877696674,0,0
plugin_ios_activity_recognition,"[""stationary""]",0,2,0,f9daacfd-6043-4174-8af9-8936763acfd7,169KS,,0,1,1592877728623,0,0
plugin_ios_activity_recognition,"[""stationary""]",0,2,0,f9daacfd-6043-4174-8af9-8936763acfd7,169KS,,0,1,1592877750926,0,0
plugin_ios_activity_recognition,"[""stationary""]",0,2,0,f9daacfd-6043-4174-8af9-8936763acfd7,169KS,,0,1,1592877810918,0,0
plugin_ios_activity_recognition,,0,2,0,f9daacfd-6043-4174-8af9-8936763acfd7,169KS,,0,0,1592877854036,0,0
plugin_ios_activity_recognition,"[""stationary""]",0,2,0,f9daacfd-6043-4174-8af9-8936763acfd7,169KS,,0,1,1592877858185,0,0
plugin_ios_activity_recognition,"[""stationary""]",0,2,0,f9daacfd-6043-4174-8af9-8936763acfd7,169KS,,0,1,1592877870918,0,0
plugin_ios_activity_recognition,,0,2,0,f9daacfd-6043-4174-8af9-8936763acfd7,169KS,,0,0,1592877912343,0,0
plugin_ios_activity_recognition,"[""stationary""]",0,2,0,f9daacfd-6043-4174-8af9-8936763acfd7,169KS,,0,1,1592877929887,0,0
plugin_ios_activity_recognition,"[""stationary""]",0,2,0,f9daacfd-6043-4174-8af9-8936763acfd7,169KS,,0,1,1592877930937,0,0
plugin_ios_activity_recognition,,0,2,0,f9daacfd-6043-4174-8af9-8936763acfd7,169KS,,0,0,1592877981631,0,0
plugin_ios_activity_recognition,,0,2,0,f9daacfd-6043-4174-8af9-8936763acfd7,169KS,,0,0,1592877990916,0,0
plugin_ios_activity_recognition,"[""stationary""]",0,2,0,f9daacfd-6043-4174-8af9-8936763acfd7,169KS,,0,1,1592877998543,0,0
plugin_ios_activity_recognition,,0,2,0,f9daacfd-6043-4174-8af9-8936763acfd7,169KS,,0,0,1592878010036,0,0
plugin_ios_activity_recognition,"[""stationary""]",0,2,0,f9daacfd-6043-4174-8af9-8936763acfd7,169KS,,0,1,1592878046135,0,0
plugin_ios_activity_recognition,"[""stationary""]",0,2,0,f9daacfd-6043-4174-8af9-8936763acfd7,169KS,,0,1,1592878050922,0,0
plugin_ios_activity_recognition,"[""stationary""]",0,2,0,f9daacfd-6043-4174-8af9-8936763acfd7,169KS,supplement,0,1,1592878110922,0,0
plugin_ios_activity_recognition,"[""stationary""]",0,2,0,f9daacfd-6043-4174-8af9-8936763acfd7,169KS,,0,1,1592878110923,0,0
plugin_ios_activity_recognition,,0,2,0,f9daacfd-6043-4174-8af9-8936763acfd7,169KS,,0,0,1592878119742,0,0
plugin_ios_activity_recognition,"[""stationary""]",0,2,0,f9daacfd-6043-4174-8af9-8936763acfd7,169KS,,0,1,1592878139186,0,0
plugin_ios_activity_recognition,,0,2,0,f9daacfd-6043-4174-8af9-8936763acfd7,169KS,,0,0,1592878149720,0,0
plugin_ios_activity_recognition,"[""stationary""]",0,2,0,f9daacfd-6043-4174-8af9-8936763acfd7,169KS,supplement,0,1,1592878170922,0,0
plugin_ios_activity_recognition,,0,2,0,f9daacfd-6043-4174-8af9-8936763acfd7,169KS,,0,0,1592878170962,0,0
plugin_ios_activity_recognition,,0,2,0,f9daacfd-6043-4174-8af9-8936763acfd7,169KS,,0,0,1592878230926,0,0
plugin_ios_activity_recognition,"[""stationary""]",0,2,0,f9daacfd-6043-4174-8af9-8936763acfd7,169KS,,0,1,1592878236176,0,0
plugin_ios_activity_recognition,"[""stationary""]",0,2,0,f9daacfd-6043-4174-8af9-8936763acfd7,169KS,,0,1,1592878290917,0,0
plugin_ios_activity_recognition,"[""stationary""]",0,2,0,f9daacfd-6043-4174-8af9-8936763acfd7,169KS,supplement,0,1,1592878350917,0,0
plugin_ios_activity_recognition,"[""stationary""]",0,2,0,f9daacfd-6043-4174-8af9-8936763acfd7,169KS,,0,1,1592878350926,0,0
plugin_ios_activity_recognition,,0,2,0,f9daacfd-6043-4174-8af9-8936763acfd7,169KS,,0,0,1592878394880,0,0
plugin_ios_activity_recognition,"[""stationary""]",0,2,0,f9daacfd-6043-4174-8af9-8936763acfd7,169KS,supplement,0,1,1592878410917,0,0
plugin_ios_activity_recognition,,0,2,0,f9daacfd-6043-4174-8af9-8936763acfd7,169KS,,0,0,1592878410996,0,0
plugin_ios_activity_recognition,"[""walking""]",0,1,0,f9daacfd-6043-4174-8af9-8936763acfd7,169KS,,0,0,1592878417252,0,1
plugin_ios_activity_recognition,,0,2,0,f9daacfd-6043-4174-8af9-8936763acfd7,169KS,,0,0,1592878419808,0,0
plugin_ios_activity_recognition,,0,2,0,f9daacfd-6043-4174-8af9-8936763acfd7,169KS,,0,0,1592878470917,0,0
plugin_ios_activity_recognition,"[""stationary""]",0,2,0,f9daacfd-6043-4174-8af9-8936763acfd7,169KS,,0,1,1592878507176,0,0
plugin_ios_activity_recognition,"[""stationary""]",0,2,0,f9daacfd-6043-4174-8af9-8936763acfd7,169KS,,0,1,1592878530920,0,0
plugin_ios_activity_recognition,,0,2,0,f9daacfd-6043-4174-8af9-8936763acfd7,169KS,,0,0,1592878553460,0,0
plugin_ios_activity_recognition,,0,2,0,f9daacfd-6043-4174-8af9-8936763acfd7,169KS,,0,0,1592878590921,0,0
plugin_ios_activity_recognition,"[""stationary""]",0,2,0,f9daacfd-6043-4174-8af9-8936763acfd7,169KS,,0,1,1592878617939,0,0
plugin_ios_activity_recognition,"[""stationary""]",0,2,0,f9daacfd-6043-4174-8af9-8936763acfd7,169KS,,0,1,1592878651018,0,0
plugin_ios_activity_recognition,"[""stationary""]",0,2,0,f9daacfd-6043-4174-8af9-8936763acfd7,169KS,,0,1,1592878710919,0,0
plugin_ios_activity_recognition,,0,2,0,f9daacfd-6043-4174-8af9-8936763acfd7,169KS,,0,0,1592878745022,0,0
plugin_ios_activity_recognition,"[""walking""]",0,1,0,f9daacfd-6043-4174-8af9-8936763acfd7,169KS,,0,0,1592878749526,0,1
plugin_ios_activity_recognition,"[""walking""]",0,2,0,f9daacfd-6043-4174-8af9-8936763acfd7,169KS,,0,0,1592878754272,0,1
plugin_ios_activity_recognition,"[""stationary""]",0,2,0,f9daacfd-6043-4174-8af9-8936763acfd7,169KS,,0,1,1592878767672,0,0
plugin_ios_activity_recognition,"[""stationary""]",0,2,0,f9daacfd-6043-4174-8af9-8936763acfd7,169KS,,0,1,1592878770918,0,0
plugin_ios_activity_recognition,"[""stationary""]",0,2,0,f9daacfd-6043-4174-8af9-8936763acfd7,169KS,supplement,0,1,1592878830918,0,0
plugin_ios_activity_recognition,"[""stationary""]",0,2,0,f9daacfd-6043-4174-8af9-8936763acfd7,169KS,,0,1,1592878830920,0,0
plugin_ios_activity_recognition,,0,2,0,f9daacfd-6043-4174-8af9-8936763acfd7,169KS,,0,0,1592878858279,0,0
plugin_ios_activity_recognition,"[""stationary""]",0,2,0,f9daacfd-6043-4174-8af9-8936763acfd7,169KS,,0,1,1592878875824,0,0
plugin_ios_activity_recognition,"[""stationary""]",0,2,0,f9daacfd-6043-4174-8af9-8936763acfd7,169KS,supplement,0,1,1592878890918,0,0
plugin_ios_activity_recognition,"[""stationary""]",0,2,0,f9daacfd-6043-4174-8af9-8936763acfd7,169KS,,0,1,1592878890986,0,0
plugin_ios_activity_recognition,"[""stationary""]",0,2,0,f9daacfd-6043-4174-8af9-8936763acfd7,169KS,,0,1,1592878950921,0,0
plugin_ios_activity_recognition,,0,2,0,f9daacfd-6043-4174-8af9-8936763acfd7,169KS,,0,0,1592878951920,0,0
plugin_ios_activity_recognition,"[""stationary""]",0,2,0,f9daacfd-6043-4174-8af9-8936763acfd7,169KS,,0,1,1592878965317,0,0
plugin_ios_activity_recognition,,0,2,0,f9daacfd-6043-4174-8af9-8936763acfd7,169KS,,0,0,1592878972049,0,0
plugin_ios_activity_recognition,"[""walking""]",0,1,0,f9daacfd-6043-4174-8af9-8936763acfd7,169KS,,0,0,1592878992470,0,1
plugin_ios_activity_recognition,"[""walking""]",0,2,0,f9daacfd-6043-4174-8af9-8936763acfd7,169KS,,0,0,1592878995619,0,1
plugin_ios_activity_recognition,"[""walking""]",0,2,0,f9daacfd-6043-4174-8af9-8936763acfd7,169KS,,0,0,1592879010922,0,1
plugin_ios_activity_recognition,"[""stationary""]",0,2,0,f9daacfd-6043-4174-8af9-8936763acfd7,169KS,,0,1,1592879015418,0,0
plugin_ios_activity_recognition,"[""walking""]",0,2,0,f9daacfd-6043-4174-8af9-8936763acfd7,169KS,,0,0,1592879016653,0,1
plugin_ios_activity_recognition,,0,2,0,f9daacfd-6043-4174-8af9-8936763acfd7,169KS,,0,0,1592879046062,0,0
plugin_ios_activity_recognition,,0,2,0,f9daacfd-6043-4174-8af9-8936763acfd7,169KS,,0,0,1592879070943,0,0
plugin_ios_activity_recognition,,0,2,0,f9daacfd-6043-4174-8af9-8936763acfd7,169KS,,0,0,1592879130923,0,0
plugin_ios_activity_recognition,,0,2,0,f9daacfd-6043-4174-8af9-8936763acfd7,169KS,supplement,0,0,1592879190923,0,0
plugin_ios_activity_recognition,,0,2,0,f9daacfd-6043-4174-8af9-8936763acfd7,169KS,,0,0,1592879190925,0,0
plugin_ios_activity_recognition,"[""stationary""]",0,2,0,f9daacfd-6043-4174-8af9-8936763acfd7,169KS,,0,1,1592879192770,0,0
plugin_ios_activity_recognition,,0,2,0,f9daacfd-6043-4174-8af9-8936763acfd7,169KS,,0,0,1592879193090,0,0
plugin_ios_activity_recognition,,0,2,0,f9daacfd-6043-4174-8af9-8936763acfd7,169KS,supplement,0,0,1592879250923,0,0
plugin_ios_activity_recognition,,0,2,0,f9daacfd-6043-4174-8af9-8936763acfd7,169KS,,0,0,1592879250926,0,0
plugin_ios_activity_recognition,,0,2,0,f9daacfd-6043-4174-8af9-8936763acfd7,169KS,,0,0,1592879310921,0,0
plugin_ios_activity_recognition,"[""stationary""]",0,2,0,f9daacfd-6043-4174-8af9-8936763acfd7,169KS,,0,1,1592879350077,0,0
plugin_ios_activity_recognition,,0,2,0,f9daacfd-6043-4174-8af9-8936763acfd7,169KS,,0,0,1592879366674,0,0
plugin_ios_activity_recognition,,0,2,0,f9daacfd-6043-4174-8af9-8936763acfd7,169KS,,0,0,1592879371003,0,0
plugin_ios_activity_recognition,"[""stationary""]",0,2,0,f9daacfd-6043-4174-8af9-8936763acfd7,169KS,,0,1,1592879423806,0,0
plugin_ios_activity_recognition,"[""stationary""]",0,2,0,f9daacfd-6043-4174-8af9-8936763acfd7,169KS,,0,1,1592879430926,0,0
plugin_ios_activity_recognition,,0,2,0,f9daacfd-6043-4174-8af9-8936763acfd7,169KS,,0,0,1592879434014,0,0
plugin_ios_activity_recognition,,0,2,0,f9daacfd-6043-4174-8af9-8936763acfd7,169KS,,0,0,1592879490927,0,0
plugin_ios_activity_recognition,"[""stationary""]",0,2,0,f9daacfd-6043-4174-8af9-8936763acfd7,169KS,,0,1,1592879498084,0,0
plugin_ios_activity_recognition,,0,2,0,f9daacfd-6043-4174-8af9-8936763acfd7,169KS,,0,0,1592879515347,0,0
plugin_ios_activity_recognition,"[""stationary""]",0,2,0,f9daacfd-6043-4174-8af9-8936763acfd7,169KS,,0,1,1592879531622,0,0
plugin_ios_activity_recognition,"[""stationary""]",0,2,0,f9daacfd-6043-4174-8af9-8936763acfd7,169KS,,0,1,1592879550917,0,0
plugin_ios_activity_recognition,"[""stationary""]",0,2,0,f9daacfd-6043-4174-8af9-8936763acfd7,169KS,supplement,0,1,1592879610917,0,0
plugin_ios_activity_recognition,"[""stationary""]",0,2,0,f9daacfd-6043-4174-8af9-8936763acfd7,169KS,,0,1,1592879610971,0,0
plugin_ios_activity_recognition,,0,2,0,f9daacfd-6043-4174-8af9-8936763acfd7,169KS,,0,0,1592879613726,0,0
plugin_ios_activity_recognition,"[""stationary""]",0,2,0,f9daacfd-6043-4174-8af9-8936763acfd7,169KS,,0,1,1592879625526,0,0
plugin_ios_activity_recognition,"[""stationary""]",0,2,0,f9daacfd-6043-4174-8af9-8936763acfd7,169KS,supplement,0,1,1592879670917,0,0
plugin_ios_activity_recognition,"[""stationary""]",0,2,0,f9daacfd-6043-4174-8af9-8936763acfd7,169KS,,0,1,1592879670925,0,0
plugin_ios_activity_recognition,"[""stationary""]",0,2,0,f9daacfd-6043-4174-8af9-8936763acfd7,169KS,,0,1,1592879730924,0,0
plugin_ios_activity_recognition,"[""stationary""]",0,2,0,f9daacfd-6043-4174-8af9-8936763acfd7,169KS,supplement,0,1,1592879790924,0,0
plugin_ios_activity_recognition,"[""stationary""]",0,2,0,f9daacfd-6043-4174-8af9-8936763acfd7,169KS,,0,1,1592879790925,0,0
plugin_ios_activity_recognition,"[""stationary""]",0,2,0,f9daacfd-6043-4174-8af9-8936763acfd7,169KS,supplement,0,1,1592879850924,0,0
plugin_ios_activity_recognition,"[""stationary""]",0,2,0,f9daacfd-6043-4174-8af9-8936763acfd7,169KS,supplement,0,1,1592879850925,0,0
plugin_ios_activity_recognition,"[""stationary""]",0,2,0,f9daacfd-6043-4174-8af9-8936763acfd7,169KS,,0,1,1592879851021,0,0
plugin_ios_activity_recognition,"[""stationary""]",0,2,0,f9daacfd-6043-4174-8af9-8936763acfd7,169KS,,0,1,1592879910925,0,0
plugin_ios_activity_recognition,"[""stationary""]",0,2,0,f9daacfd-6043-4174-8af9-8936763acfd7,169KS,supplement,0,1,1592879970925,0,0
plugin_ios_activity_recognition,"[""stationary""]",0,2,0,f9daacfd-6043-4174-8af9-8936763acfd7,169KS,,0,1,1592879970926,0,0
plugin_ios_activity_recognition,"[""stationary""]",0,2,0,f9daacfd-6043-4174-8af9-8936763acfd7,169KS,supplement,0,1,1592880030925,0,0
plugin_ios_activity_recognition,"[""stationary""]",0,2,0,f9daacfd-6043-4174-8af9-8936763acfd7,169KS,supplement,0,1,1592880030926,0,0
plugin_ios_activity_recognition,,0,2,0,f9daacfd-6043-4174-8af9-8936763acfd7,169KS,,0,0,1592880066824,0,0
plugin_ios_activity_recognition,"[""stationary""]",0,2,0,f9daacfd-6043-4174-8af9-8936763acfd7,169KS,,0,1,1592880074831,0,0
plugin_ios_activity_recognition,"[""stationary""]",0,2,0,f9daacfd-6043-4174-8af9-8936763acfd7,169KS,supplement,0,1,1592880090926,0,0
plugin_ios_activity_recognition,"[""stationary""]",0,2,0,f9daacfd-6043-4174-8af9-8936763acfd7,169KS,,0,1,1592880091022,0,0
plugin_ios_activity_recognition,,0,2,0,f9daacfd-6043-4174-8af9-8936763acfd7,169KS,,0,0,1592880120316,0,0
plugin_ios_activity_recognition,,0,2,0,f9daacfd-6043-4174-8af9-8936763acfd7,169KS,,0,0,1592880150922,0,0
plugin_ios_activity_recognition,"[""stationary""]",0,2,0,f9daacfd-6043-4174-8af9-8936763acfd7,169KS,,0,1,1592880170100,0,0
plugin_ios_activity_recognition,,0,2,0,f9daacfd-6043-4174-8af9-8936763acfd7,169KS,,0,0,1592880192471,0,0
plugin_ios_activity_recognition,,0,2,0,f9daacfd-6043-4174-8af9-8936763acfd7,169KS,,0,0,1592880210923,0,0
plugin_ios_activity_recognition,"[""stationary""]",0,2,0,f9daacfd-6043-4174-8af9-8936763acfd7,169KS,,0,1,1592880231355,0,0
plugin_ios_activity_recognition,,0,2,0,f9daacfd-6043-4174-8af9-8936763acfd7,169KS,,0,0,1592880235864,0,0
plugin_ios_activity_recognition,"[""stationary""]",0,2,0,f9daacfd-6043-4174-8af9-8936763acfd7,169KS,,0,1,1592880244741,0,0
plugin_ios_activity_recognition,,0,2,0,f9daacfd-6043-4174-8af9-8936763acfd7,169KS,,0,0,1592880256519,0,0
plugin_ios_activity_recognition,,0,2,0,f9daacfd-6043-4174-8af9-8936763acfd7,169KS,,0,0,1592880270950,0,0
plugin_ios_activity_recognition,"[""stationary""]",0,2,0,f9daacfd-6043-4174-8af9-8936763acfd7,169KS,,0,1,1592880282051,0,0
plugin_ios_activity_recognition,,0,2,0,f9daacfd-6043-4174-8af9-8936763acfd7,169KS,,0,0,1592880291635,0,0
plugin_ios_activity_recognition,,0,2,0,f9daacfd-6043-4174-8af9-8936763acfd7,169KS,,0,0,1592880330939,0,0
plugin_ios_activity_recognition,"[""stationary""]",0,2,0,f9daacfd-6043-4174-8af9-8936763acfd7,169KS,,0,1,1592880357691,0,0
plugin_ios_activity_recognition,,0,2,0,f9daacfd-6043-4174-8af9-8936763acfd7,169KS,,0,0,1592880384844,0,0
plugin_ios_activity_recognition,,0,2,0,f9daacfd-6043-4174-8af9-8936763acfd7,169KS,,0,0,1592880390922,0,0
plugin_ios_activity_recognition,"[""stationary""]",0,2,0,f9daacfd-6043-4174-8af9-8936763acfd7,169KS,,0,1,1592880450230,0,0
plugin_ios_activity_recognition,"[""stationary""]",0,2,0,f9daacfd-6043-4174-8af9-8936763acfd7,169KS,,0,1,1592880450926,0,0
plugin_ios_activity_recognition,,0,2,0,f9daacfd-6043-4174-8af9-8936763acfd7,169KS,,0,0,1592880465526,0,0
plugin_ios_activity_recognition,"[""stationary""]",0,2,0,f9daacfd-6043-4174-8af9-8936763acfd7,169KS,,0,1,1592880469664,0,0
plugin_ios_activity_recognition,,0,2,0,f9daacfd-6043-4174-8af9-8936763acfd7,169KS,,0,0,1592880473819,0,0
plugin_ios_activity_recognition,,0,2,0,f9daacfd-6043-4174-8af9-8936763acfd7,169KS,,0,0,1592880510927,0,0
plugin_ios_activity_recognition,,0,2,0,f9daacfd-6043-4174-8af9-8936763acfd7,169KS,supplement,0,0,1592880570927,0,0
plugin_ios_activity_recognition,,0,2,0,f9daacfd-6043-4174-8af9-8936763acfd7,169KS,,0,0,1592880570938,0,0
plugin_ios_activity_recognition,,0,2,0,f9daacfd-6043-4174-8af9-8936763acfd7,169KS,,0,0,1592880630925,0,0
plugin_ios_activity_recognition,,0,2,0,f9daacfd-6043-4174-8af9-8936763acfd7,169KS,supplement,0,0,1592880630927,0,0
plugin_ios_activity_recognition,,0,2,0,f9daacfd-6043-4174-8af9-8936763acfd7,169KS,supplement,0,0,1592880690925,0,0
plugin_ios_activity_recognition,,0,2,0,f9daacfd-6043-4174-8af9-8936763acfd7,169KS,,0,0,1592880690933,0,0
plugin_ios_activity_recognition,,0,2,0,f9daacfd-6043-4174-8af9-8936763acfd7,169KS,supplement,0,0,1592880750925,0,0
plugin_ios_activity_recognition,,0,2,0,f9daacfd-6043-4174-8af9-8936763acfd7,169KS,,0,0,1592880750927,0,0
plugin_ios_activity_recognition,"[""stationary""]",0,2,0,f9daacfd-6043-4174-8af9-8936763acfd7,169KS,,0,1,1592880751348,0,0
plugin_ios_activity_recognition,,0,2,0,f9daacfd-6043-4174-8af9-8936763acfd7,169KS,,0,0,1592880756094,0,0
plugin_ios_activity_recognition,,0,2,0,f9daacfd-6043-4174-8af9-8936763acfd7,169KS,,0,0,1592880810962,0,0
plugin_ios_activity_recognition,,0,2,0,f9daacfd-6043-4174-8af9-8936763acfd7,169KS,,0,0,1592880870926,0,0
plugin_ios_activity_recognition,"[""stationary""]",0,2,0,f9daacfd-6043-4174-8af9-8936763acfd7,169KS,,0,1,1592880903772,0,0
plugin_ios_activity_recognition,,0,2,0,f9daacfd-6043-4174-8af9-8936763acfd7,169KS,,0,0,1592880912101,0,0
plugin_ios_activity_recognition,,0,2,0,f9daacfd-6043-4174-8af9-8936763acfd7,169KS,,0,0,1592880930919,0,0
plugin_ios_activity_recognition,,0,2,0,f9daacfd-6043-4174-8af9-8936763acfd7,169KS,supplement,0,0,1592880990919,0,0
plugin_ios_activity_recognition,,0,2,0,f9daacfd-6043-4174-8af9-8936763acfd7,169KS,,0,0,1592880990930,0,0
plugin_ios_activity_recognition,,0,2,0,f9daacfd-6043-4174-8af9-8936763acfd7,169KS,supplement,0,0,1592881050919,0,0
plugin_ios_activity_recognition,,0,2,0,f9daacfd-6043-4174-8af9-8936763acfd7,169KS,,0,0,1592881050930,0,0
plugin_ios_activity_recognition,"[""stationary""]",0,2,0,f9daacfd-6043-4174-8af9-8936763acfd7,169KS,,0,1,1592881067467,0,0
plugin_ios_activity_recognition,,0,2,0,f9daacfd-6043-4174-8af9-8936763acfd7,169KS,,0,0,1592881070968,0,0
plugin_ios_activity_recognition,,0,2,0,f9daacfd-6043-4174-8af9-8936763acfd7,169KS,,0,0,1592881111002,0,0
plugin_ios_activity_recognition,"[""stationary""]",0,2,0,f9daacfd-6043-4174-8af9-8936763acfd7,169KS,,0,1,1592881116569,0,0
plugin_ios_activity_recognition,,0,2,0,f9daacfd-6043-4174-8af9-8936763acfd7,169KS,,0,0,1592881129015,0,0
plugin_ios_activity_recognition,"[""stationary""]",0,2,0,f9daacfd-6043-4174-8af9-8936763acfd7,169KS,,0,1,1592881147773,0,0
plugin_ios_activity_recognition,,0,2,0,f9daacfd-6043-4174-8af9-8936763acfd7,169KS,,0,0,1592881155743,0,0
plugin_ios_activity_recognition,,0,2,0,f9daacfd-6043-4174-8af9-8936763acfd7,169KS,,0,0,1592881170931,0,0
plugin_ios_activity_recognition,"[""stationary""]",0,2,0,f9daacfd-6043-4174-8af9-8936763acfd7,169KS,,0,1,1592881172953,0,0
plugin_ios_activity_recognition,,0,2,0,f9daacfd-6043-4174-8af9-8936763acfd7,169KS,,0,0,1592881176768,0,0
plugin_ios_activity_recognition,"[""stationary""]",0,2,0,f9daacfd-6043-4174-8af9-8936763acfd7,169KS,,0,1,1592881187914,0,0
plugin_ios_activity_recognition,,0,2,0,f9daacfd-6043-4174-8af9-8936763acfd7,169KS,,0,0,1592881188866,0,0
plugin_ios_activity_recognition,"[""stationary""]",0,2,0,f9daacfd-6043-4174-8af9-8936763acfd7,169KS,,0,1,1592881193639,0,0
plugin_ios_activity_recognition,,0,2,0,f9daacfd-6043-4174-8af9-8936763acfd7,169KS,,0,0,1592881201289,0,0
plugin_ios_activity_recognition,,0,2,0,f9daacfd-6043-4174-8af9-8936763acfd7,169KS,,0,0,1592881230924,0,0
plugin_ios_activity_recognition,"[""stationary""]",0,2,0,f9daacfd-6043-4174-8af9-8936763acfd7,169KS,,0,1,1592881233544,0,0
plugin_ios_activity_recognition,,0,2,0,f9daacfd-6043-4174-8af9-8936763acfd7,169KS,,0,0,1592881237639,0,0
plugin_ios_activity_recognition,"[""stationary""]",0,2,0,f9daacfd-6043-4174-8af9-8936763acfd7,169KS,,0,1,1592881274976,0,0
plugin_ios_activity_recognition,,0,2,0,f9daacfd-6043-4174-8af9-8936763acfd7,169KS,,0,0,1592881285813,0,0
plugin_ios_activity_recognition,"[""stationary""]",0,2,0,f9daacfd-6043-4174-8af9-8936763acfd7,169KS,,0,1,1592881289318,0,0
plugin_ios_activity_recognition,"[""stationary""]",0,2,0,f9daacfd-6043-4174-8af9-8936763acfd7,169KS,,0,1,1592881290935,0,0
plugin_ios_activity_recognition,,0,2,0,f9daacfd-6043-4174-8af9-8936763acfd7,169KS,,0,0,1592881291229,0,0
plugin_ios_activity_recognition,"[""stationary""]",0,2,0,f9daacfd-6043-4174-8af9-8936763acfd7,169KS,,0,1,1592881295372,0,0
plugin_ios_activity_recognition,,0,2,0,f9daacfd-6043-4174-8af9-8936763acfd7,169KS,,0,0,1592881320971,0,0
plugin_ios_activity_recognition,"[""stationary""]",0,2,0,f9daacfd-6043-4174-8af9-8936763acfd7,169KS,,0,1,1592881325753,0,0
plugin_ios_activity_recognition,,0,2,0,f9daacfd-6043-4174-8af9-8936763acfd7,169KS,,0,0,1592881330563,0,0
plugin_ios_activity_recognition,"[""stationary""]",0,2,0,f9daacfd-6043-4174-8af9-8936763acfd7,169KS,,0,1,1592881347755,0,0
plugin_ios_activity_recognition,"[""stationary""]",0,2,0,f9daacfd-6043-4174-8af9-8936763acfd7,169KS,,0,1,1592881350930,0,0
plugin_ios_activity_recognition,,0,2,0,f9daacfd-6043-4174-8af9-8936763acfd7,169KS,,0,0,1592881371429,0,0
plugin_ios_activity_recognition,"[""stationary""]",0,2,0,f9daacfd-6043-4174-8af9-8936763acfd7,169KS,,0,1,1592881395966,0,0
plugin_ios_activity_recognition,"[""stationary""]",0,2,0,f9daacfd-6043-4174-8af9-8936763acfd7,169KS,,0,1,1592881410931,0,0
plugin_ios_activity_recognition,,0,2,0,f9daacfd-6043-4174-8af9-8936763acfd7,169KS,,0,0,1592881436843,0,0
plugin_ios_activity_recognition,"[""stationary""]",0,2,0,f9daacfd-6043-4174-8af9-8936763acfd7,169KS,,0,1,1592881460793,0,0
plugin_ios_activity_recognition,,0,2,0,f9daacfd-6043-4174-8af9-8936763acfd7,169KS,,0,0,1592881464577,0,0
plugin_ios_activity_recognition,,0,2,0,f9daacfd-6043-4174-8af9-8936763acfd7,169KS,,0,0,1592881470929,0,0
plugin_ios_activity_recognition,"[""stationary""]",0,2,0,f9daacfd-6043-4174-8af9-8936763acfd7,169KS,,0,1,1592881473186,0,0
plugin_ios_activity_recognition,,0,2,0,f9daacfd-6043-4174-8af9-8936763acfd7,169KS,,0,0,1592881474782,0,0
plugin_ios_activity_recognition,"[""stationary""]",0,2,0,f9daacfd-6043-4174-8af9-8936763acfd7,169KS,,0,1,1592881484351,0,0
plugin_ios_activity_recognition,,0,2,0,f9daacfd-6043-4174-8af9-8936763acfd7,169KS,,0,0,1592881500361,0,0
plugin_ios_activity_recognition,"[""stationary""]",0,2,0,f9daacfd-6043-4174-8af9-8936763acfd7,169KS,,0,1,1592881506762,0,0
plugin_ios_activity_recognition,,0,2,0,f9daacfd-6043-4174-8af9-8936763acfd7,169KS,,0,0,1592881511853,0,0
plugin_ios_activity_recognition,"[""stationary""]",0,2,0,f9daacfd-6043-4174-8af9-8936763acfd7,169KS,,0,1,1592881515327,0,0
plugin_ios_activity_recognition,"[""stationary""]",0,2,0,f9daacfd-6043-4174-8af9-8936763acfd7,169KS,,0,1,1592881530973,0,0
plugin_ios_activity_recognition,,0,2,0,f9daacfd-6043-4174-8af9-8936763acfd7,169KS,,0,0,1592881543118,0,0
plugin_ios_activity_recognition,"[""stationary""]",0,2,0,f9daacfd-6043-4174-8af9-8936763acfd7,169KS,,0,1,1592881550157,0,0
plugin_ios_activity_recognition,,0,2,0,f9daacfd-6043-4174-8af9-8936763acfd7,169KS,,0,0,1592881562310,0,0
plugin_ios_activity_recognition,,0,2,0,f9daacfd-6043-4174-8af9-8936763acfd7,169KS,,0,0,1592881590936,0,0
plugin_ios_activity_recognition,"[""stationary""]",0,2,0,f9daacfd-6043-4174-8af9-8936763acfd7,169KS,,0,1,1592881607301,0,0
plugin_ios_activity_recognition,,0,2,0,f9daacfd-6043-4174-8af9-8936763acfd7,169KS,,0,0,1592881612720,0,0
plugin_ios_activity_recognition,"[""stationary""]",0,2,0,f9daacfd-6043-4174-8af9-8936763acfd7,169KS,,0,1,1592881619422,0,0
plugin_ios_activity_recognition,,0,2,0,f9daacfd-6043-4174-8af9-8936763acfd7,169KS,,0,0,1592881623900,0,0
plugin_ios_activity_recognition,"[""stationary""]",0,2,0,f9daacfd-6043-4174-8af9-8936763acfd7,169KS,,0,1,1592881649774,0,0
plugin_ios_activity_recognition,"[""stationary""]",0,2,0,f9daacfd-6043-4174-8af9-8936763acfd7,169KS,,0,1,1592881650934,0,0
plugin_ios_activity_recognition,,0,2,0,f9daacfd-6043-4174-8af9-8936763acfd7,169KS,,0,0,1592881677637,0,0
plugin_ios_activity_recognition,"[""stationary""]",0,2,0,f9daacfd-6043-4174-8af9-8936763acfd7,169KS,,0,1,1592881709846,0,0
plugin_ios_activity_recognition,"[""stationary""]",0,2,0,f9daacfd-6043-4174-8af9-8936763acfd7,169KS,,0,1,1592881710934,0,0
plugin_ios_activity_recognition,,0,2,0,f9daacfd-6043-4174-8af9-8936763acfd7,169KS,,0,0,1592881714952,0,0
plugin_ios_activity_recognition,"[""stationary""]",0,2,0,f9daacfd-6043-4174-8af9-8936763acfd7,169KS,,0,1,1592881718457,0,0
plugin_ios_activity_recognition,,0,2,0,f9daacfd-6043-4174-8af9-8936763acfd7,169KS,,0,0,1592881742483,0,0
plugin_ios_activity_recognition,,0,2,0,f9daacfd-6043-4174-8af9-8936763acfd7,169KS,,0,0,1592881771029,0,0
plugin_ios_activity_recognition,"[""stationary""]",0,2,0,f9daacfd-6043-4174-8af9-8936763acfd7,169KS,,0,1,1592881778821,0,0
plugin_ios_activity_recognition,,0,2,0,f9daacfd-6043-4174-8af9-8936763acfd7,169KS,,0,0,1592881779779,0,0
plugin_ios_activity_recognition,"[""stationary""]",0,2,0,f9daacfd-6043-4174-8af9-8936763acfd7,169KS,,0,1,1592881783289,0,0
plugin_ios_activity_recognition,,0,2,0,f9daacfd-6043-4174-8af9-8936763acfd7,169KS,,0,0,1592881785241,0,0
plugin_ios_activity_recognition,"[""stationary""]",0,2,0,f9daacfd-6043-4174-8af9-8936763acfd7,169KS,,0,1,1592881816776,0,0
plugin_ios_activity_recognition,"[""stationary""]",0,2,0,f9daacfd-6043-4174-8af9-8936763acfd7,169KS,,0,1,1592881830933,0,0
plugin_ios_activity_recognition,,0,2,0,f9daacfd-6043-4174-8af9-8936763acfd7,169KS,,0,0,1592881843344,0,0
plugin_ios_activity_recognition,"[""stationary""]",0,2,0,f9daacfd-6043-4174-8af9-8936763acfd7,169KS,,0,1,1592881856425,0,0
plugin_ios_activity_recognition,,0,2,0,f9daacfd-6043-4174-8af9-8936763acfd7,169KS,,0,0,1592881860879,0,0
plugin_ios_activity_recognition,,0,2,0,f9daacfd-6043-4174-8af9-8936763acfd7,169KS,,0,0,1592881890929,0,0
plugin_ios_activity_recognition,"[""stationary""]",0,2,0,f9daacfd-6043-4174-8af9-8936763acfd7,169KS,,0,1,1592881914440,0,0
plugin_ios_activity_recognition,,0,2,0,f9daacfd-6043-4174-8af9-8936763acfd7,169KS,,0,0,1592881915074,0,0
plugin_ios_activity_recognition,"[""stationary""]",0,2,0,f9daacfd-6043-4174-8af9-8936763acfd7,169KS,,0,1,1592881927197,0,0
plugin_ios_activity_recognition,"[""stationary""]",0,2,0,f9daacfd-6043-4174-8af9-8936763acfd7,169KS,,0,1,1592881950958,0,0
plugin_ios_activity_recognition,,0,2,0,f9daacfd-6043-4174-8af9-8936763acfd7,169KS,,0,0,1592881955046,0,0
plugin_ios_activity_recognition,"[""stationary""]",0,2,0,f9daacfd-6043-4174-8af9-8936763acfd7,169KS,,0,1,1592881965573,0,0
plugin_ios_activity_recognition,,0,2,0,f9daacfd-6043-4174-8af9-8936763acfd7,169KS,,0,0,1592881968127,0,0
plugin_ios_activity_recognition,"[""stationary""]",0,2,0,f9daacfd-6043-4174-8af9-8936763acfd7,169KS,,0,1,1592881996828,0,0
plugin_ios_activity_recognition,,0,2,0,f9daacfd-6043-4174-8af9-8936763acfd7,169KS,,0,0,1592882001614,0,0
plugin_ios_activity_recognition,,0,2,0,f9daacfd-6043-4174-8af9-8936763acfd7,169KS,,0,0,1592882011028,0,0
plugin_ios_activity_recognition,"[""walking""]",0,1,0,f9daacfd-6043-4174-8af9-8936763acfd7,169KS,,0,0,1592882017601,0,1
plugin_ios_activity_recognition,"[""walking""]",0,2,0,f9daacfd-6043-4174-8af9-8936763acfd7,169KS,,0,0,1592882025260,0,1
plugin_ios_activity_recognition,"[""stationary""]",0,2,0,f9daacfd-6043-4174-8af9-8936763acfd7,169KS,,0,1,1592882049473,0,0
plugin_ios_activity_recognition,"[""walking""]",0,2,0,f9daacfd-6043-4174-8af9-8936763acfd7,169KS,,0,0,1592882053941,0,1
plugin_ios_activity_recognition,"[""walking""]",0,2,0,f9daacfd-6043-4174-8af9-8936763acfd7,169KS,,0,0,1592882070930,0,1
plugin_ios_activity_recognition,,0,2,0,f9daacfd-6043-4174-8af9-8936763acfd7,169KS,,0,0,1592882076323,0,0
plugin_ios_activity_recognition,"[""stationary""]",0,2,0,f9daacfd-6043-4174-8af9-8936763acfd7,169KS,,0,1,1592882096388,0,0
plugin_ios_activity_recognition,,0,2,0,f9daacfd-6043-4174-8af9-8936763acfd7,169KS,,0,0,1592882110750,0,0
plugin_ios_activity_recognition,,0,2,0,f9daacfd-6043-4174-8af9-8936763acfd7,169KS,,0,0,1592882130929,0,0
plugin_ios_activity_recognition,"[""stationary""]",0,2,0,f9daacfd-6043-4174-8af9-8936763acfd7,169KS,,0,1,1592882186108,0,0
plugin_ios_activity_recognition,"[""stationary""]",0,2,0,f9daacfd-6043-4174-8af9-8936763acfd7,169KS,,0,1,1592882190942,0,0
plugin_ios_activity_recognition,,0,2,0,f9daacfd-6043-4174-8af9-8936763acfd7,169KS,,0,0,1592882205220,0,0
plugin_ios_activity_recognition,"[""walking""]",0,1,0,f9daacfd-6043-4174-8af9-8936763acfd7,169KS,,0,0,1592882209095,0,1
plugin_ios_activity_recognition,"[""stationary""]",0,2,0,f9daacfd-6043-4174-8af9-8936763acfd7,169KS,,0,1,1592882212879,0,0
plugin_ios_activity_recognition,,0,2,0,f9daacfd-6043-4174-8af9-8936763acfd7,169KS,,0,0,1592882216750,0,0
plugin_ios_activity_recognition,"[""stationary""]",0,2,0,f9daacfd-6043-4174-8af9-8936763acfd7,169KS,,0,1,1592882239356,0,0
plugin_ios_activity_recognition,,0,2,0,f9daacfd-6043-4174-8af9-8936763acfd7,169KS,,0,0,1592882239713,0,0
plugin_ios_activity_recognition,,0,2,0,f9daacfd-6043-4174-8af9-8936763acfd7,169KS,,0,0,1592882251006,0,0
plugin_ios_activity_recognition,"[""walking""]",0,1,0,f9daacfd-6043-4174-8af9-8936763acfd7,169KS,,0,0,1592882285607,0,1
plugin_ios_activity_recognition,"[""walking""]",0,2,0,f9daacfd-6043-4174-8af9-8936763acfd7,169KS,,0,0,1592882288435,0,1
plugin_ios_activity_recognition,"[""walking""]",0,2,0,f9daacfd-6043-4174-8af9-8936763acfd7,169KS,,0,0,1592882310933,0,1
plugin_ios_activity_recognition,,0,2,0,f9daacfd-6043-4174-8af9-8936763acfd7,169KS,,0,0,1592882339225,0,0
plugin_ios_activity_recognition,,0,2,0,f9daacfd-6043-4174-8af9-8936763acfd7,169KS,,0,0,1592882370931,0,0
plugin_ios_activity_recognition,,0,2,0,f9daacfd-6043-4174-8af9-8936763acfd7,169KS,supplement,0,0,1592882430931,0,0
plugin_ios_activity_recognition,,0,2,0,f9daacfd-6043-4174-8af9-8936763acfd7,169KS,,0,0,1592882430947,0,0
plugin_ios_activity_recognition,"[""stationary""]",0,2,0,f9daacfd-6043-4174-8af9-8936763acfd7,169KS,,0,1,1592882439662,0,0
plugin_ios_activity_recognition,,0,2,0,f9daacfd-6043-4174-8af9-8936763acfd7,169KS,,0,0,1592882440928,0,0
plugin_ios_activity_recognition,,0,2,0,f9daacfd-6043-4174-8af9-8936763acfd7,169KS,supplement,0,0,1592882490931,0,0
plugin_ios_activity_recognition,,0,2,0,f9daacfd-6043-4174-8af9-8936763acfd7,169KS,,0,0,1592882490940,0,0
plugin_ios_activity_recognition,,0,2,0,f9daacfd-6043-4174-8af9-8936763acfd7,169KS,,0,0,1592882550932,0,0
plugin_ios_activity_recognition,,0,2,0,f9daacfd-6043-4174-8af9-8936763acfd7,169KS,,0,0,1592882610930,0,0
plugin_ios_activity_recognition,,0,2,0,f9daacfd-6043-4174-8af9-8936763acfd7,169KS,supplement,0,0,1592882670930,0,0
plugin_ios_activity_recognition,,0,2,0,f9daacfd-6043-4174-8af9-8936763acfd7,169KS,,0,0,1592882670938,0,0
plugin_ios_activity_recognition,"[""stationary""]",0,2,0,f9daacfd-6043-4174-8af9-8936763acfd7,169KS,,0,1,1592882722330,0,0
plugin_ios_activity_recognition,,0,2,0,f9daacfd-6043-4174-8af9-8936763acfd7,169KS,supplement,0,0,1592882730930,0,0
plugin_ios_activity_recognition,"[""stationary""]",0,2,0,f9daacfd-6043-4174-8af9-8936763acfd7,169KS,,0,1,1592882730969,0,0
plugin_ios_activity_recognition,,0,2,0,f9daacfd-6043-4174-8af9-8936763acfd7,169KS,,0,0,1592882734466,0,0
plugin_ios_activity_recognition,"[""stationary""]",0,2,0,f9daacfd-6043-4174-8af9-8936763acfd7,169KS,,0,1,1592882749412,0,0
plugin_ios_activity_recognition,,0,2,0,f9daacfd-6043-4174-8af9-8936763acfd7,169KS,,0,0,1592882752275,0,0
plugin_ios_activity_recognition,,0,2,0,f9daacfd-6043-4174-8af9-8936763acfd7,169KS,,0,0,1592882790935,0,0
plugin_ios_activity_recognition,"[""stationary""]",0,2,0,f9daacfd-6043-4174-8af9-8936763acfd7,169KS,,0,1,1592882810360,0,0
plugin_ios_activity_recognition,,0,2,0,f9daacfd-6043-4174-8af9-8936763acfd7,169KS,,0,0,1592882814189,0,0
plugin_ios_activity_recognition,"[""stationary""]",0,2,0,f9daacfd-6043-4174-8af9-8936763acfd7,169KS,,0,1,1592882817700,0,0
plugin_ios_activity_recognition,,0,2,0,f9daacfd-6043-4174-8af9-8936763acfd7,169KS,,0,0,1592882819296,0,0
plugin_ios_activity_recognition,,0,2,0,f9daacfd-6043-4174-8af9-8936763acfd7,169KS,,0,0,1592882850937,0,0
plugin_ios_activity_recognition,,0,2,0,f9daacfd-6043-4174-8af9-8936763acfd7,169KS,supplement,0,0,1592882910937,0,0
plugin_ios_activity_recognition,,0,2,0,f9daacfd-6043-4174-8af9-8936763acfd7,169KS,,0,0,1592882910941,0,0
plugin_ios_activity_recognition,"[""stationary""]",0,2,0,f9daacfd-6043-4174-8af9-8936763acfd7,169KS,,0,1,1592882935448,0,0
plugin_ios_activity_recognition,,0,2,0,f9daacfd-6043-4174-8af9-8936763acfd7,169KS,,0,0,1592882937363,0,0
plugin_ios_activity_recognition,"[""stationary""]",0,2,0,f9daacfd-6043-4174-8af9-8936763acfd7,169KS,,0,1,1592882943746,0,0
plugin_ios_activity_recognition,,0,2,0,f9daacfd-6043-4174-8af9-8936763acfd7,169KS,,0,0,1592882946299,0,0
plugin_ios_activity_recognition,,0,2,0,f9daacfd-6043-4174-8af9-8936763acfd7,169KS,supplement,0,0,1592882970937,0,0
plugin_ios_activity_recognition,,0,2,0,f9daacfd-6043-4174-8af9-8936763acfd7,169KS,,0,0,1592882971018,0,0
plugin_ios_activity_recognition,,0,2,0,f9daacfd-6043-4174-8af9-8936763acfd7,169KS,,0,0,1592883030944,0,0
plugin_ios_activity_recognition,,0,2,0,f9daacfd-6043-4174-8af9-8936763acfd7,169KS,,0,0,1592883090934,0,0
plugin_ios_activity_recognition,,0,2,0,f9daacfd-6043-4174-8af9-8936763acfd7,169KS,supplement,0,0,1592883150934,0,0
plugin_ios_activity_recognition,,0,2,0,f9daacfd-6043-4174-8af9-8936763acfd7,169KS,,0,0,1592883150948,0,0
plugin_ios_activity_recognition,"[""stationary""]",0,2,0,f9daacfd-6043-4174-8af9-8936763acfd7,169KS,,0,1,1592883158767,0,0
plugin_ios_activity_recognition,,0,2,0,f9daacfd-6043-4174-8af9-8936763acfd7,169KS,,0,0,1592883159395,0,0
plugin_ios_activity_recognition,,0,2,0,f9daacfd-6043-4174-8af9-8936763acfd7,169KS,supplement,0,0,1592883210934,0,0
plugin_ios_activity_recognition,,0,2,0,f9daacfd-6043-4174-8af9-8936763acfd7,169KS,,0,0,1592883211031,0,0
plugin_ios_activity_recognition,"[""stationary""]",0,2,0,f9daacfd-6043-4174-8af9-8936763acfd7,169KS,,0,1,1592883219358,0,0
plugin_ios_activity_recognition,,0,2,0,f9daacfd-6043-4174-8af9-8936763acfd7,169KS,,0,0,1592883223168,0,0
plugin_ios_activity_recognition,,0,2,0,f9daacfd-6043-4174-8af9-8936763acfd7,169KS,,0,0,1592883270948,0,0
plugin_ios_activity_recognition,,0,2,0,f9daacfd-6043-4174-8af9-8936763acfd7,169KS,,0,0,1592883330941,0,0
plugin_ios_activity_recognition,,0,2,0,f9daacfd-6043-4174-8af9-8936763acfd7,169KS,supplement,0,0,1592883390941,0,0
plugin_ios_activity_recognition,,0,2,0,f9daacfd-6043-4174-8af9-8936763acfd7,169KS,,0,0,1592883390958,0,0
plugin_ios_activity_recognition,,0,2,0,f9daacfd-6043-4174-8af9-8936763acfd7,169KS,supplement,0,0,1592883450941,0,0
plugin_ios_activity_recognition,,0,2,0,f9daacfd-6043-4174-8af9-8936763acfd7,169KS,,0,0,1592883450942,0,0
plugin_ios_activity_recognition,,0,2,0,f9daacfd-6043-4174-8af9-8936763acfd7,169KS,supplement,0,0,1592883510942,0,0
plugin_ios_activity_recognition,,0,2,0,f9daacfd-6043-4174-8af9-8936763acfd7,169KS,,0,0,1592883510947,0,0
plugin_ios_activity_recognition,,0,2,0,f9daacfd-6043-4174-8af9-8936763acfd7,169KS,,0,0,1592883570939,0,0
plugin_ios_activity_recognition,,0,2,0,f9daacfd-6043-4174-8af9-8936763acfd7,169KS,supplement,0,0,1592883570942,0,0
plugin_ios_activity_recognition,,0,2,0,f9daacfd-6043-4174-8af9-8936763acfd7,169KS,supplement,0,0,1592883630939,0,0
plugin_ios_activity_recognition,,0,2,0,f9daacfd-6043-4174-8af9-8936763acfd7,169KS,,0,0,1592883630943,0,0
plugin_ios_activity_recognition,,0,2,0,f9daacfd-6043-4174-8af9-8936763acfd7,169KS,supplement,0,0,1592883690939,0,0
plugin_ios_activity_recognition,,0,2,0,f9daacfd-6043-4174-8af9-8936763acfd7,169KS,supplement,0,0,1592883690943,0,0
plugin_ios_activity_recognition,,0,2,0,f9daacfd-6043-4174-8af9-8936763acfd7,169KS,,0,0,1592883690956,0,0
plugin_ios_activity_recognition,"[""stationary""]",0,2,0,f9daacfd-6043-4174-8af9-8936763acfd7,169KS,,0,1,1592883722801,0,0
plugin_ios_activity_recognition,,0,2,0,f9daacfd-6043-4174-8af9-8936763acfd7,169KS,,0,0,1592883724706,0,0
plugin_ios_activity_recognition,,0,2,0,f9daacfd-6043-4174-8af9-8936763acfd7,169KS,supplement,0,0,1592883750943,0,0
plugin_ios_activity_recognition,,0,2,0,f9daacfd-6043-4174-8af9-8936763acfd7,169KS,,0,0,1592883750953,0,0
plugin_ios_activity_recognition,"[""stationary""]",0,2,0,f9daacfd-6043-4174-8af9-8936763acfd7,169KS,,0,1,1592883786909,0,0
plugin_ios_activity_recognition,,0,2,0,f9daacfd-6043-4174-8af9-8936763acfd7,169KS,,0,0,1592883788857,0,0
plugin_ios_activity_recognition,,0,2,0,f9daacfd-6043-4174-8af9-8936763acfd7,169KS,,0,0,1592883810949,0,0
plugin_ios_activity_recognition,,0,2,0,f9daacfd-6043-4174-8af9-8936763acfd7,169KS,,0,0,1592883870949,0,0
plugin_ios_activity_recognition,"[""stationary""]",0,2,0,f9daacfd-6043-4174-8af9-8936763acfd7,169KS,,0,1,1592883905944,0,0
plugin_ios_activity_recognition,,0,2,0,f9daacfd-6043-4174-8af9-8936763acfd7,169KS,,0,0,1592883906582,0,0
plugin_ios_activity_recognition,"[""stationary""]",0,2,0,f9daacfd-6043-4174-8af9-8936763acfd7,169KS,,0,1,1592883918073,0,0
plugin_ios_activity_recognition,,0,2,0,f9daacfd-6043-4174-8af9-8936763acfd7,169KS,,0,0,1592883921621,0,0
plugin_ios_activity_recognition,,0,2,0,f9daacfd-6043-4174-8af9-8936763acfd7,169KS,supplement,0,0,1592883930949,0,0
plugin_ios_activity_recognition,,0,2,0,f9daacfd-6043-4174-8af9-8936763acfd7,169KS,,0,0,1592883931023,0,0
plugin_ios_activity_recognition,,0,2,0,f9daacfd-6043-4174-8af9-8936763acfd7,169KS,,0,0,1592883990948,0,0
plugin_ios_activity_recognition,"[""stationary""]",0,2,0,f9daacfd-6043-4174-8af9-8936763acfd7,169KS,,0,1,1592884047976,0,0
plugin_ios_activity_recognition,"[""stationary""]",0,2,0,f9daacfd-6043-4174-8af9-8936763acfd7,169KS,,0,1,1592884050950,0,0
plugin_ios_activity_recognition,,0,2,0,f9daacfd-6043-4174-8af9-8936763acfd7,169KS,,0,0,1592884051489,0,0
plugin_ios_activity_recognition,"[""stationary""]",0,2,0,f9daacfd-6043-4174-8af9-8936763acfd7,169KS,,0,1,1592884059510,0,0
plugin_ios_activity_recognition,,0,2,0,f9daacfd-6043-4174-8af9-8936763acfd7,169KS,,0,0,1592884061702,0,0
plugin_ios_activity_recognition,"[""stationary""]",0,2,0,f9daacfd-6043-4174-8af9-8936763acfd7,169KS,,0,1,1592884087870,0,0
plugin_ios_activity_recognition,,0,2,0,f9daacfd-6043-4174-8af9-8936763acfd7,169KS,,0,0,1592884088503,0,0
plugin_ios_activity_recognition,,0,2,0,f9daacfd-6043-4174-8af9-8936763acfd7,169KS,,0,0,1592884110952,0,0
plugin_ios_activity_recognition,"[""stationary""]",0,2,0,f9daacfd-6043-4174-8af9-8936763acfd7,169KS,,0,1,1592884111469,0,0
plugin_ios_activity_recognition,,0,2,0,f9daacfd-6043-4174-8af9-8936763acfd7,169KS,,0,0,1592884112745,0,0
plugin_ios_activity_recognition,,0,2,0,f9daacfd-6043-4174-8af9-8936763acfd7,169KS,,0,0,1592884171015,0,0
plugin_ios_activity_recognition,,0,2,0,f9daacfd-6043-4174-8af9-8936763acfd7,169KS,,0,0,1592884230950,0,0
plugin_ios_activity_recognition,,0,2,0,f9daacfd-6043-4174-8af9-8936763acfd7,169KS,supplement,0,0,1592884290950,0,0
plugin_ios_activity_recognition,,0,2,0,f9daacfd-6043-4174-8af9-8936763acfd7,169KS,,0,0,1592884290959,0,0
plugin_ios_activity_recognition,,0,2,0,f9daacfd-6043-4174-8af9-8936763acfd7,169KS,supplement,0,0,1592884350950,0,0
plugin_ios_activity_recognition,,0,2,0,f9daacfd-6043-4174-8af9-8936763acfd7,169KS,,0,0,1592884350954,0,0
plugin_ios_activity_recognition,,0,2,0,f9daacfd-6043-4174-8af9-8936763acfd7,169KS,supplement,0,0,1592884410954,0,0
plugin_ios_activity_recognition,,0,2,0,f9daacfd-6043-4174-8af9-8936763acfd7,169KS,,0,0,1592884411021,0,0
plugin_ios_activity_recognition,,0,2,0,f9daacfd-6043-4174-8af9-8936763acfd7,169KS,,0,0,1592884470949,0,0
plugin_ios_activity_recognition,,0,2,0,f9daacfd-6043-4174-8af9-8936763acfd7,169KS,supplement,0,0,1592884470954,0,0
plugin_ios_activity_recognition,,0,2,0,f9daacfd-6043-4174-8af9-8936763acfd7,169KS,,0,0,1592884530948,0,0
plugin_ios_activity_recognition,,0,2,0,f9daacfd-6043-4174-8af9-8936763acfd7,169KS,,0,0,1592884590945,0,0
plugin_ios_activity_recognition,"[""stationary""]",0,2,0,f9daacfd-6043-4174-8af9-8936763acfd7,169KS,,0,1,1592884632224,0,0
plugin_ios_activity_recognition,,0,2,0,f9daacfd-6043-4174-8af9-8936763acfd7,169KS,,0,0,1592884635732,0,0
plugin_ios_activity_recognition,"[""stationary""]",0,2,0,f9daacfd-6043-4174-8af9-8936763acfd7,169KS,,0,1,1592884641491,0,0
plugin_ios_activity_recognition,,0,2,0,f9daacfd-6043-4174-8af9-8936763acfd7,169KS,,0,0,1592884644956,0,0
plugin_ios_activity_recognition,,0,2,0,f9daacfd-6043-4174-8af9-8936763acfd7,169KS,,0,0,1592884650943,0,0
plugin_ios_activity_recognition,"[""stationary""]",0,2,0,f9daacfd-6043-4174-8af9-8936763acfd7,169KS,,0,1,1592884681012,0,0
plugin_ios_activity_recognition,,0,2,0,f9daacfd-6043-4174-8af9-8936763acfd7,169KS,,0,0,1592884682603,0,0
plugin_ios_activity_recognition,,0,2,0,f9daacfd-6043-4174-8af9-8936763acfd7,169KS,,0,0,1592884710956,0,0
plugin_ios_activity_recognition,"[""stationary""]",0,2,0,f9daacfd-6043-4174-8af9-8936763acfd7,169KS,,0,1,1592884746735,0,0
plugin_ios_activity_recognition,,0,2,0,f9daacfd-6043-4174-8af9-8936763acfd7,169KS,,0,0,1592884750560,0,0
plugin_ios_activity_recognition,"[""stationary""]",0,2,0,f9daacfd-6043-4174-8af9-8936763acfd7,169KS,,0,1,1592884754077,0,0
plugin_ios_activity_recognition,,0,2,0,f9daacfd-6043-4174-8af9-8936763acfd7,169KS,,0,0,1592884756638,0,0
plugin_ios_activity_recognition,,0,2,0,f9daacfd-6043-4174-8af9-8936763acfd7,169KS,,0,0,1592884770949,0,0
plugin_ios_activity_recognition,"[""stationary""]",0,2,0,f9daacfd-6043-4174-8af9-8936763acfd7,169KS,,0,1,1592884788243,0,0
plugin_ios_activity_recognition,,0,2,0,f9daacfd-6043-4174-8af9-8936763acfd7,169KS,,0,0,1592884790477,0,0
plugin_ios_activity_recognition,"[""stationary""]",0,2,0,f9daacfd-6043-4174-8af9-8936763acfd7,169KS,,0,1,1592884796861,0,0
plugin_ios_activity_recognition,,0,2,0,f9daacfd-6043-4174-8af9-8936763acfd7,169KS,,0,0,1592884798457,0,0
plugin_ios_activity_recognition,"[""stationary""]",0,2,0,f9daacfd-6043-4174-8af9-8936763acfd7,169KS,,0,1,1592884830895,0,0
plugin_ios_activity_recognition,"[""stationary""]",0,2,0,f9daacfd-6043-4174-8af9-8936763acfd7,169KS,,0,1,1592884830952,0,0
plugin_ios_activity_recognition,,0,2,0,f9daacfd-6043-4174-8af9-8936763acfd7,169KS,,0,0,1592884834406,0,0
plugin_ios_activity_recognition,"[""stationary""]",0,2,0,f9daacfd-6043-4174-8af9-8936763acfd7,169KS,,0,1,1592884872967,0,0
plugin_ios_activity_recognition,"[""stationary""]",0,2,0,f9daacfd-6043-4174-8af9-8936763acfd7,169KS,,0,1,1592884891429,0,0
plugin_ios_activity_recognition,,0,2,0,f9daacfd-6043-4174-8af9-8936763acfd7,169KS,,0,0,1592884911043,0,0
plugin_ios_activity_recognition,"[""stationary""]",0,2,0,f9daacfd-6043-4174-8af9-8936763acfd7,169KS,,0,1,1592884915187,0,0
plugin_ios_activity_recognition,,0,2,0,f9daacfd-6043-4174-8af9-8936763acfd7,169KS,,0,0,1592884920917,0,0
plugin_ios_activity_recognition,"[""stationary""]",0,2,0,f9daacfd-6043-4174-8af9-8936763acfd7,169KS,,0,1,1592884949285,0,0
plugin_ios_activity_recognition,,0,2,0,f9daacfd-6043-4174-8af9-8936763acfd7,169KS,,0,0,1592884949924,0,0
plugin_ios_activity_recognition,,0,2,0,f9daacfd-6043-4174-8af9-8936763acfd7,169KS,,0,0,1592884950952,0,0
plugin_ios_activity_recognition,"[""stationary""]",0,2,0,f9daacfd-6043-4174-8af9-8936763acfd7,169KS,,0,1,1592884959803,0,0
plugin_ios_activity_recognition,,0,2,0,f9daacfd-6043-4174-8af9-8936763acfd7,169KS,,0,0,1592884976112,0,0
plugin_ios_activity_recognition,"[""stationary""]",0,2,0,f9daacfd-6043-4174-8af9-8936763acfd7,169KS,,0,1,1592884979581,0,0
plugin_ios_activity_recognition,,0,2,0,f9daacfd-6043-4174-8af9-8936763acfd7,169KS,,0,0,1592884989809,0,0
plugin_ios_activity_recognition,,0,2,0,f9daacfd-6043-4174-8af9-8936763acfd7,169KS,,0,0,1592885010961,0,0
plugin_ios_activity_recognition,"[""stationary""]",0,2,0,f9daacfd-6043-4174-8af9-8936763acfd7,169KS,,0,1,1592885015335,0,0
plugin_ios_activity_recognition,,0,2,0,f9daacfd-6043-4174-8af9-8936763acfd7,169KS,,0,0,1592885019174,0,0
plugin_ios_activity_recognition,"[""stationary""]",0,2,0,f9daacfd-6043-4174-8af9-8936763acfd7,169KS,,0,1,1592885029385,0,0
plugin_ios_activity_recognition,,0,2,0,f9daacfd-6043-4174-8af9-8936763acfd7,169KS,,0,0,1592885039011,0,0
plugin_ios_activity_recognition,,0,2,0,f9daacfd-6043-4174-8af9-8936763acfd7,169KS,,0,0,1592885070959,0,0
plugin_ios_activity_recognition,"[""stationary""]",0,2,0,f9daacfd-6043-4174-8af9-8936763acfd7,169KS,,0,1,1592885071557,0,0
plugin_ios_activity_recognition,,0,2,0,f9daacfd-6043-4174-8af9-8936763acfd7,169KS,,0,0,1592885075382,0,0
plugin_ios_activity_recognition,"[""stationary""]",0,2,0,f9daacfd-6043-4174-8af9-8936763acfd7,169KS,,0,1,1592885078888,0,0
plugin_ios_activity_recognition,,0,2,0,f9daacfd-6043-4174-8af9-8936763acfd7,169KS,,0,0,1592885083990,0,0
plugin_ios_activity_recognition,"[""stationary""]",0,2,0,f9daacfd-6043-4174-8af9-8936763acfd7,169KS,,0,1,1592885103818,0,0
plugin_ios_activity_recognition,,0,2,0,f9daacfd-6043-4174-8af9-8936763acfd7,169KS,,0,0,1592885113702,0,0
plugin_ios_activity_recognition,"[""stationary""]",0,2,0,f9daacfd-6043-4174-8af9-8936763acfd7,169KS,,0,1,1592885117841,0,0
plugin_ios_activity_recognition,,0,2,0,f9daacfd-6043-4174-8af9-8936763acfd7,169KS,,0,0,1592885125794,0,0
plugin_ios_activity_recognition,,0,2,0,f9daacfd-6043-4174-8af9-8936763acfd7,169KS,,0,0,1592885130951,0,0
plugin_ios_activity_recognition,"[""stationary""]",0,2,0,f9daacfd-6043-4174-8af9-8936763acfd7,169KS,,0,1,1592885146856,0,0
plugin_ios_activity_recognition,,0,2,0,f9daacfd-6043-4174-8af9-8936763acfd7,169KS,,0,0,1592885149759,0,0
plugin_ios_activity_recognition,"[""stationary""]",0,2,0,f9daacfd-6043-4174-8af9-8936763acfd7,169KS,,0,1,1592885154861,0,0
plugin_ios_activity_recognition,,0,2,0,f9daacfd-6043-4174-8af9-8936763acfd7,169KS,,0,0,1592885158325,0,0
plugin_ios_activity_recognition,"[""stationary""]",0,2,0,f9daacfd-6043-4174-8af9-8936763acfd7,169KS,,0,1,1592885165970,0,0
plugin_ios_activity_recognition,,0,2,0,f9daacfd-6043-4174-8af9-8936763acfd7,169KS,,0,0,1592885180411,0,0
plugin_ios_activity_recognition,,0,2,0,f9daacfd-6043-4174-8af9-8936763acfd7,169KS,,0,0,1592885190961,0,0
plugin_ios_activity_recognition,"[""stationary""]",0,2,0,f9daacfd-6043-4174-8af9-8936763acfd7,169KS,,0,1,1592885222454,0,0
plugin_ios_activity_recognition,,0,2,0,f9daacfd-6043-4174-8af9-8936763acfd7,169KS,,0,0,1592885228906,0,0
plugin_ios_activity_recognition,"[""stationary""]",0,2,0,f9daacfd-6043-4174-8af9-8936763acfd7,169KS,,0,1,1592885238429,0,0
plugin_ios_activity_recognition,,0,2,0,f9daacfd-6043-4174-8af9-8936763acfd7,169KS,,0,0,1592885240020,0,0
plugin_ios_activity_recognition,"[""stationary""]",0,2,0,f9daacfd-6043-4174-8af9-8936763acfd7,169KS,,0,1,1592885250228,0,0
plugin_ios_activity_recognition,"[""stationary""]",0,2,0,f9daacfd-6043-4174-8af9-8936763acfd7,169KS,,0,1,1592885250962,0,0
plugin_ios_activity_recognition,,0,2,0,f9daacfd-6043-4174-8af9-8936763acfd7,169KS,,0,0,1592885262738,0,0
plugin_ios_activity_recognition,"[""stationary""]",0,2,0,f9daacfd-6043-4174-8af9-8936763acfd7,169KS,,0,1,1592885268797,0,0
plugin_ios_activity_recognition,,0,2,0,f9daacfd-6043-4174-8af9-8936763acfd7,169KS,,0,0,1592885281292,0,0
plugin_ios_activity_recognition,"[""stationary""]",0,2,0,f9daacfd-6043-4174-8af9-8936763acfd7,169KS,,0,1,1592885288952,0,0
plugin_ios_activity_recognition,,0,2,0,f9daacfd-6043-4174-8af9-8936763acfd7,169KS,,0,0,1592885290260,0,0
plugin_ios_activity_recognition,,0,2,0,f9daacfd-6043-4174-8af9-8936763acfd7,169KS,,0,0,1592885310956,0,0
plugin_ios_activity_recognition,"[""stationary""]",0,2,0,f9daacfd-6043-4174-8af9-8936763acfd7,169KS,,0,1,1592885316711,0,0
plugin_ios_activity_recognition,,0,2,0,f9daacfd-6043-4174-8af9-8936763acfd7,169KS,,0,0,1592885336896,0,0
plugin_ios_activity_recognition,"[""stationary""]",0,2,0,f9daacfd-6043-4174-8af9-8936763acfd7,169KS,,0,1,1592885354163,0,0
plugin_ios_activity_recognition,,0,2,0,f9daacfd-6043-4174-8af9-8936763acfd7,169KS,,0,0,1592885360497,0,0
plugin_ios_activity_recognition,,0,2,0,f9daacfd-6043-4174-8af9-8936763acfd7,169KS,,0,0,1592885370957,0,0
plugin_ios_activity_recognition,"[""stationary""]",0,2,0,f9daacfd-6043-4174-8af9-8936763acfd7,169KS,,0,1,1592885391421,0,0
plugin_ios_activity_recognition,,0,2,0,f9daacfd-6043-4174-8af9-8936763acfd7,169KS,,0,0,1592885398153,0,0
plugin_ios_activity_recognition,,0,2,0,f9daacfd-6043-4174-8af9-8936763acfd7,169KS,,0,0,1592885431057,0,0
plugin_ios_activity_recognition,"[""stationary""]",0,2,0,f9daacfd-6043-4174-8af9-8936763acfd7,169KS,,0,1,1592885432273,0,0
plugin_ios_activity_recognition,,0,2,0,f9daacfd-6043-4174-8af9-8936763acfd7,169KS,,0,0,1592885443162,0,0
plugin_ios_activity_recognition,"[""stationary""]",0,2,0,f9daacfd-6043-4174-8af9-8936763acfd7,169KS,,0,1,1592885472184,0,0
plugin_ios_activity_recognition,"[""stationary""]",0,2,0,f9daacfd-6043-4174-8af9-8936763acfd7,169KS,,0,1,1592885490963,0,0
plugin_ios_activity_recognition,,0,2,0,f9daacfd-6043-4174-8af9-8936763acfd7,169KS,,0,0,1592885525496,0,0
plugin_ios_activity_recognition,"[""stationary""]",0,2,0,f9daacfd-6043-4174-8af9-8936763acfd7,169KS,,0,1,1592885550022,0,0
plugin_ios_activity_recognition,"[""stationary""]",0,2,0,f9daacfd-6043-4174-8af9-8936763acfd7,169KS,,0,1,1592885550968,0,0
plugin_ios_activity_recognition,,0,2,0,f9daacfd-6043-4174-8af9-8936763acfd7,169KS,,0,0,1592885560869,0,0
plugin_ios_activity_recognition,"[""stationary""]",0,2,0,f9daacfd-6043-4174-8af9-8936763acfd7,169KS,,0,1,1592885580967,0,0
plugin_ios_activity_recognition,,0,2,0,f9daacfd-6043-4174-8af9-8936763acfd7,169KS,,0,0,1592885588649,0,0
plugin_ios_activity_recognition,,0,2,0,f9daacfd-6043-4174-8af9-8936763acfd7,169KS,,0,0,1592885610965,0,0
plugin_ios_activity_recognition,"[""stationary""]",0,2,0,f9daacfd-6043-4174-8af9-8936763acfd7,169KS,,0,1,1592885632720,0,0
plugin_ios_activity_recognition,,0,2,0,f9daacfd-6043-4174-8af9-8936763acfd7,169KS,,0,0,1592885641275,0,0
plugin_ios_activity_recognition,"[""stationary""]",0,2,0,f9daacfd-6043-4174-8af9-8936763acfd7,169KS,,0,1,1592885647330,0,0
plugin_ios_activity_recognition,,0,2,0,f9daacfd-6043-4174-8af9-8936763acfd7,169KS,,0,0,1592885647649,0,0
plugin_ios_activity_recognition,"[""stationary""]",0,2,0,f9daacfd-6043-4174-8af9-8936763acfd7,169KS,,0,1,1592885663895,0,0
plugin_ios_activity_recognition,,0,2,0,f9daacfd-6043-4174-8af9-8936763acfd7,169KS,,0,0,1592885668674,0,0
plugin_ios_activity_recognition,,0,2,0,f9daacfd-6043-4174-8af9-8936763acfd7,169KS,,0,0,1592885671031,0,0
plugin_ios_activity_recognition,"[""stationary""]",0,2,0,f9daacfd-6043-4174-8af9-8936763acfd7,169KS,,0,1,1592885693908,0,0
plugin_ios_activity_recognition,,0,2,0,f9daacfd-6043-4174-8af9-8936763acfd7,169KS,,0,0,1592885700888,0,0
plugin_ios_activity_recognition,,0,2,0,f9daacfd-6043-4174-8af9-8936763acfd7,169KS,,0,0,1592885730955,0,0
plugin_ios_activity_recognition,"[""stationary""]",0,2,0,f9daacfd-6043-4174-8af9-8936763acfd7,169KS,,0,1,1592885739175,0,0
plugin_ios_activity_recognition,,0,2,0,f9daacfd-6043-4174-8af9-8936763acfd7,169KS,,0,0,1592885762215,0,0
plugin_ios_activity_recognition,"[""stationary""]",0,2,0,f9daacfd-6043-4174-8af9-8936763acfd7,169KS,,0,1,1592885766035,0,0
plugin_ios_activity_recognition,,0,2,0,f9daacfd-6043-4174-8af9-8936763acfd7,169KS,,0,0,1592885771451,0,0
plugin_ios_activity_recognition,"[""walking""]",0,1,0,f9daacfd-6043-4174-8af9-8936763acfd7,169KS,,0,0,1592885775644,0,1
plugin_ios_activity_recognition,"[""walking""]",0,2,0,f9daacfd-6043-4174-8af9-8936763acfd7,169KS,,0,0,1592885784854,0,1
plugin_ios_activity_recognition,"[""walking""]",0,2,0,f9daacfd-6043-4174-8af9-8936763acfd7,169KS,,0,0,1592885790957,0,1
plugin_ios_activity_recognition,,0,2,0,f9daacfd-6043-4174-8af9-8936763acfd7,169KS,,0,0,1592885834366,0,0
plugin_ios_activity_recognition,,0,2,0,f9daacfd-6043-4174-8af9-8936763acfd7,169KS,,0,0,1592885851028,0,0
plugin_ios_activity_recognition,,0,2,0,f9daacfd-6043-4174-8af9-8936763acfd7,169KS,,0,0,1592885910983,0,0
plugin_ios_activity_recognition,,0,2,0,f9daacfd-6043-4174-8af9-8936763acfd7,169KS,,0,0,1592885970963,0,0
plugin_ios_activity_recognition,"[""stationary""]",0,2,0,f9daacfd-6043-4174-8af9-8936763acfd7,169KS,,0,1,1592885998976,0,0
plugin_ios_activity_recognition,,0,2,0,f9daacfd-6043-4174-8af9-8936763acfd7,169KS,,0,0,1592885999934,0,0
plugin_ios_activity_recognition,,0,2,0,f9daacfd-6043-4174-8af9-8936763acfd7,169KS,,0,0,1592886030960,0,0
plugin_ios_activity_recognition,,0,2,0,f9daacfd-6043-4174-8af9-8936763acfd7,169KS,supplement,0,0,1592886090960,0,0
plugin_ios_activity_recognition,,0,2,0,f9daacfd-6043-4174-8af9-8936763acfd7,169KS,,0,0,1592886090976,0,0
plugin_ios_activity_recognition,,0,2,0,f9daacfd-6043-4174-8af9-8936763acfd7,169KS,supplement,0,0,1592886150960,0,0
plugin_ios_activity_recognition,,0,2,0,f9daacfd-6043-4174-8af9-8936763acfd7,169KS,,0,0,1592886150970,0,0
plugin_ios_activity_recognition,,0,2,0,f9daacfd-6043-4174-8af9-8936763acfd7,169KS,,0,0,1592886210961,0,0
plugin_ios_activity_recognition,,0,2,0,f9daacfd-6043-4174-8af9-8936763acfd7,169KS,supplement,0,0,1592886270961,0,0
plugin_ios_activity_recognition,,0,2,0,f9daacfd-6043-4174-8af9-8936763acfd7,169KS,,0,0,1592886270981,0,0
plugin_ios_activity_recognition,,0,2,0,f9daacfd-6043-4174-8af9-8936763acfd7,169KS,supplement,0,0,1592886330961,0,0
plugin_ios_activity_recognition,,0,2,0,f9daacfd-6043-4174-8af9-8936763acfd7,169KS,,0,0,1592886330972,0,0
plugin_ios_activity_recognition,"[""stationary""]",0,2,0,f9daacfd-6043-4174-8af9-8936763acfd7,169KS,,0,1,1592886332736,0,0
plugin_ios_activity_recognition,,0,2,0,f9daacfd-6043-4174-8af9-8936763acfd7,169KS,,0,0,1592886337833,0,0
plugin_ios_activity_recognition,,0,2,0,f9daacfd-6043-4174-8af9-8936763acfd7,169KS,,0,0,1592886391073,0,0
plugin_ios_activity_recognition,,0,2,0,f9daacfd-6043-4174-8af9-8936763acfd7,169KS,,0,0,1592886450967,0,0
plugin_ios_activity_recognition,"[""stationary""]",0,2,0,f9daacfd-6043-4174-8af9-8936763acfd7,169KS,,0,1,1592886475082,0,0
plugin_ios_activity_recognition,,0,2,0,f9daacfd-6043-4174-8af9-8936763acfd7,169KS,,0,0,1592886478217,0,0
plugin_ios_activity_recognition,,0,2,0,f9daacfd-6043-4174-8af9-8936763acfd7,169KS,,0,0,1592886510968,0,0
plugin_ios_activity_recognition,"[""stationary""]",0,2,0,f9daacfd-6043-4174-8af9-8936763acfd7,169KS,,0,1,1592886514271,0,0
plugin_ios_activity_recognition,,0,2,0,f9daacfd-6043-4174-8af9-8936763acfd7,169KS,,0,0,1592886519059,0,0
plugin_ios_activity_recognition,"[""walking""]",0,1,0,f9daacfd-6043-4174-8af9-8936763acfd7,169KS,,0,0,1592886559316,0,1
plugin_ios_activity_recognition,"[""walking""]",0,2,0,f9daacfd-6043-4174-8af9-8936763acfd7,169KS,,0,0,1592886561870,0,1
plugin_ios_activity_recognition,"[""walking""]",0,2,0,f9daacfd-6043-4174-8af9-8936763acfd7,169KS,,0,0,1592886571074,0,1
plugin_ios_activity_recognition,,0,2,0,f9daacfd-6043-4174-8af9-8936763acfd7,169KS,,0,0,1592886613789,0,0
plugin_ios_activity_recognition,,0,2,0,f9daacfd-6043-4174-8af9-8936763acfd7,169KS,,0,0,1592886631019,0,0
plugin_ios_activity_recognition,,0,2,0,f9daacfd-6043-4174-8af9-8936763acfd7,169KS,,0,0,1592886690987,0,0
plugin_ios_activity_recognition,,0,2,0,f9daacfd-6043-4174-8af9-8936763acfd7,169KS,,0,0,1592886750965,0,0
plugin_ios_activity_recognition,,0,2,0,f9daacfd-6043-4174-8af9-8936763acfd7,169KS,supplement,0,0,1592886810965,0,0
plugin_ios_activity_recognition,,0,2,0,f9daacfd-6043-4174-8af9-8936763acfd7,169KS,,0,0,1592886811057,0,0
plugin_ios_activity_recognition,,0,2,0,f9daacfd-6043-4174-8af9-8936763acfd7,169KS,supplement,0,0,1592886870965,0,0
plugin_ios_activity_recognition,,0,2,0,f9daacfd-6043-4174-8af9-8936763acfd7,169KS,supplement,0,0,1592886871057,0,0
plugin_ios_activity_recognition,,0,2,0,f9daacfd-6043-4174-8af9-8936763acfd7,169KS,,0,0,1592886871066,0,0
plugin_ios_activity_recognition,"[""stationary""]",0,2,0,f9daacfd-6043-4174-8af9-8936763acfd7,169KS,,0,1,1592886925438,0,0
plugin_ios_activity_recognition,,0,2,0,f9daacfd-6043-4174-8af9-8936763acfd7,169KS,,0,0,1592886926743,0,0
plugin_ios_activity_recognition,,0,2,0,f9daacfd-6043-4174-8af9-8936763acfd7,169KS,,0,0,1592886930974,0,0
plugin_ios_activity_recognition,,0,2,0,f9daacfd-6043-4174-8af9-8936763acfd7,169KS,supplement,0,0,1592886931057,0,0
plugin_ios_activity_recognition,,0,2,0,f9daacfd-6043-4174-8af9-8936763acfd7,169KS,,0,0,1592886990969,0,0
plugin_ios_activity_recognition,"[""stationary""]",0,2,0,f9daacfd-6043-4174-8af9-8936763acfd7,169KS,,0,1,1592887029434,0,0
plugin_ios_activity_recognition,,0,2,0,f9daacfd-6043-4174-8af9-8936763acfd7,169KS,,0,0,1592887037098,0,0
plugin_ios_activity_recognition,"[""stationary""]",0,2,0,f9daacfd-6043-4174-8af9-8936763acfd7,169KS,,0,1,1592887048213,0,0
plugin_ios_activity_recognition,,0,2,0,f9daacfd-6043-4174-8af9-8936763acfd7,169KS,,0,0,1592887050762,0,0
plugin_ios_activity_recognition,,0,2,0,f9daacfd-6043-4174-8af9-8936763acfd7,169KS,,0,0,1592887051008,0,0
plugin_ios_activity_recognition,"[""stationary""]",0,2,0,f9daacfd-6043-4174-8af9-8936763acfd7,169KS,,0,1,1592887062237,0,0
plugin_ios_activity_recognition,,0,2,0,f9daacfd-6043-4174-8af9-8936763acfd7,169KS,,0,0,1592887067328,0,0
plugin_ios_activity_recognition,"[""stationary""]",0,2,0,f9daacfd-6043-4174-8af9-8936763acfd7,169KS,,0,1,1592887103378,0,0
plugin_ios_activity_recognition,,0,2,0,f9daacfd-6043-4174-8af9-8936763acfd7,169KS,,0,0,1592887106246,0,0
plugin_ios_activity_recognition,,0,2,0,f9daacfd-6043-4174-8af9-8936763acfd7,169KS,,0,0,1592887111068,0,0
plugin_ios_activity_recognition,"[""stationary""]",0,2,0,f9daacfd-6043-4174-8af9-8936763acfd7,169KS,,0,1,1592887129803,0,0
plugin_ios_activity_recognition,,0,2,0,f9daacfd-6043-4174-8af9-8936763acfd7,169KS,,0,0,1592887139034,0,0
plugin_ios_activity_recognition,,0,2,0,f9daacfd-6043-4174-8af9-8936763acfd7,169KS,,0,0,1592887170980,0,0
plugin_ios_activity_recognition,,0,2,0,f9daacfd-6043-4174-8af9-8936763acfd7,169KS,,0,0,1592887230973,0,0
plugin_ios_activity_recognition,,0,2,0,f9daacfd-6043-4174-8af9-8936763acfd7,169KS,supplement,0,0,1592887290973,0,0
plugin_ios_activity_recognition,,0,2,0,f9daacfd-6043-4174-8af9-8936763acfd7,169KS,,0,0,1592887290978,0,0
plugin_ios_activity_recognition,"[""stationary""]",0,2,0,f9daacfd-6043-4174-8af9-8936763acfd7,169KS,,0,1,1592887296652,0,0
plugin_ios_activity_recognition,,0,2,0,f9daacfd-6043-4174-8af9-8936763acfd7,169KS,,0,0,1592887316688,0,0
plugin_ios_activity_recognition,,0,2,0,f9daacfd-6043-4174-8af9-8936763acfd7,169KS,supplement,0,0,1592887350973,0,0
plugin_ios_activity_recognition,,0,2,0,f9daacfd-6043-4174-8af9-8936763acfd7,169KS,,0,0,1592887351083,0,0
plugin_ios_activity_recognition,"[""stationary""]",0,2,0,f9daacfd-6043-4174-8af9-8936763acfd7,169KS,,0,1,1592887376000,0,0
plugin_ios_activity_recognition,,0,2,0,f9daacfd-6043-4174-8af9-8936763acfd7,169KS,,0,0,1592887379506,0,0
plugin_ios_activity_recognition,,0,2,0,f9daacfd-6043-4174-8af9-8936763acfd7,169KS,,0,0,1592887410972,0,0
plugin_ios_activity_recognition,"[""stationary""]",0,2,0,f9daacfd-6043-4174-8af9-8936763acfd7,169KS,,0,1,1592887434989,0,0
plugin_ios_activity_recognition,,0,2,0,f9daacfd-6043-4174-8af9-8936763acfd7,169KS,,0,0,1592887435627,0,0
plugin_ios_activity_recognition,,0,2,0,f9daacfd-6043-4174-8af9-8936763acfd7,169KS,,0,0,1592887470970,0,0
plugin_ios_activity_recognition,"[""stationary""]",0,2,0,f9daacfd-6043-4174-8af9-8936763acfd7,169KS,,0,1,1592887486642,0,0
plugin_ios_activity_recognition,,0,2,0,f9daacfd-6043-4174-8af9-8936763acfd7,169KS,,0,0,1592887487600,0,0
plugin_ios_activity_recognition,"[""stationary""]",0,2,0,f9daacfd-6043-4174-8af9-8936763acfd7,169KS,,0,1,1592887529666,0,0
plugin_ios_activity_recognition,"[""stationary""]",0,2,0,f9daacfd-6043-4174-8af9-8936763acfd7,169KS,,0,1,1592887531030,0,0
plugin_ios_activity_recognition,,0,2,0,f9daacfd-6043-4174-8af9-8936763acfd7,169KS,,0,0,1592887535712,0,0
plugin_ios_activity_recognition,"[""stationary""]",0,2,0,f9daacfd-6043-4174-8af9-8936763acfd7,169KS,,0,1,1592887541488,0,0
plugin_ios_activity_recognition,,0,2,0,f9daacfd-6043-4174-8af9-8936763acfd7,169KS,,0,0,1592887544638,0,0
plugin_ios_activity_recognition,,0,2,0,f9daacfd-6043-4174-8af9-8936763acfd7,169KS,,0,0,1592887591049,0,0
plugin_ios_activity_recognition,,0,2,0,f9daacfd-6043-4174-8af9-8936763acfd7,169KS,,0,0,1592887650974,0,0
plugin_ios_activity_recognition,,0,2,0,f9daacfd-6043-4174-8af9-8936763acfd7,169KS,supplement,0,0,1592887710974,0,0
plugin_ios_activity_recognition,,0,2,0,f9daacfd-6043-4174-8af9-8936763acfd7,169KS,,0,0,1592887710979,0,0
plugin_ios_activity_recognition,"[""stationary""]",0,2,0,f9daacfd-6043-4174-8af9-8936763acfd7,169KS,,0,1,1592887767608,0,0
plugin_ios_activity_recognition,,0,2,0,f9daacfd-6043-4174-8af9-8936763acfd7,169KS,supplement,0,0,1592887770974,0,0
plugin_ios_activity_recognition,"[""stationary""]",0,2,0,f9daacfd-6043-4174-8af9-8936763acfd7,169KS,,0,1,1592887770988,0,0
plugin_ios_activity_recognition,,0,2,0,f9daacfd-6043-4174-8af9-8936763acfd7,169KS,,0,0,1592887775906,0,0
plugin_ios_activity_recognition,,0,2,0,f9daacfd-6043-4174-8af9-8936763acfd7,169KS,,0,0,1592887831062,0,0
plugin_ios_activity_recognition,"[""stationary""]",0,2,0,f9daacfd-6043-4174-8af9-8936763acfd7,169KS,,0,1,1592887835873,0,0
plugin_ios_activity_recognition,,0,2,0,f9daacfd-6043-4174-8af9-8936763acfd7,169KS,,0,0,1592887842600,0,0
plugin_ios_activity_recognition,"[""stationary""]",0,2,0,f9daacfd-6043-4174-8af9-8936763acfd7,169KS,,0,1,1592887872878,0,0
plugin_ios_activity_recognition,,0,2,0,f9daacfd-6043-4174-8af9-8936763acfd7,169KS,,0,0,1592887874474,0,0
plugin_ios_activity_recognition,"[""stationary""]",0,2,0,f9daacfd-6043-4174-8af9-8936763acfd7,169KS,,0,1,1592887878618,0,0
plugin_ios_activity_recognition,"[""stationary""]",0,2,0,f9daacfd-6043-4174-8af9-8936763acfd7,169KS,,0,1,1592887890999,0,0
plugin_ios_activity_recognition,,0,2,0,f9daacfd-6043-4174-8af9-8936763acfd7,169KS,,0,0,1592887893273,0,0
plugin_ios_activity_recognition,"[""stationary""]",0,2,0,f9daacfd-6043-4174-8af9-8936763acfd7,169KS,,0,1,1592887942724,0,0
plugin_ios_activity_recognition,,0,2,0,f9daacfd-6043-4174-8af9-8936763acfd7,169KS,,0,0,1592887943682,0,0
plugin_ios_activity_recognition,,0,2,0,f9daacfd-6043-4174-8af9-8936763acfd7,169KS,,0,0,1592887950985,0,0
plugin_ios_activity_recognition,,0,2,0,f9daacfd-6043-4174-8af9-8936763acfd7,169KS,,0,0,1592888010983,0,0
plugin_ios_activity_recognition,,0,2,0,f9daacfd-6043-4174-8af9-8936763acfd7,169KS,supplement,0,0,1592888070983,0,0
plugin_ios_activity_recognition,,0,2,0,f9daacfd-6043-4174-8af9-8936763acfd7,169KS,,0,0,1592888071032,0,0
plugin_ios_activity_recognition,,0,2,0,f9daacfd-6043-4174-8af9-8936763acfd7,169KS,,0,0,1592888130980,0,0
plugin_ios_activity_recognition,,0,2,0,f9daacfd-6043-4174-8af9-8936763acfd7,169KS,supplement,0,0,1592888130983,0,0
plugin_ios_activity_recognition,"[""stationary""]",0,2,0,f9daacfd-6043-4174-8af9-8936763acfd7,169KS,,0,1,1592888167818,0,0
plugin_ios_activity_recognition,,0,2,0,f9daacfd-6043-4174-8af9-8936763acfd7,169KS,,0,0,1592888171318,0,0
plugin_ios_activity_recognition,,0,2,0,f9daacfd-6043-4174-8af9-8936763acfd7,169KS,,0,0,1592888190975,0,0
plugin_ios_activity_recognition,"[""stationary""]",0,2,0,f9daacfd-6043-4174-8af9-8936763acfd7,169KS,,0,1,1592888215927,0,0
plugin_ios_activity_recognition,,0,2,0,f9daacfd-6043-4174-8af9-8936763acfd7,169KS,,0,0,1592888217199,0,0
plugin_ios_activity_recognition,,0,2,0,f9daacfd-6043-4174-8af9-8936763acfd7,169KS,,0,0,1592888250984,0,0
plugin_ios_activity_recognition,"[""stationary""]",0,2,0,f9daacfd-6043-4174-8af9-8936763acfd7,169KS,,0,1,1592888264967,0,0
plugin_ios_activity_recognition,,0,2,0,f9daacfd-6043-4174-8af9-8936763acfd7,169KS,,0,0,1592888267520,0,0
plugin_ios_activity_recognition,"[""stationary""]",0,2,0,f9daacfd-6043-4174-8af9-8936763acfd7,169KS,,0,1,1592888271978,0,0
plugin_ios_activity_recognition,,0,2,0,f9daacfd-6043-4174-8af9-8936763acfd7,169KS,,0,0,1592888280256,0,0
plugin_ios_activity_recognition,"[""stationary""]",0,2,0,f9daacfd-6043-4174-8af9-8936763acfd7,169KS,,0,1,1592888291092,0,0
plugin_ios_activity_recognition,,0,2,0,f9daacfd-6043-4174-8af9-8936763acfd7,169KS,,0,0,1592888299376,0,0
plugin_ios_activity_recognition,,0,2,0,f9daacfd-6043-4174-8af9-8936763acfd7,169KS,,0,0,1592888310980,0,0
plugin_ios_activity_recognition,"[""stationary""]",0,2,0,f9daacfd-6043-4174-8af9-8936763acfd7,169KS,,0,1,1592888351327,0,0
plugin_ios_activity_recognition,,0,2,0,f9daacfd-6043-4174-8af9-8936763acfd7,169KS,,0,0,1592888365996,0,0
plugin_ios_activity_recognition,,0,2,0,f9daacfd-6043-4174-8af9-8936763acfd7,169KS,,0,0,1592888370975,0,0
plugin_ios_activity_recognition,"[""stationary""]",0,2,0,f9daacfd-6043-4174-8af9-8936763acfd7,169KS,,0,1,1592888375589,0,0
plugin_ios_activity_recognition,,0,2,0,f9daacfd-6043-4174-8af9-8936763acfd7,169KS,,0,0,1592888378424,0,0
plugin_ios_activity_recognition,"[""stationary""]",0,2,0,f9daacfd-6043-4174-8af9-8936763acfd7,169KS,,0,1,1592888399750,0,0
plugin_ios_activity_recognition,,0,2,0,f9daacfd-6043-4174-8af9-8936763acfd7,169KS,,0,0,1592888400707,0,0
plugin_ios_activity_recognition,"[""stationary""]",0,2,0,f9daacfd-6043-4174-8af9-8936763acfd7,169KS,,0,1,1592888418917,0,0
plugin_ios_activity_recognition,,0,2,0,f9daacfd-6043-4174-8af9-8936763acfd7,169KS,,0,0,1592888423024,0,0
plugin_ios_activity_recognition,,0,2,0,f9daacfd-6043-4174-8af9-8936763acfd7,169KS,,0,0,1592888430986,0,0
plugin_ios_activity_recognition,"[""stationary""]",0,2,0,f9daacfd-6043-4174-8af9-8936763acfd7,169KS,,0,1,1592888448519,0,0
plugin_ios_activity_recognition,,0,2,0,f9daacfd-6043-4174-8af9-8936763acfd7,169KS,,0,0,1592888449513,0,0
plugin_ios_activity_recognition,"[""stationary""]",0,2,0,f9daacfd-6043-4174-8af9-8936763acfd7,169KS,,0,1,1592888474326,0,0
plugin_ios_activity_recognition,,0,2,0,f9daacfd-6043-4174-8af9-8936763acfd7,169KS,,0,0,1592888476241,0,0
plugin_ios_activity_recognition,,0,2,0,f9daacfd-6043-4174-8af9-8936763acfd7,169KS,,0,0,1592888490985,0,0
plugin_ios_activity_recognition,"[""stationary""]",0,2,0,f9daacfd-6043-4174-8af9-8936763acfd7,169KS,,0,1,1592888541601,0,0
plugin_ios_activity_recognition,,0,2,0,f9daacfd-6043-4174-8af9-8936763acfd7,169KS,,0,0,1592888542872,0,0
plugin_ios_activity_recognition,,0,2,0,f9daacfd-6043-4174-8af9-8936763acfd7,169KS,,0,0,1592888550978,0,0
plugin_ios_activity_recognition,"[""stationary""]",0,2,0,f9daacfd-6043-4174-8af9-8936763acfd7,169KS,,0,1,1592888558815,0,0
plugin_ios_activity_recognition,,0,2,0,f9daacfd-6043-4174-8af9-8936763acfd7,169KS,,0,0,1592888564529,0,0
plugin_ios_activity_recognition,,0,2,0,f9daacfd-6043-4174-8af9-8936763acfd7,169KS,,0,0,1592888610976,0,0
plugin_ios_activity_recognition,"[""stationary""]",0,2,0,f9daacfd-6043-4174-8af9-8936763acfd7,169KS,,0,1,1592888616475,0,0
plugin_ios_activity_recognition,,0,2,0,f9daacfd-6043-4174-8af9-8936763acfd7,169KS,,0,0,1592888618694,0,0
plugin_ios_activity_recognition,"[""stationary""]",0,2,0,f9daacfd-6043-4174-8af9-8936763acfd7,169KS,,0,1,1592888638178,0,0
plugin_ios_activity_recognition,,0,2,0,f9daacfd-6043-4174-8af9-8936763acfd7,169KS,,0,0,1592888647382,0,0
plugin_ios_activity_recognition,,0,2,0,f9daacfd-6043-4174-8af9-8936763acfd7,169KS,,0,0,1592888670986,0,0
plugin_ios_activity_recognition,,0,2,0,f9daacfd-6043-4174-8af9-8936763acfd7,169KS,supplement,0,0,1592888730986,0,0
plugin_ios_activity_recognition,"[""stationary""]",0,2,0,f9daacfd-6043-4174-8af9-8936763acfd7,169KS,,0,1,1592888775969,0,0
plugin_ios_activity_recognition,,0,2,0,f9daacfd-6043-4174-8af9-8936763acfd7,169KS,supplement,0,0,1592888790986,0,0
plugin_ios_activity_recognition,"[""stationary""]",0,2,0,f9daacfd-6043-4174-8af9-8936763acfd7,169KS,,0,1,1592888791042,0,0
plugin_ios_activity_recognition,,0,2,0,f9daacfd-6043-4174-8af9-8936763acfd7,169KS,,0,0,1592888796759,0,0
plugin_ios_activity_recognition,"[""stationary""]",0,2,0,f9daacfd-6043-4174-8af9-8936763acfd7,169KS,,0,1,1592888818123,0,0
plugin_ios_activity_recognition,,0,2,0,f9daacfd-6043-4174-8af9-8936763acfd7,169KS,,0,0,1592888832205,0,0
plugin_ios_activity_recognition,"[""stationary""]",0,2,0,f9daacfd-6043-4174-8af9-8936763acfd7,169KS,,0,1,1592888835679,0,0
plugin_ios_activity_recognition,,0,2,0,f9daacfd-6043-4174-8af9-8936763acfd7,169KS,,0,0,1592888843019,0,0
plugin_ios_activity_recognition,,0,2,0,f9daacfd-6043-4174-8af9-8936763acfd7,169KS,,0,0,1592888851011,0,0
plugin_ios_activity_recognition,"[""stationary""]",0,2,0,f9daacfd-6043-4174-8af9-8936763acfd7,169KS,,0,1,1592888857995,0,0
plugin_ios_activity_recognition,,0,2,0,f9daacfd-6043-4174-8af9-8936763acfd7,169KS,,0,0,1592888858953,0,0
plugin_ios_activity_recognition,"[""stationary""]",0,2,0,f9daacfd-6043-4174-8af9-8936763acfd7,169KS,,0,1,1592888866292,0,0
plugin_ios_activity_recognition,,0,2,0,f9daacfd-6043-4174-8af9-8936763acfd7,169KS,,0,0,1592888866612,0,0
plugin_ios_activity_recognition,"[""stationary""]",0,2,0,f9daacfd-6043-4174-8af9-8936763acfd7,169KS,,0,1,1592888873314,0,0
plugin_ios_activity_recognition,"[""stationary""]",0,2,0,f9daacfd-6043-4174-8af9-8936763acfd7,169KS,,0,1,1592888910989,0,0
plugin_ios_activity_recognition,,0,2,0,f9daacfd-6043-4174-8af9-8936763acfd7,169KS,,0,0,1592888932569,0,0
plugin_ios_activity_recognition,,0,2,0,f9daacfd-6043-4174-8af9-8936763acfd7,169KS,,0,0,1592888971088,0,0
plugin_ios_activity_recognition,"[""stationary""]",0,2,0,f9daacfd-6043-4174-8af9-8936763acfd7,169KS,,0,1,1592888975014,0,0
plugin_ios_activity_recognition,"[""stationary""]",0,2,0,f9daacfd-6043-4174-8af9-8936763acfd7,169KS,,0,1,1592889031056,0,0
plugin_ios_activity_recognition,,0,2,0,f9daacfd-6043-4174-8af9-8936763acfd7,169KS,,0,0,1592889048105,0,0
plugin_ios_activity_recognition,"[""stationary""]",0,2,0,f9daacfd-6043-4174-8af9-8936763acfd7,169KS,,0,1,1592889079342,0,0
plugin_ios_activity_recognition,,0,2,0,f9daacfd-6043-4174-8af9-8936763acfd7,169KS,,0,0,1592889080332,0,0
plugin_ios_activity_recognition,"[""stationary""]",0,2,0,f9daacfd-6043-4174-8af9-8936763acfd7,169KS,,0,1,1592889089864,0,0
plugin_ios_activity_recognition,"[""stationary""]",0,2,0,f9daacfd-6043-4174-8af9-8936763acfd7,169KS,,0,1,1592889090992,0,0
plugin_ios_activity_recognition,,0,2,0,f9daacfd-6043-4174-8af9-8936763acfd7,169KS,,0,0,1592889149494,0,0
plugin_ios_activity_recognition,,0,2,0,f9daacfd-6043-4174-8af9-8936763acfd7,169KS,,0,0,1592889150979,0,0
plugin_ios_activity_recognition,"[""stationary""]",0,2,0,f9daacfd-6043-4174-8af9-8936763acfd7,169KS,,0,1,1592889185844,0,0
plugin_ios_activity_recognition,"[""stationary""]",0,2,0,f9daacfd-6043-4174-8af9-8936763acfd7,169KS,,0,1,1592889210989,0,0
plugin_ios_activity_recognition,"[""stationary""]",0,2,0,f9daacfd-6043-4174-8af9-8936763acfd7,169KS,supplement,0,1,1592889270989,0,0
plugin_ios_activity_recognition,"[""stationary""]",0,2,0,f9daacfd-6043-4174-8af9-8936763acfd7,169KS,,0,1,1592889270996,0,0
plugin_ios_activity_recognition,"[""stationary""]",0,2,0,f9daacfd-6043-4174-8af9-8936763acfd7,169KS,supplement,0,1,1592889330989,0,0
plugin_ios_activity_recognition,"[""stationary""]",0,2,0,f9daacfd-6043-4174-8af9-8936763acfd7,169KS,,0,1,1592889330990,0,0
plugin_ios_activity_recognition,,0,2,0,f9daacfd-6043-4174-8af9-8936763acfd7,169KS,,0,0,1592889358039,0,0
plugin_ios_activity_recognition,"[""stationary""]",0,2,0,f9daacfd-6043-4174-8af9-8936763acfd7,169KS,,0,1,1592889364103,0,0
plugin_ios_activity_recognition,"[""stationary""]",0,2,0,f9daacfd-6043-4174-8af9-8936763acfd7,169KS,,0,1,1592889390984,0,0
plugin_ios_activity_recognition,,0,2,0,f9daacfd-6043-4174-8af9-8936763acfd7,169KS,,0,0,1592889445169,0,0
plugin_ios_activity_recognition,,0,2,0,f9daacfd-6043-4174-8af9-8936763acfd7,169KS,,0,0,1592889451006,0,0
plugin_ios_activity_recognition,"[""stationary""]",0,2,0,f9daacfd-6043-4174-8af9-8936763acfd7,169KS,,0,1,1592889460171,0,0
plugin_ios_activity_recognition,"[""stationary""]",0,2,0,f9daacfd-6043-4174-8af9-8936763acfd7,169KS,,0,1,1592889511030,0,0
plugin_ios_activity_recognition,"[""stationary""]",0,2,0,f9daacfd-6043-4174-8af9-8936763acfd7,169KS,,0,1,1592889570991,0,0
plugin_ios_activity_recognition,"[""stationary""]",0,2,0,f9daacfd-6043-4174-8af9-8936763acfd7,169KS,,0,1,1592889630990,0,0
plugin_ios_activity_recognition,,0,2,0,f9daacfd-6043-4174-8af9-8936763acfd7,169KS,,0,0,1592889640692,0,0
plugin_ios_activity_recognition,"[""stationary""]",0,2,0,f9daacfd-6043-4174-8af9-8936763acfd7,169KS,,0,1,1592889646777,0,0
plugin_ios_activity_recognition,"[""stationary""]",0,2,0,f9daacfd-6043-4174-8af9-8936763acfd7,169KS,,0,1,1592889690991,0,0
plugin_ios_activity_recognition,,0,2,0,f9daacfd-6043-4174-8af9-8936763acfd7,169KS,,0,0,1592889727640,0,0
plugin_ios_activity_recognition,,0,2,0,f9daacfd-6043-4174-8af9-8936763acfd7,169KS,,0,0,1592889750995,0,0
plugin_ios_activity_recognition,"[""stationary""]",0,2,0,f9daacfd-6043-4174-8af9-8936763acfd7,169KS,,0,1,1592889759839,0,0
plugin_ios_activity_recognition,,0,2,0,f9daacfd-6043-4174-8af9-8936763acfd7,169KS,,0,0,1592889774543,0,0
plugin_ios_activity_recognition,"[""stationary""]",0,2,0,f9daacfd-6043-4174-8af9-8936763acfd7,169KS,,0,1,1592889796504,0,0
plugin_ios_activity_recognition,,0,2,0,f9daacfd-6043-4174-8af9-8936763acfd7,169KS,,0,0,1592889797780,0,0
plugin_ios_activity_recognition,,0,2,0,f9daacfd-6043-4174-8af9-8936763acfd7,169KS,,0,0,1592889810993,0,0
plugin_ios_activity_recognition,"[""stationary""]",0,2,0,f9daacfd-6043-4174-8af9-8936763acfd7,169KS,,0,1,1592889820453,0,0
plugin_ios_activity_recognition,,0,2,0,f9daacfd-6043-4174-8af9-8936763acfd7,169KS,,0,0,1592889847950,0,0
plugin_ios_activity_recognition,"[""stationary""]",0,2,0,f9daacfd-6043-4174-8af9-8936763acfd7,169KS,,0,1,1592889861368,0,0
plugin_ios_activity_recognition,"[""stationary""]",0,2,0,f9daacfd-6043-4174-8af9-8936763acfd7,169KS,,0,1,1592889870986,0,0
plugin_ios_activity_recognition,,0,2,0,f9daacfd-6043-4174-8af9-8936763acfd7,169KS,,0,0,1592889882783,0,0
plugin_ios_activity_recognition,"[""stationary""]",0,2,0,f9daacfd-6043-4174-8af9-8936763acfd7,169KS,,0,1,1592889891076,0,0
plugin_ios_activity_recognition,"[""stationary""]",0,2,0,f9daacfd-6043-4174-8af9-8936763acfd7,169KS,,0,1,1592889930994,0,0
plugin_ios_activity_recognition,"[""stationary""]",0,2,0,f9daacfd-6043-4174-8af9-8936763acfd7,169KS,supplement,0,1,1592889990994,0,0
plugin_ios_activity_recognition,"[""stationary""]",0,2,0,f9daacfd-6043-4174-8af9-8936763acfd7,169KS,,0,1,1592889991067,0,0
plugin_ios_activity_recognition,"[""stationary""]",0,2,0,f9daacfd-6043-4174-8af9-8936763acfd7,169KS,,0,1,1592890050991,0,0
plugin_ios_activity_recognition,"[""stationary""]",0,2,0,f9daacfd-6043-4174-8af9-8936763acfd7,169KS,supplement,0,1,1592890050994,0,0
plugin_ios_activity_recognition,,0,2,0,f9daacfd-6043-4174-8af9-8936763acfd7,169KS,,0,0,1592890067824,0,0
plugin_ios_activity_recognition,"[""walking""]",0,1,0,f9daacfd-6043-4174-8af9-8936763acfd7,169KS,,0,0,1592890074241,0,1
plugin_ios_activity_recognition,"[""stationary""]",0,2,0,f9daacfd-6043-4174-8af9-8936763acfd7,169KS,,0,1,1592890079941,0,0
plugin_ios_activity_recognition,"[""stationary""]",0,2,0,f9daacfd-6043-4174-8af9-8936763acfd7,169KS,,0,1,1592890110994,0,0
plugin_ios_activity_recognition,"[""stationary""]",0,2,0,f9daacfd-6043-4174-8af9-8936763acfd7,169KS,,0,1,1592890170992,0,0
plugin_ios_activity_recognition,"[""stationary""]",0,2,0,f9daacfd-6043-4174-8af9-8936763acfd7,169KS,supplement,0,1,1592890230992,0,0
plugin_ios_activity_recognition,"[""stationary""]",0,2,0,f9daacfd-6043-4174-8af9-8936763acfd7,169KS,,0,1,1592890231035,0,0
plugin_ios_activity_recognition,"[""stationary""]",0,2,0,f9daacfd-6043-4174-8af9-8936763acfd7,169KS,supplement,0,1,1592890290992,0,0
plugin_ios_activity_recognition,"[""stationary""]",0,2,0,f9daacfd-6043-4174-8af9-8936763acfd7,169KS,,0,1,1592890290993,0,0
plugin_ios_activity_recognition,"[""stationary""]",0,2,0,f9daacfd-6043-4174-8af9-8936763acfd7,169KS,,0,1,1592890350993,0,0
plugin_ios_activity_recognition,"[""stationary""]",0,2,0,f9daacfd-6043-4174-8af9-8936763acfd7,169KS,supplement,0,1,1592890410993,0,0
plugin_ios_activity_recognition,"[""stationary""]",0,2,0,f9daacfd-6043-4174-8af9-8936763acfd7,169KS,,0,1,1592890410994,0,0
plugin_ios_activity_recognition,"[""stationary""]",0,2,0,f9daacfd-6043-4174-8af9-8936763acfd7,169KS,supplement,0,1,1592890470993,0,0
plugin_ios_activity_recognition,"[""stationary""]",0,2,0,f9daacfd-6043-4174-8af9-8936763acfd7,169KS,supplement,0,1,1592890470994,0,0
plugin_ios_activity_recognition,"[""stationary""]",0,2,0,f9daacfd-6043-4174-8af9-8936763acfd7,169KS,,0,1,1592890471039,0,0
plugin_ios_activity_recognition,"[""stationary""]",0,2,0,f9daacfd-6043-4174-8af9-8936763acfd7,169KS,,0,1,1592890530994,0,0
plugin_ios_activity_recognition,"[""stationary""]",0,2,0,f9daacfd-6043-4174-8af9-8936763acfd7,169KS,supplement,0,1,1592890590994,0,0
plugin_ios_activity_recognition,"[""stationary""]",0,2,0,f9daacfd-6043-4174-8af9-8936763acfd7,169KS,,0,1,1592890590996,0,0
plugin_ios_activity_recognition,"[""stationary""]",0,2,0,f9daacfd-6043-4174-8af9-8936763acfd7,169KS,supplement,0,1,1592890650994,0,0
plugin_ios_activity_recognition,"[""stationary""]",0,2,0,f9daacfd-6043-4174-8af9-8936763acfd7,169KS,,0,1,1592890650996,0,0
plugin_ios_activity_recognition,"[""stationary""]",0,2,0,f9daacfd-6043-4174-8af9-8936763acfd7,169KS,supplement,0,1,1592890710996,0,0
plugin_ios_activity_recognition,"[""stationary""]",0,2,0,f9daacfd-6043-4174-8af9-8936763acfd7,169KS,,0,1,1592890711022,0,0
plugin_ios_activity_recognition,"[""stationary""]",0,2,0,f9daacfd-6043-4174-8af9-8936763acfd7,169KS,supplement,0,1,1592890770996,0,0
plugin_ios_activity_recognition,"[""stationary""]",0,2,0,f9daacfd-6043-4174-8af9-8936763acfd7,169KS,,0,1,1592890770997,0,0
plugin_ios_activity_recognition,"[""stationary""]",0,2,0,f9daacfd-6043-4174-8af9-8936763acfd7,169KS,,0,1,1592890830997,0,0
plugin_ios_activity_recognition,,0,2,0,f9daacfd-6043-4174-8af9-8936763acfd7,169KS,,0,0,1592890856740,0,0
plugin_ios_activity_recognition,"[""stationary""]",0,2,0,f9daacfd-6043-4174-8af9-8936763acfd7,169KS,,0,1,1592890865027,0,0
plugin_ios_activity_recognition,"[""stationary""]",0,2,0,f9daacfd-6043-4174-8af9-8936763acfd7,169KS,supplement,0,1,1592890890997,0,0
plugin_ios_activity_recognition,"[""stationary""]",0,2,0,f9daacfd-6043-4174-8af9-8936763acfd7,169KS,supplement,0,1,1592890950996,0,0
plugin_ios_activity_recognition,"[""stationary""]",0,2,0,f9daacfd-6043-4174-8af9-8936763acfd7,169KS,,0,1,1592890951085,0,0
plugin_ios_activity_recognition,"[""stationary""]",0,2,0,f9daacfd-6043-4174-8af9-8936763acfd7,169KS,supplement,0,1,1592891010996,0,0
plugin_ios_activity_recognition,"[""stationary""]",0,2,0,f9daacfd-6043-4174-8af9-8936763acfd7,169KS,,0,1,1592891010998,0,0
plugin_ios_activity_recognition,"[""stationary""]",0,2,0,f9daacfd-6043-4174-8af9-8936763acfd7,169KS,,0,1,1592891070997,0,0
plugin_ios_activity_recognition,"[""stationary""]",0,2,0,f9daacfd-6043-4174-8af9-8936763acfd7,169KS,supplement,0,1,1592891130997,0,0
plugin_ios_activity_recognition,"[""stationary""]",0,2,0,f9daacfd-6043-4174-8af9-8936763acfd7,169KS,,0,1,1592891130999,0,0
plugin_ios_activity_recognition,"[""stationary""]",0,2,0,f9daacfd-6043-4174-8af9-8936763acfd7,169KS,supplement,0,1,1592891190997,0,0
plugin_ios_activity_recognition,"[""stationary""]",0,2,0,f9daacfd-6043-4174-8af9-8936763acfd7,169KS,supplement,0,1,1592891190999,0,0
plugin_ios_activity_recognition,"[""stationary""]",0,2,0,f9daacfd-6043-4174-8af9-8936763acfd7,169KS,,0,1,1592891191083,0,0
plugin_ios_activity_recognition,"[""stationary""]",0,2,0,f9daacfd-6043-4174-8af9-8936763acfd7,169KS,,0,1,1592891250998,0,0
plugin_ios_activity_recognition,"[""stationary""]",0,2,0,f9daacfd-6043-4174-8af9-8936763acfd7,169KS,supplement,0,1,1592891250999,0,0
plugin_ios_activity_recognition,"[""stationary""]",0,2,0,f9daacfd-6043-4174-8af9-8936763acfd7,169KS,supplement,0,1,1592891310998,0,0
plugin_ios_activity_recognition,"[""stationary""]",0,2,0,f9daacfd-6043-4174-8af9-8936763acfd7,169KS,,0,1,1592891311000,0,0
plugin_ios_activity_recognition,"[""stationary""]",0,2,0,f9daacfd-6043-4174-8af9-8936763acfd7,169KS,supplement,0,1,1592891370998,0,0
plugin_ios_activity_recognition,"[""stationary""]",0,2,0,f9daacfd-6043-4174-8af9-8936763acfd7,169KS,supplement,0,1,1592891371000,0,0
plugin_ios_activity_recognition,"[""stationary""]",0,2,0,f9daacfd-6043-4174-8af9-8936763acfd7,169KS,supplement,0,1,1592891431000,0,0
plugin_ios_activity_recognition,"[""stationary""]",0,2,0,f9daacfd-6043-4174-8af9-8936763acfd7,169KS,,0,1,1592891431054,0,0
plugin_ios_activity_recognition,"[""stationary""]",0,2,0,f9daacfd-6043-4174-8af9-8936763acfd7,169KS,supplement,0,1,1592891491000,0,0
plugin_ios_activity_recognition,"[""stationary""]",0,2,0,f9daacfd-6043-4174-8af9-8936763acfd7,169KS,,0,1,1592891491001,0,0
plugin_ios_activity_recognition,"[""stationary""]",0,2,0,f9daacfd-6043-4174-8af9-8936763acfd7,169KS,,0,1,1592891551001,0,0
plugin_ios_activity_recognition,"[""stationary""]",0,2,0,f9daacfd-6043-4174-8af9-8936763acfd7,169KS,,0,1,1592891611000,0,0
plugin_ios_activity_recognition,"[""stationary""]",0,2,0,f9daacfd-6043-4174-8af9-8936763acfd7,169KS,supplement,0,1,1592891611001,0,0
plugin_ios_activity_recognition,"[""stationary""]",0,2,0,f9daacfd-6043-4174-8af9-8936763acfd7,169KS,supplement,0,1,1592891671000,0,0
plugin_ios_activity_recognition,"[""stationary""]",0,2,0,f9daacfd-6043-4174-8af9-8936763acfd7,169KS,,0,1,1592891671096,0,0
plugin_ios_activity_recognition,"[""stationary""]",0,2,0,f9daacfd-6043-4174-8af9-8936763acfd7,169KS,,0,1,1592891730997,0,0
plugin_ios_activity_recognition,"[""stationary""]",0,2,0,f9daacfd-6043-4174-8af9-8936763acfd7,169KS,supplement,0,1,1592891731000,0,0
plugin_ios_activity_recognition,"[""stationary""]",0,2,0,f9daacfd-6043-4174-8af9-8936763acfd7,169KS,supplement,0,1,1592891790997,0,0
plugin_ios_activity_recognition,"[""stationary""]",0,2,0,f9daacfd-6043-4174-8af9-8936763acfd7,169KS,,0,1,1592891791001,0,0
plugin_ios_activity_recognition,"[""stationary""]",0,2,0,f9daacfd-6043-4174-8af9-8936763acfd7,169KS,supplement,0,1,1592891850997,0,0
plugin_ios_activity_recognition,"[""stationary""]",0,2,0,f9daacfd-6043-4174-8af9-8936763acfd7,169KS,,0,1,1592891850999,0,0
plugin_ios_activity_recognition,"[""stationary""]",0,2,0,f9daacfd-6043-4174-8af9-8936763acfd7,169KS,supplement,0,1,1592891910999,0,0
plugin_ios_activity_recognition,"[""stationary""]",0,2,0,f9daacfd-6043-4174-8af9-8936763acfd7,169KS,,0,1,1592891911007,0,0
plugin_ios_activity_recognition,"[""stationary""]",0,2,0,f9daacfd-6043-4174-8af9-8936763acfd7,169KS,,0,1,1592891970993,0,0
plugin_ios_activity_recognition,"[""stationary""]",0,2,0,f9daacfd-6043-4174-8af9-8936763acfd7,169KS,supplement,0,1,1592891970999,0,0
plugin_ios_activity_recognition,"[""stationary""]",0,2,0,f9daacfd-6043-4174-8af9-8936763acfd7,169KS,,0,1,1592892030993,0,0
plugin_ios_activity_recognition,"[""stationary""]",0,2,0,f9daacfd-6043-4174-8af9-8936763acfd7,169KS,,0,1,1592892090993,0,0
plugin_ios_activity_recognition,"[""stationary""]",0,2,0,f9daacfd-6043-4174-8af9-8936763acfd7,169KS,supplement,0,1,1592892150993,0,0
plugin_ios_activity_recognition,"[""stationary""]",0,2,0,f9daacfd-6043-4174-8af9-8936763acfd7,169KS,,0,1,1592892151071,0,0
plugin_ios_activity_recognition,"[""stationary""]",0,2,0,f9daacfd-6043-4174-8af9-8936763acfd7,169KS,,0,1,1592892210993,0,0
plugin_ios_activity_recognition,"[""stationary""]",0,2,0,f9daacfd-6043-4174-8af9-8936763acfd7,169KS,supplement,0,1,1592892270993,0,0
plugin_ios_activity_recognition,"[""stationary""]",0,2,0,f9daacfd-6043-4174-8af9-8936763acfd7,169KS,,0,1,1592892270994,0,0
plugin_ios_activity_recognition,"[""stationary""]",0,2,0,f9daacfd-6043-4174-8af9-8936763acfd7,169KS,,0,1,1592892330992,0,0
plugin_ios_activity_recognition,"[""stationary""]",0,2,0,f9daacfd-6043-4174-8af9-8936763acfd7,169KS,supplement,0,1,1592892330993,0,0
plugin_ios_activity_recognition,"[""stationary""]",0,2,0,f9daacfd-6043-4174-8af9-8936763acfd7,169KS,supplement,0,1,1592892390992,0,0
plugin_ios_activity_recognition,"[""stationary""]",0,2,0,f9daacfd-6043-4174-8af9-8936763acfd7,169KS,,0,1,1592892391026,0,0
plugin_ios_activity_recognition,"[""stationary""]",0,2,0,f9daacfd-6043-4174-8af9-8936763acfd7,169KS,supplement,0,1,1592892450992,0,0
plugin_ios_activity_recognition,"[""stationary""]",0,2,0,f9daacfd-6043-4174-8af9-8936763acfd7,169KS,,0,1,1592892450993,0,0
plugin_ios_activity_recognition,"[""stationary""]",0,2,0,f9daacfd-6043-4174-8af9-8936763acfd7,169KS,,0,1,1592892510992,0,0
plugin_ios_activity_recognition,"[""stationary""]",0,2,0,f9daacfd-6043-4174-8af9-8936763acfd7,169KS,supplement,0,1,1592892570992,0,0
plugin_ios_activity_recognition,"[""stationary""]",0,2,0,f9daacfd-6043-4174-8af9-8936763acfd7,169KS,,0,1,1592892570993,0,0
plugin_ios_activity_recognition,"[""stationary""]",0,2,0,f9daacfd-6043-4174-8af9-8936763acfd7,169KS,supplement,0,1,1592892630992,0,0
plugin_ios_activity_recognition,"[""stationary""]",0,2,0,f9daacfd-6043-4174-8af9-8936763acfd7,169KS,supplement,0,1,1592892630993,0,0
plugin_ios_activity_recognition,"[""stationary""]",0,2,0,f9daacfd-6043-4174-8af9-8936763acfd7,169KS,,0,1,1592892631084,0,0
plugin_ios_activity_recognition,"[""stationary""]",0,2,0,f9daacfd-6043-4174-8af9-8936763acfd7,169KS,supplement,0,1,1592892690993,0,0
plugin_ios_activity_recognition,"[""stationary""]",0,2,0,f9daacfd-6043-4174-8af9-8936763acfd7,169KS,supplement,0,1,1592892750991,0,0
plugin_ios_activity_recognition,"[""stationary""]",0,2,0,f9daacfd-6043-4174-8af9-8936763acfd7,169KS,,0,1,1592892750992,0,0
plugin_ios_activity_recognition,"[""stationary""]",0,2,0,f9daacfd-6043-4174-8af9-8936763acfd7,169KS,supplement,0,1,1592892810991,0,0
plugin_ios_activity_recognition,"[""stationary""]",0,2,0,f9daacfd-6043-4174-8af9-8936763acfd7,169KS,supplement,0,1,1592892810992,0,0
plugin_ios_activity_recognition,"[""stationary""]",0,2,0,f9daacfd-6043-4174-8af9-8936763acfd7,169KS,,0,1,1592892810997,0,0
plugin_ios_activity_recognition,"[""stationary""]",0,2,0,f9daacfd-6043-4174-8af9-8936763acfd7,169KS,supplement,0,1,1592892870992,0,0
plugin_ios_activity_recognition,"[""stationary""]",0,2,0,f9daacfd-6043-4174-8af9-8936763acfd7,169KS,supplement,0,1,1592892870997,0,0
plugin_ios_activity_recognition,"[""stationary""]",0,2,0,f9daacfd-6043-4174-8af9-8936763acfd7,169KS,,0,1,1592892871086,0,0
plugin_ios_activity_recognition,"[""stationary""]",0,2,0,f9daacfd-6043-4174-8af9-8936763acfd7,169KS,,0,1,1592892930993,0,0
plugin_ios_activity_recognition,"[""stationary""]",0,2,0,f9daacfd-6043-4174-8af9-8936763acfd7,169KS,supplement,0,1,1592892930997,0,0
plugin_ios_activity_recognition,"[""stationary""]",0,2,0,f9daacfd-6043-4174-8af9-8936763acfd7,169KS,,0,1,1592892990993,0,0
plugin_ios_activity_recognition,"[""stationary""]",0,2,0,f9daacfd-6043-4174-8af9-8936763acfd7,169KS,,0,1,1592893050992,0,0
plugin_ios_activity_recognition,"[""stationary""]",0,2,0,f9daacfd-6043-4174-8af9-8936763acfd7,169KS,,0,1,1592893110988,0,0
plugin_ios_activity_recognition,"[""stationary""]",0,2,0,f9daacfd-6043-4174-8af9-8936763acfd7,169KS,,0,1,1592893170988,0,0
plugin_ios_activity_recognition,"[""stationary""]",0,2,0,f9daacfd-6043-4174-8af9-8936763acfd7,169KS,,0,1,1592893230987,0,0
plugin_ios_activity_recognition,"[""stationary""]",0,2,0,f9daacfd-6043-4174-8af9-8936763acfd7,169KS,supplement,0,1,1592893290987,0,0
plugin_ios_activity_recognition,"[""stationary""]",0,2,0,f9daacfd-6043-4174-8af9-8936763acfd7,169KS,,0,1,1592893290988,0,0
plugin_ios_activity_recognition,"[""stationary""]",0,2,0,f9daacfd-6043-4174-8af9-8936763acfd7,169KS,supplement,0,1,1592893350987,0,0
plugin_ios_activity_recognition,"[""stationary""]",0,2,0,f9daacfd-6043-4174-8af9-8936763acfd7,169KS,supplement,0,1,1592893350988,0,0
plugin_ios_activity_recognition,"[""stationary""]",0,2,0,f9daacfd-6043-4174-8af9-8936763acfd7,169KS,,0,1,1592893351016,0,0
plugin_ios_activity_recognition,"[""stationary""]",0,2,0,f9daacfd-6043-4174-8af9-8936763acfd7,169KS,,0,1,1592893410984,0,0
plugin_ios_activity_recognition,"[""stationary""]",0,2,0,f9daacfd-6043-4174-8af9-8936763acfd7,169KS,supplement,0,1,1592893410988,0,0
plugin_ios_activity_recognition,"[""stationary""]",0,2,0,f9daacfd-6043-4174-8af9-8936763acfd7,169KS,supplement,0,1,1592893470984,0,0
plugin_ios_activity_recognition,"[""stationary""]",0,2,0,f9daacfd-6043-4174-8af9-8936763acfd7,169KS,,0,1,1592893470987,0,0
plugin_ios_activity_recognition,"[""stationary""]",0,2,0,f9daacfd-6043-4174-8af9-8936763acfd7,169KS,supplement,0,1,1592893530984,0,0
plugin_ios_activity_recognition,"[""stationary""]",0,2,0,f9daacfd-6043-4174-8af9-8936763acfd7,169KS,,0,1,1592893530987,0,0
plugin_ios_activity_recognition,,0,2,0,f9daacfd-6043-4174-8af9-8936763acfd7,169KS,,0,0,1592893534648,0,0
plugin_ios_activity_recognition,"[""stationary""]",0,2,0,f9daacfd-6043-4174-8af9-8936763acfd7,169KS,,0,1,1592893540062,0,0
plugin_ios_activity_recognition,"[""stationary""]",0,2,0,f9daacfd-6043-4174-8af9-8936763acfd7,169KS,,0,1,1592893591081,0,0
plugin_ios_activity_recognition,"[""stationary""]",0,2,0,f9daacfd-6043-4174-8af9-8936763acfd7,169KS,,0,1,1592893650987,0,0
plugin_ios_activity_recognition,"[""stationary""]",0,2,0,f9daacfd-6043-4174-8af9-8936763acfd7,169KS,,0,1,1592893710985,0,0
plugin_ios_activity_recognition,"[""stationary""]",0,2,0,f9daacfd-6043-4174-8af9-8936763acfd7,169KS,supplement,0,1,1592893770985,0,0
plugin_ios_activity_recognition,"[""stationary""]",0,2,0,f9daacfd-6043-4174-8af9-8936763acfd7,169KS,,0,1,1592893770986,0,0
plugin_ios_activity_recognition,"[""stationary""]",0,2,0,f9daacfd-6043-4174-8af9-8936763acfd7,169KS,supplement,0,1,1592893830985,0,0
plugin_ios_activity_recognition,"[""stationary""]",0,2,0,f9daacfd-6043-4174-8af9-8936763acfd7,169KS,supplement,0,1,1592893830986,0,0
plugin_ios_activity_recognition,"[""stationary""]",0,2,0,f9daacfd-6043-4174-8af9-8936763acfd7,169KS,,0,1,1592893831066,0,0
plugin_ios_activity_recognition,,0,2,0,f9daacfd-6043-4174-8af9-8936763acfd7,169KS,,0,0,1592893834152,0,0
plugin_ios_activity_recognition,"[""stationary""]",0,2,0,f9daacfd-6043-4174-8af9-8936763acfd7,169KS,,0,1,1592893837681,0,0
plugin_ios_activity_recognition,,0,2,0,f9daacfd-6043-4174-8af9-8936763acfd7,169KS,,0,0,1592893884831,0,0
plugin_ios_activity_recognition,,0,2,0,f9daacfd-6043-4174-8af9-8936763acfd7,169KS,,0,0,1592893890982,0,0
plugin_ios_activity_recognition,"[""stationary""]",0,2,0,f9daacfd-6043-4174-8af9-8936763acfd7,169KS,supplement,0,1,1592893890986,0,0
plugin_ios_activity_recognition,"[""stationary""]",0,2,0,f9daacfd-6043-4174-8af9-8936763acfd7,169KS,,0,1,1592893892202,0,0
plugin_ios_activity_recognition,"[""stationary""]",0,2,0,f9daacfd-6043-4174-8af9-8936763acfd7,169KS,,0,1,1592893950985,0,0
plugin_ios_activity_recognition,,0,2,0,f9daacfd-6043-4174-8af9-8936763acfd7,169KS,,0,0,1592893996383,0,0
plugin_ios_activity_recognition,"[""stationary""]",0,2,0,f9daacfd-6043-4174-8af9-8936763acfd7,169KS,,0,1,1592894003392,0,0
plugin_ios_activity_recognition,"[""stationary""]",0,2,0,f9daacfd-6043-4174-8af9-8936763acfd7,169KS,,0,1,1592894010986,0,0
plugin_ios_activity_recognition,"[""stationary""]",0,2,0,f9daacfd-6043-4174-8af9-8936763acfd7,169KS,supplement,0,1,1592894070986,0,0
plugin_ios_activity_recognition,"[""stationary""]",0,2,0,f9daacfd-6043-4174-8af9-8936763acfd7,169KS,,0,1,1592894071081,0,0
plugin_ios_activity_recognition,"[""stationary""]",0,2,0,f9daacfd-6043-4174-8af9-8936763acfd7,169KS,,0,1,1592894130985,0,0
plugin_ios_activity_recognition,"[""stationary""]",0,2,0,f9daacfd-6043-4174-8af9-8936763acfd7,169KS,supplement,0,1,1592894130986,0,0
plugin_ios_activity_recognition,"[""stationary""]",0,2,0,f9daacfd-6043-4174-8af9-8936763acfd7,169KS,,0,1,1592894190984,0,0
plugin_ios_activity_recognition,"[""stationary""]",0,2,0,f9daacfd-6043-4174-8af9-8936763acfd7,169KS,supplement,0,1,1592894250984,0,0
plugin_ios_activity_recognition,"[""stationary""]",0,2,0,f9daacfd-6043-4174-8af9-8936763acfd7,169KS,,0,1,1592894250985,0,0
plugin_ios_activity_recognition,"[""stationary""]",0,2,0,f9daacfd-6043-4174-8af9-8936763acfd7,169KS,supplement,0,1,1592894310984,0,0
plugin_ios_activity_recognition,"[""stationary""]",0,2,0,f9daacfd-6043-4174-8af9-8936763acfd7,169KS,supplement,0,1,1592894310985,0,0
plugin_ios_activity_recognition,"[""stationary""]",0,2,0,f9daacfd-6043-4174-8af9-8936763acfd7,169KS,,0,1,1592894311016,0,0
plugin_ios_activity_recognition,"[""stationary""]",0,2,0,f9daacfd-6043-4174-8af9-8936763acfd7,169KS,,0,1,1592894370985,0,0
plugin_ios_activity_recognition,"[""stationary""]",0,2,0,f9daacfd-6043-4174-8af9-8936763acfd7,169KS,supplement,0,1,1592894430985,0,0
plugin_ios_activity_recognition,"[""stationary""]",0,2,0,f9daacfd-6043-4174-8af9-8936763acfd7,169KS,supplement,0,1,1592894490985,0,0
plugin_ios_activity_recognition,"[""stationary""]",0,2,0,f9daacfd-6043-4174-8af9-8936763acfd7,169KS,supplement,0,1,1592894550984,0,0
plugin_ios_activity_recognition,"[""stationary""]",0,2,0,f9daacfd-6043-4174-8af9-8936763acfd7,169KS,,0,1,1592894551079,0,0
plugin_ios_activity_recognition,"[""stationary""]",0,2,0,f9daacfd-6043-4174-8af9-8936763acfd7,169KS,supplement,0,1,1592894610984,0,0
plugin_ios_activity_recognition,"[""stationary""]",0,2,0,f9daacfd-6043-4174-8af9-8936763acfd7,169KS,,0,1,1592894610985,0,0
plugin_ios_activity_recognition,"[""stationary""]",0,2,0,f9daacfd-6043-4174-8af9-8936763acfd7,169KS,,0,1,1592894670983,0,0
plugin_ios_activity_recognition,"[""stationary""]",0,2,0,f9daacfd-6043-4174-8af9-8936763acfd7,169KS,supplement,0,1,1592894730983,0,0
plugin_ios_activity_recognition,"[""stationary""]",0,2,0,f9daacfd-6043-4174-8af9-8936763acfd7,169KS,,0,1,1592894730984,0,0
plugin_ios_activity_recognition,"[""stationary""]",0,2,0,f9daacfd-6043-4174-8af9-8936763acfd7,169KS,,0,1,1592894790982,0,0
plugin_ios_activity_recognition,"[""stationary""]",0,2,0,f9daacfd-6043-4174-8af9-8936763acfd7,169KS,supplement,0,1,1592894790983,0,0
plugin_ios_activity_recognition,"[""stationary""]",0,2,0,f9daacfd-6043-4174-8af9-8936763acfd7,169KS,,0,1,1592894850982,0,0
plugin_ios_activity_recognition,"[""stationary""]",0,2,0,f9daacfd-6043-4174-8af9-8936763acfd7,169KS,supplement,0,1,1592894910982,0,0
plugin_ios_activity_recognition,"[""stationary""]",0,2,0,f9daacfd-6043-4174-8af9-8936763acfd7,169KS,,0,1,1592894910984,0,0
plugin_ios_activity_recognition,"[""stationary""]",0,2,0,f9daacfd-6043-4174-8af9-8936763acfd7,169KS,supplement,0,1,1592894970982,0,0
plugin_ios_activity_recognition,"[""stationary""]",0,2,0,f9daacfd-6043-4174-8af9-8936763acfd7,169KS,,0,1,1592894970983,0,0
plugin_ios_activity_recognition,"[""stationary""]",0,2,0,f9daacfd-6043-4174-8af9-8936763acfd7,169KS,supplement,0,1,1592895030983,0,0
plugin_ios_activity_recognition,"[""stationary""]",0,2,0,f9daacfd-6043-4174-8af9-8936763acfd7,169KS,,0,1,1592895031077,0,0
plugin_ios_activity_recognition,"[""stationary""]",0,2,0,f9daacfd-6043-4174-8af9-8936763acfd7,169KS,,0,1,1592895090983,0,0
plugin_ios_activity_recognition,"[""stationary""]",0,2,0,f9daacfd-6043-4174-8af9-8936763acfd7,169KS,,0,1,1592895150983,0,0
plugin_ios_activity_recognition,"[""stationary""]",0,2,0,f9daacfd-6043-4174-8af9-8936763acfd7,169KS,supplement,0,1,1592895210983,0,0
plugin_ios_activity_recognition,"[""stationary""]",0,2,0,f9daacfd-6043-4174-8af9-8936763acfd7,169KS,supplement,0,1,1592895270983,0,0
plugin_ios_activity_recognition,"[""stationary""]",0,2,0,f9daacfd-6043-4174-8af9-8936763acfd7,169KS,,0,1,1592895271062,0,0
plugin_ios_activity_recognition,"[""stationary""]",0,2,0,f9daacfd-6043-4174-8af9-8936763acfd7,169KS,supplement,0,1,1592895330983,0,0
plugin_ios_activity_recognition,"[""stationary""]",0,2,0,f9daacfd-6043-4174-8af9-8936763acfd7,169KS,,0,1,1592895330985,0,0
plugin_ios_activity_recognition,"[""stationary""]",0,2,0,f9daacfd-6043-4174-8af9-8936763acfd7,169KS,,0,1,1592895390985,0,0
plugin_ios_activity_recognition,"[""stationary""]",0,2,0,f9daacfd-6043-4174-8af9-8936763acfd7,169KS,,0,1,1592895450985,0,0
plugin_ios_activity_recognition,"[""stationary""]",0,2,0,f9daacfd-6043-4174-8af9-8936763acfd7,169KS,supplement,0,1,1592895510985,0,0
plugin_ios_activity_recognition,"[""stationary""]",0,2,0,f9daacfd-6043-4174-8af9-8936763acfd7,169KS,,0,1,1592895511080,0,0
plugin_ios_activity_recognition,"[""stationary""]",0,2,0,f9daacfd-6043-4174-8af9-8936763acfd7,169KS,,0,1,1592895570984,0,0
plugin_ios_activity_recognition,"[""stationary""]",0,2,0,f9daacfd-6043-4174-8af9-8936763acfd7,169KS,supplement,0,1,1592895570985,0,0
plugin_ios_activity_recognition,"[""stationary""]",0,2,0,f9daacfd-6043-4174-8af9-8936763acfd7,169KS,supplement,0,1,1592895630984,0,0
plugin_ios_activity_recognition,"[""stationary""]",0,2,0,f9daacfd-6043-4174-8af9-8936763acfd7,169KS,,0,1,1592895630986,0,0
plugin_ios_activity_recognition,"[""stationary""]",0,2,0,f9daacfd-6043-4174-8af9-8936763acfd7,169KS,supplement,0,1,1592895690984,0,0
plugin_ios_activity_recognition,"[""stationary""]",0,2,0,f9daacfd-6043-4174-8af9-8936763acfd7,169KS,,0,1,1592895690985,0,0
plugin_ios_activity_recognition,"[""stationary""]",0,2,0,f9daacfd-6043-4174-8af9-8936763acfd7,169KS,supplement,0,1,1592895750985,0,0
plugin_ios_activity_recognition,"[""stationary""]",0,2,0,f9daacfd-6043-4174-8af9-8936763acfd7,169KS,,0,1,1592895751022,0,0
plugin_ios_activity_recognition,"[""stationary""]",0,2,0,f9daacfd-6043-4174-8af9-8936763acfd7,169KS,,0,1,1592895810985,0,0
plugin_ios_activity_recognition,"[""stationary""]",0,2,0,f9daacfd-6043-4174-8af9-8936763acfd7,169KS,,0,1,1592895870985,0,0
plugin_ios_activity_recognition,"[""stationary""]",0,2,0,f9daacfd-6043-4174-8af9-8936763acfd7,169KS,,0,1,1592895930984,0,0
plugin_ios_activity_recognition,"[""stationary""]",0,2,0,f9daacfd-6043-4174-8af9-8936763acfd7,169KS,supplement,0,1,1592895990984,0,0
plugin_ios_activity_recognition,"[""stationary""]",0,2,0,f9daacfd-6043-4174-8af9-8936763acfd7,169KS,,0,1,1592895990988,0,0
plugin_ios_activity_recognition,"[""stationary""]",0,2,0,f9daacfd-6043-4174-8af9-8936763acfd7,169KS,,0,1,1592896050984,0,0
plugin_ios_activity_recognition,"[""stationary""]",0,2,0,f9daacfd-6043-4174-8af9-8936763acfd7,169KS,,0,1,1592896110983,0,0
plugin_ios_activity_recognition,"[""stationary""]",0,2,0,f9daacfd-6043-4174-8af9-8936763acfd7,169KS,supplement,0,1,1592896170983,0,0
plugin_ios_activity_recognition,"[""stationary""]",0,2,0,f9daacfd-6043-4174-8af9-8936763acfd7,169KS,,0,1,1592896170984,0,0
plugin_ios_activity_recognition,"[""stationary""]",0,2,0,f9daacfd-6043-4174-8af9-8936763acfd7,169KS,supplement,0,1,1592896230983,0,0
plugin_ios_activity_recognition,"[""stationary""]",0,2,0,f9daacfd-6043-4174-8af9-8936763acfd7,169KS,supplement,0,1,1592896230984,0,0
plugin_ios_activity_recognition,"[""stationary""]",0,2,0,f9daacfd-6043-4174-8af9-8936763acfd7,169KS,,0,1,1592896230989,0,0
plugin_ios_activity_recognition,"[""stationary""]",0,2,0,f9daacfd-6043-4174-8af9-8936763acfd7,169KS,supplement,0,1,1592896290984,0,0
plugin_ios_activity_recognition,"[""stationary""]",0,2,0,f9daacfd-6043-4174-8af9-8936763acfd7,169KS,,0,1,1592896350980,0,0
plugin_ios_activity_recognition,"[""stationary""]",0,2,0,f9daacfd-6043-4174-8af9-8936763acfd7,169KS,supplement,0,1,1592896410980,0,0
plugin_ios_activity_recognition,"[""stationary""]",0,2,0,f9daacfd-6043-4174-8af9-8936763acfd7,169KS,,0,1,1592896410984,0,0
plugin_ios_activity_recognition,"[""stationary""]",0,2,0,f9daacfd-6043-4174-8af9-8936763acfd7,169KS,supplement,0,1,1592896470980,0,0
plugin_ios_activity_recognition,"[""stationary""]",0,2,0,f9daacfd-6043-4174-8af9-8936763acfd7,169KS,supplement,0,1,1592896470984,0,0
plugin_ios_activity_recognition,"[""stationary""]",0,2,0,f9daacfd-6043-4174-8af9-8936763acfd7,169KS,,0,1,1592896470986,0,0
plugin_ios_activity_recognition,"[""stationary""]",0,2,0,f9daacfd-6043-4174-8af9-8936763acfd7,169KS,,0,1,1592896530983,0,0
plugin_ios_activity_recognition,"[""stationary""]",0,2,0,f9daacfd-6043-4174-8af9-8936763acfd7,169KS,supplement,0,1,1592896530984,0,0
plugin_ios_activity_recognition,"[""stationary""]",0,2,0,f9daacfd-6043-4174-8af9-8936763acfd7,169KS,,0,1,1592896590983,0,0
plugin_ios_activity_recognition,"[""stationary""]",0,2,0,f9daacfd-6043-4174-8af9-8936763acfd7,169KS,,0,1,1592896650982,0,0
plugin_ios_activity_recognition,"[""stationary""]",0,2,0,f9daacfd-6043-4174-8af9-8936763acfd7,169KS,supplement,0,1,1592896710982,0,0
plugin_ios_activity_recognition,"[""stationary""]",0,2,0,f9daacfd-6043-4174-8af9-8936763acfd7,169KS,,0,1,1592896711076,0,0
plugin_ios_activity_recognition,"[""stationary""]",0,2,0,f9daacfd-6043-4174-8af9-8936763acfd7,169KS,supplement,0,1,1592896770982,0,0
plugin_ios_activity_recognition,"[""stationary""]",0,2,0,f9daacfd-6043-4174-8af9-8936763acfd7,169KS,,0,1,1592896770983,0,0
plugin_ios_activity_recognition,"[""stationary""]",0,2,0,f9daacfd-6043-4174-8af9-8936763acfd7,169KS,,0,1,1592896830981,0,0
plugin_ios_activity_recognition,"[""stationary""]",0,2,0,f9daacfd-6043-4174-8af9-8936763acfd7,169KS,supplement,0,1,1592896890981,0,0
plugin_ios_activity_recognition,"[""stationary""]",0,2,0,f9daacfd-6043-4174-8af9-8936763acfd7,169KS,,0,1,1592896890982,0,0
plugin_ios_activity_recognition,"[""stationary""]",0,2,0,f9daacfd-6043-4174-8af9-8936763acfd7,169KS,supplement,0,1,1592896950981,0,0
plugin_ios_activity_recognition,"[""stationary""]",0,2,0,f9daacfd-6043-4174-8af9-8936763acfd7,169KS,supplement,0,1,1592896950982,0,0
plugin_ios_activity_recognition,"[""stationary""]",0,2,0,f9daacfd-6043-4174-8af9-8936763acfd7,169KS,,0,1,1592896951077,0,0
plugin_ios_activity_recognition,,0,2,0,f9daacfd-6043-4174-8af9-8936763acfd7,169KS,,0,0,1592896960686,0,0
plugin_ios_activity_recognition,"[""stationary""]",0,2,0,f9daacfd-6043-4174-8af9-8936763acfd7,169KS,,0,1,1592896970543,0,0
plugin_ios_activity_recognition,"[""stationary""]",0,2,0,f9daacfd-6043-4174-8af9-8936763acfd7,169KS,,0,1,1592897010981,0,0
plugin_ios_activity_recognition,"[""stationary""]",0,2,0,f9daacfd-6043-4174-8af9-8936763acfd7,169KS,supplement,0,1,1592897010982,0,0
plugin_ios_activity_recognition,"[""stationary""]",0,2,0,f9daacfd-6043-4174-8af9-8936763acfd7,169KS,supplement,0,1,1592897070981,0,0
plugin_ios_activity_recognition,"[""stationary""]",0,2,0,f9daacfd-6043-4174-8af9-8936763acfd7,169KS,,0,1,1592897070982,0,0
plugin_ios_activity_recognition,"[""stationary""]",0,2,0,f9daacfd-6043-4174-8af9-8936763acfd7,169KS,supplement,0,1,1592897130981,0,0
plugin_ios_activity_recognition,"[""stationary""]",0,2,0,f9daacfd-6043-4174-8af9-8936763acfd7,169KS,,0,1,1592897130982,0,0
plugin_ios_activity_recognition,"[""stationary""]",0,2,0,f9daacfd-6043-4174-8af9-8936763acfd7,169KS,supplement,0,1,1592897190982,0,0
plugin_ios_activity_recognition,"[""stationary""]",0,2,0,f9daacfd-6043-4174-8af9-8936763acfd7,169KS,,0,1,1592897191044,0,0
plugin_ios_activity_recognition,"[""stationary""]",0,2,0,f9daacfd-6043-4174-8af9-8936763acfd7,169KS,,0,1,1592897250982,0,0
plugin_ios_activity_recognition,"[""stationary""]",0,2,0,f9daacfd-6043-4174-8af9-8936763acfd7,169KS,,0,1,1592897310982,0,0
plugin_ios_activity_recognition,"[""stationary""]",0,2,0,f9daacfd-6043-4174-8af9-8936763acfd7,169KS,,0,1,1592897370979,0,0
plugin_ios_activity_recognition,"[""stationary""]",0,2,0,f9daacfd-6043-4174-8af9-8936763acfd7,169KS,supplement,0,1,1592897430979,0,0
plugin_ios_activity_recognition,"[""stationary""]",0,2,0,f9daacfd-6043-4174-8af9-8936763acfd7,169KS,,0,1,1592897431013,0,0
plugin_ios_activity_recognition,"[""stationary""]",0,2,0,f9daacfd-6043-4174-8af9-8936763acfd7,169KS,supplement,0,1,1592897490979,0,0
plugin_ios_activity_recognition,"[""stationary""]",0,2,0,f9daacfd-6043-4174-8af9-8936763acfd7,169KS,,0,1,1592897490981,0,0
plugin_ios_activity_recognition,"[""stationary""]",0,2,0,f9daacfd-6043-4174-8af9-8936763acfd7,169KS,,0,1,1592897550980,0,0
plugin_ios_activity_recognition,"[""stationary""]",0,2,0,f9daacfd-6043-4174-8af9-8936763acfd7,169KS,supplement,0,1,1592897610980,0,0
plugin_ios_activity_recognition,"[""stationary""]",0,2,0,f9daacfd-6043-4174-8af9-8936763acfd7,169KS,,0,1,1592897610981,0,0
plugin_ios_activity_recognition,"[""stationary""]",0,2,0,f9daacfd-6043-4174-8af9-8936763acfd7,169KS,supplement,0,1,1592897670980,0,0
plugin_ios_activity_recognition,"[""stationary""]",0,2,0,f9daacfd-6043-4174-8af9-8936763acfd7,169KS,supplement,0,1,1592897670981,0,0
plugin_ios_activity_recognition,"[""stationary""]",0,2,0,f9daacfd-6043-4174-8af9-8936763acfd7,169KS,,0,1,1592897671011,0,0
plugin_ios_activity_recognition,"[""stationary""]",0,2,0,f9daacfd-6043-4174-8af9-8936763acfd7,169KS,,0,1,1592897730981,0,0
plugin_ios_activity_recognition,"[""stationary""]",0,2,0,f9daacfd-6043-4174-8af9-8936763acfd7,169KS,supplement,0,1,1592897790981,0,0
plugin_ios_activity_recognition,"[""stationary""]",0,2,0,f9daacfd-6043-4174-8af9-8936763acfd7,169KS,,0,1,1592897850981,0,0
plugin_ios_activity_recognition,"[""stationary""]",0,2,0,f9daacfd-6043-4174-8af9-8936763acfd7,169KS,supplement,0,1,1592897910981,0,0
plugin_ios_activity_recognition,"[""stationary""]",0,2,0,f9daacfd-6043-4174-8af9-8936763acfd7,169KS,,0,1,1592897911012,0,0
plugin_ios_activity_recognition,"[""stationary""]",0,2,0,f9daacfd-6043-4174-8af9-8936763acfd7,169KS,,0,1,1592897970981,0,0
plugin_ios_activity_recognition,"[""stationary""]",0,2,0,f9daacfd-6043-4174-8af9-8936763acfd7,169KS,,0,1,1592898030976,0,0
plugin_ios_activity_recognition,"[""stationary""]",0,2,0,f9daacfd-6043-4174-8af9-8936763acfd7,169KS,supplement,0,1,1592898090976,0,0
plugin_ios_activity_recognition,"[""stationary""]",0,2,0,f9daacfd-6043-4174-8af9-8936763acfd7,169KS,,0,1,1592898090979,0,0
plugin_ios_activity_recognition,"[""stationary""]",0,2,0,f9daacfd-6043-4174-8af9-8936763acfd7,169KS,supplement,0,1,1592898150976,0,0
plugin_ios_activity_recognition,"[""stationary""]",0,2,0,f9daacfd-6043-4174-8af9-8936763acfd7,169KS,supplement,0,1,1592898150979,0,0
plugin_ios_activity_recognition,"[""stationary""]",0,2,0,f9daacfd-6043-4174-8af9-8936763acfd7,169KS,,0,1,1592898151010,0,0
plugin_ios_activity_recognition,"[""stationary""]",0,2,0,f9daacfd-6043-4174-8af9-8936763acfd7,169KS,supplement,0,1,1592898210979,0,0
plugin_ios_activity_recognition,"[""stationary""]",0,2,0,f9daacfd-6043-4174-8af9-8936763acfd7,169KS,,0,1,1592898210980,0,0
plugin_ios_activity_recognition,"[""stationary""]",0,2,0,f9daacfd-6043-4174-8af9-8936763acfd7,169KS,,0,1,1592898270980,0,0
plugin_ios_activity_recognition,"[""stationary""]",0,2,0,f9daacfd-6043-4174-8af9-8936763acfd7,169KS,supplement,0,1,1592898330980,0,0
plugin_ios_activity_recognition,"[""stationary""]",0,2,0,f9daacfd-6043-4174-8af9-8936763acfd7,169KS,supplement,0,1,1592898390980,0,0
plugin_ios_activity_recognition,"[""stationary""]",0,2,0,f9daacfd-6043-4174-8af9-8936763acfd7,169KS,,0,1,1592898391011,0,0
plugin_ios_activity_recognition,"[""stationary""]",0,2,0,f9daacfd-6043-4174-8af9-8936763acfd7,169KS,,0,1,1592898450978,0,0
plugin_ios_activity_recognition,"[""stationary""]",0,2,0,f9daacfd-6043-4174-8af9-8936763acfd7,169KS,supplement,0,1,1592898450980,0,0
plugin_ios_activity_recognition,"[""stationary""]",0,2,0,f9daacfd-6043-4174-8af9-8936763acfd7,169KS,supplement,0,1,1592898510978,0,0
plugin_ios_activity_recognition,"[""stationary""]",0,2,0,f9daacfd-6043-4174-8af9-8936763acfd7,169KS,,0,1,1592898510979,0,0
plugin_ios_activity_recognition,"[""stationary""]",0,2,0,f9daacfd-6043-4174-8af9-8936763acfd7,169KS,supplement,0,1,1592898570978,0,0
plugin_ios_activity_recognition,"[""stationary""]",0,2,0,f9daacfd-6043-4174-8af9-8936763acfd7,169KS,,0,1,1592898570979,0,0
plugin_ios_activity_recognition,"[""stationary""]",0,2,0,f9daacfd-6043-4174-8af9-8936763acfd7,169KS,supplement,0,1,1592898630979,0,0
plugin_ios_activity_recognition,"[""stationary""]",0,2,0,f9daacfd-6043-4174-8af9-8936763acfd7,169KS,,0,1,1592898631011,0,0
plugin_ios_activity_recognition,"[""stationary""]",0,2,0,f9daacfd-6043-4174-8af9-8936763acfd7,169KS,,0,1,1592898690979,0,0
plugin_ios_activity_recognition,,0,2,0,f9daacfd-6043-4174-8af9-8936763acfd7,169KS,,0,0,1592898702234,0,0
plugin_ios_activity_recognition,"[""stationary""]",0,2,0,f9daacfd-6043-4174-8af9-8936763acfd7,169KS,,0,1,1592898707329,0,0
plugin_ios_activity_recognition,,0,2,0,f9daacfd-6043-4174-8af9-8936763acfd7,169KS,,0,0,1592898724295,0,0
plugin_ios_activity_recognition,"[""stationary""]",0,2,0,f9daacfd-6043-4174-8af9-8936763acfd7,169KS,,0,1,1592898732293,0,0
plugin_ios_activity_recognition,,0,2,0,f9daacfd-6043-4174-8af9-8936763acfd7,169KS,,0,0,1592898738326,0,0
plugin_ios_activity_recognition,"[""stationary""]",0,2,0,f9daacfd-6043-4174-8af9-8936763acfd7,169KS,,0,1,1592898746605,0,0
plugin_ios_activity_recognition,"[""stationary""]",0,2,0,f9daacfd-6043-4174-8af9-8936763acfd7,169KS,,0,1,1592898750979,0,0
plugin_ios_activity_recognition,,0,2,0,f9daacfd-6043-4174-8af9-8936763acfd7,169KS,,0,0,1592898756531,0,0
plugin_ios_activity_recognition,"[""stationary""]",0,2,0,f9daacfd-6043-4174-8af9-8936763acfd7,169KS,,0,1,1592898764171,0,0
plugin_ios_activity_recognition,"[""stationary""]",0,2,0,f9daacfd-6043-4174-8af9-8936763acfd7,169KS,,0,1,1592898810975,0,0
plugin_ios_activity_recognition,"[""stationary""]",0,2,0,f9daacfd-6043-4174-8af9-8936763acfd7,169KS,supplement,0,1,1592898870975,0,0
plugin_ios_activity_recognition,"[""stationary""]",0,2,0,f9daacfd-6043-4174-8af9-8936763acfd7,169KS,,0,1,1592898871012,0,0
plugin_ios_activity_recognition,"[""stationary""]",0,2,0,f9daacfd-6043-4174-8af9-8936763acfd7,169KS,supplement,0,1,1592898930975,0,0
plugin_ios_activity_recognition,"[""stationary""]",0,2,0,f9daacfd-6043-4174-8af9-8936763acfd7,169KS,,0,1,1592898930979,0,0
plugin_ios_activity_recognition,"[""stationary""]",0,2,0,f9daacfd-6043-4174-8af9-8936763acfd7,169KS,,0,1,1592898990974,0,0
plugin_ios_activity_recognition,"[""stationary""]",0,2,0,f9daacfd-6043-4174-8af9-8936763acfd7,169KS,supplement,0,1,1592899050974,0,0
plugin_ios_activity_recognition,"[""stationary""]",0,2,0,f9daacfd-6043-4174-8af9-8936763acfd7,169KS,,0,1,1592899050978,0,0
plugin_ios_activity_recognition,"[""stationary""]",0,2,0,f9daacfd-6043-4174-8af9-8936763acfd7,169KS,supplement,0,1,1592899110974,0,0
plugin_ios_activity_recognition,"[""stationary""]",0,2,0,f9daacfd-6043-4174-8af9-8936763acfd7,169KS,supplement,0,1,1592899110978,0,0
plugin_ios_activity_recognition,"[""stationary""]",0,2,0,f9daacfd-6043-4174-8af9-8936763acfd7,169KS,,0,1,1592899111012,0,0
plugin_ios_activity_recognition,"[""stationary""]",0,2,0,f9daacfd-6043-4174-8af9-8936763acfd7,169KS,,0,1,1592899170978,0,0
plugin_ios_activity_recognition,"[""stationary""]",0,2,0,f9daacfd-6043-4174-8af9-8936763acfd7,169KS,,0,1,1592899230978,0,0
plugin_ios_activity_recognition,"[""stationary""]",0,2,0,f9daacfd-6043-4174-8af9-8936763acfd7,169KS,,0,1,1592899290978,0,0
plugin_ios_activity_recognition,"[""stationary""]",0,2,0,f9daacfd-6043-4174-8af9-8936763acfd7,169KS,supplement,0,1,1592899350978,0,0
plugin_ios_activity_recognition,"[""stationary""]",0,2,0,f9daacfd-6043-4174-8af9-8936763acfd7,169KS,,0,1,1592899351012,0,0
plugin_ios_activity_recognition,"[""stationary""]",0,2,0,f9daacfd-6043-4174-8af9-8936763acfd7,169KS,,0,1,1592899410978,0,0
plugin_ios_activity_recognition,"[""stationary""]",0,2,0,f9daacfd-6043-4174-8af9-8936763acfd7,169KS,,0,1,1592899470978,0,0
plugin_ios_activity_recognition,"[""stationary""]",0,2,0,f9daacfd-6043-4174-8af9-8936763acfd7,169KS,,0,1,1592899530977,0,0
plugin_ios_activity_recognition,"[""stationary""]",0,2,0,f9daacfd-6043-4174-8af9-8936763acfd7,169KS,supplement,0,1,1592899530978,0,0
plugin_ios_activity_recognition,,0,2,0,f9daacfd-6043-4174-8af9-8936763acfd7,169KS,,0,0,1592899587444,0,0
plugin_ios_activity_recognition,,0,2,0,f9daacfd-6043-4174-8af9-8936763acfd7,169KS,,0,0,1592899591011,0,0
plugin_ios_activity_recognition,"[""stationary""]",0,2,0,f9daacfd-6043-4174-8af9-8936763acfd7,169KS,,0,1,1592899591615,0,0
plugin_ios_activity_recognition,"[""stationary""]",0,2,0,f9daacfd-6043-4174-8af9-8936763acfd7,169KS,,0,1,1592899650977,0,0
plugin_ios_activity_recognition,"[""stationary""]",0,2,0,f9daacfd-6043-4174-8af9-8936763acfd7,169KS,,0,1,1592899710976,0,0
plugin_ios_activity_recognition,"[""stationary""]",0,2,0,f9daacfd-6043-4174-8af9-8936763acfd7,169KS,supplement,0,1,1592899770976,0,0
plugin_ios_activity_recognition,"[""stationary""]",0,2,0,f9daacfd-6043-4174-8af9-8936763acfd7,169KS,,0,1,1592899770977,0,0
plugin_ios_activity_recognition,"[""stationary""]",0,2,0,f9daacfd-6043-4174-8af9-8936763acfd7,169KS,supplement,0,1,1592899830976,0,0
plugin_ios_activity_recognition,"[""stationary""]",0,2,0,f9daacfd-6043-4174-8af9-8936763acfd7,169KS,supplement,0,1,1592899830977,0,0
plugin_ios_activity_recognition,"[""stationary""]",0,2,0,f9daacfd-6043-4174-8af9-8936763acfd7,169KS,,0,1,1592899831011,0,0
plugin_ios_activity_recognition,,0,2,0,f9daacfd-6043-4174-8af9-8936763acfd7,169KS,,0,0,1592899843566,0,0
plugin_ios_activity_recognition,"[""stationary""]",0,2,0,f9daacfd-6043-4174-8af9-8936763acfd7,169KS,,0,1,1592899856914,0,0
plugin_ios_activity_recognition,"[""stationary""]",0,2,0,f9daacfd-6043-4174-8af9-8936763acfd7,169KS,supplement,0,1,1592899890977,0,0
plugin_ios_activity_recognition,"[""stationary""]",0,2,0,f9daacfd-6043-4174-8af9-8936763acfd7,169KS,,0,1,1592899950976,0,0
plugin_ios_activity_recognition,"[""stationary""]",0,2,0,f9daacfd-6043-4174-8af9-8936763acfd7,169KS,supplement,0,1,1592900010976,0,0
plugin_ios_activity_recognition,"[""stationary""]",0,2,0,f9daacfd-6043-4174-8af9-8936763acfd7,169KS,,0,1,1592900010977,0,0
plugin_ios_activity_recognition,"[""stationary""]",0,2,0,f9daacfd-6043-4174-8af9-8936763acfd7,169KS,supplement,0,1,1592900070976,0,0
plugin_ios_activity_recognition,"[""stationary""]",0,2,0,f9daacfd-6043-4174-8af9-8936763acfd7,169KS,supplement,0,1,1592900070977,0,0
plugin_ios_activity_recognition,"[""stationary""]",0,2,0,f9daacfd-6043-4174-8af9-8936763acfd7,169KS,,0,1,1592900071012,0,0
plugin_ios_activity_recognition,"[""stationary""]",0,2,0,f9daacfd-6043-4174-8af9-8936763acfd7,169KS,supplement,0,1,1592900130977,0,0
plugin_ios_activity_recognition,"[""stationary""]",0,2,0,f9daacfd-6043-4174-8af9-8936763acfd7,169KS,,0,1,1592900130978,0,0
plugin_ios_activity_recognition,,0,2,0,f9daacfd-6043-4174-8af9-8936763acfd7,169KS,,0,0,1592900155272,0,0
plugin_ios_activity_recognition,"[""stationary""]",0,2,0,f9daacfd-6043-4174-8af9-8936763acfd7,169KS,,0,1,1592900159435,0,0
plugin_ios_activity_recognition,,0,2,0,f9daacfd-6043-4174-8af9-8936763acfd7,169KS,,0,0,1592900164542,0,0
plugin_ios_activity_recognition,"[""stationary""]",0,2,0,f9daacfd-6043-4174-8af9-8936763acfd7,169KS,,0,1,1592900173791,0,0
plugin_ios_activity_recognition,,0,2,0,f9daacfd-6043-4174-8af9-8936763acfd7,169KS,,0,0,1592900180496,0,0
plugin_ios_activity_recognition,"[""stationary""]",0,2,0,f9daacfd-6043-4174-8af9-8936763acfd7,169KS,,0,1,1592900186544,0,0
plugin_ios_activity_recognition,,0,2,0,f9daacfd-6043-4174-8af9-8936763acfd7,169KS,,0,0,1592900188134,0,0
plugin_ios_activity_recognition,,0,2,0,f9daacfd-6043-4174-8af9-8936763acfd7,169KS,,0,0,1592900190977,0,0
plugin_ios_activity_recognition,"[""stationary""]",0,2,0,f9daacfd-6043-4174-8af9-8936763acfd7,169KS,,0,1,1592900199273,0,0
plugin_ios_activity_recognition,,0,2,0,f9daacfd-6043-4174-8af9-8936763acfd7,169KS,,0,0,1592900200877,0,0
plugin_ios_activity_recognition,"[""stationary""]",0,2,0,f9daacfd-6043-4174-8af9-8936763acfd7,169KS,,0,1,1592900206643,0,0
plugin_ios_activity_recognition,,0,2,0,f9daacfd-6043-4174-8af9-8936763acfd7,169KS,,0,0,1592900208239,0,0
plugin_ios_activity_recognition,"[""stationary""]",0,2,0,f9daacfd-6043-4174-8af9-8936763acfd7,169KS,,0,1,1592900219068,0,0
plugin_ios_activity_recognition,"[""stationary""]",0,2,0,f9daacfd-6043-4174-8af9-8936763acfd7,169KS,,0,1,1592900250976,0,0
plugin_ios_activity_recognition,"[""stationary""]",0,2,0,f9daacfd-6043-4174-8af9-8936763acfd7,169KS,supplement,0,1,1592900310976,0,0
plugin_ios_activity_recognition,"[""stationary""]",0,2,0,f9daacfd-6043-4174-8af9-8936763acfd7,169KS,,0,1,1592900311011,0,0
plugin_ios_activity_recognition,"[""stationary""]",0,2,0,f9daacfd-6043-4174-8af9-8936763acfd7,169KS,supplement,0,1,1592900370976,0,0
plugin_ios_activity_recognition,"[""stationary""]",0,2,0,f9daacfd-6043-4174-8af9-8936763acfd7,169KS,,0,1,1592900370977,0,0
plugin_ios_activity_recognition,"[""stationary""]",0,2,0,f9daacfd-6043-4174-8af9-8936763acfd7,169KS,,0,1,1592900430975,0,0
plugin_ios_activity_recognition,"[""stationary""]",0,2,0,f9daacfd-6043-4174-8af9-8936763acfd7,169KS,,0,1,1592900490975,0,0
plugin_ios_activity_recognition,"[""stationary""]",0,2,0,f9daacfd-6043-4174-8af9-8936763acfd7,169KS,supplement,0,1,1592900550975,0,0
plugin_ios_activity_recognition,"[""stationary""]",0,2,0,f9daacfd-6043-4174-8af9-8936763acfd7,169KS,,0,1,1592900551011,0,0
plugin_ios_activity_recognition,"[""stationary""]",0,2,0,f9daacfd-6043-4174-8af9-8936763acfd7,169KS,,0,1,1592900610974,0,0
plugin_ios_activity_recognition,"[""stationary""]",0,2,0,f9daacfd-6043-4174-8af9-8936763acfd7,169KS,supplement,0,1,1592900610975,0,0
plugin_ios_activity_recognition,"[""stationary""]",0,2,0,f9daacfd-6043-4174-8af9-8936763acfd7,169KS,supplement,0,1,1592900670974,0,0
plugin_ios_activity_recognition,"[""stationary""]",0,2,0,f9daacfd-6043-4174-8af9-8936763acfd7,169KS,,0,1,1592900670976,0,0
plugin_ios_activity_recognition,"[""stationary""]",0,2,0,f9daacfd-6043-4174-8af9-8936763acfd7,169KS,supplement,0,1,1592900730974,0,0
plugin_ios_activity_recognition,"[""stationary""]",0,2,0,f9daacfd-6043-4174-8af9-8936763acfd7,169KS,,0,1,1592900730976,0,0
plugin_ios_activity_recognition,"[""stationary""]",0,2,0,f9daacfd-6043-4174-8af9-8936763acfd7,169KS,supplement,0,1,1592900790976,0,0
plugin_ios_activity_recognition,"[""stationary""]",0,2,0,f9daacfd-6043-4174-8af9-8936763acfd7,169KS,,0,1,1592900791049,0,0
plugin_ios_activity_recognition,"[""stationary""]",0,2,0,f9daacfd-6043-4174-8af9-8936763acfd7,169KS,,0,1,1592900850976,0,0
plugin_ios_activity_recognition,"[""stationary""]",0,2,0,f9daacfd-6043-4174-8af9-8936763acfd7,169KS,,0,1,1592900910975,0,0
plugin_ios_activity_recognition,"[""stationary""]",0,2,0,f9daacfd-6043-4174-8af9-8936763acfd7,169KS,,0,1,1592900970974,0,0
plugin_ios_activity_recognition,"[""stationary""]",0,2,0,f9daacfd-6043-4174-8af9-8936763acfd7,169KS,supplement,0,1,1592901030974,0,0
plugin_ios_activity_recognition,"[""stationary""]",0,2,0,f9daacfd-6043-4174-8af9-8936763acfd7,169KS,,0,1,1592901031071,0,0
plugin_ios_activity_recognition,"[""stationary""]",0,2,0,f9daacfd-6043-4174-8af9-8936763acfd7,169KS,supplement,0,1,1592901090974,0,0
plugin_ios_activity_recognition,"[""stationary""]",0,2,0,f9daacfd-6043-4174-8af9-8936763acfd7,169KS,,0,1,1592901090975,0,0
plugin_ios_activity_recognition,"[""stationary""]",0,2,0,f9daacfd-6043-4174-8af9-8936763acfd7,169KS,,0,1,1592901150974,0,0
plugin_ios_activity_recognition,"[""stationary""]",0,2,0,f9daacfd-6043-4174-8af9-8936763acfd7,169KS,supplement,0,1,1592901210974,0,0
plugin_ios_activity_recognition,"[""stationary""]",0,2,0,f9daacfd-6043-4174-8af9-8936763acfd7,169KS,,0,1,1592901210975,0,0
plugin_ios_activity_recognition,"[""stationary""]",0,2,0,f9daacfd-6043-4174-8af9-8936763acfd7,169KS,supplement,0,1,1592901270974,0,0
plugin_ios_activity_recognition,"[""stationary""]",0,2,0,f9daacfd-6043-4174-8af9-8936763acfd7,169KS,supplement,0,1,1592901270975,0,0
plugin_ios_activity_recognition,"[""stationary""]",0,2,0,f9daacfd-6043-4174-8af9-8936763acfd7,169KS,,0,1,1592901271033,0,0
plugin_ios_activity_recognition,"[""stationary""]",0,2,0,f9daacfd-6043-4174-8af9-8936763acfd7,169KS,,0,1,1592901330975,0,0
plugin_ios_activity_recognition,"[""stationary""]",0,2,0,f9daacfd-6043-4174-8af9-8936763acfd7,169KS,supplement,0,1,1592901390975,0,0
plugin_ios_activity_recognition,"[""stationary""]",0,2,0,f9daacfd-6043-4174-8af9-8936763acfd7,169KS,,0,1,1592901450974,0,0
plugin_ios_activity_recognition,"[""stationary""]",0,2,0,f9daacfd-6043-4174-8af9-8936763acfd7,169KS,supplement,0,1,1592901450975,0,0
plugin_ios_activity_recognition,"[""stationary""]",0,2,0,f9daacfd-6043-4174-8af9-8936763acfd7,169KS,supplement,0,1,1592901510974,0,0
plugin_ios_activity_recognition,"[""stationary""]",0,2,0,f9daacfd-6043-4174-8af9-8936763acfd7,169KS,,0,1,1592901511069,0,0
plugin_ios_activity_recognition,"[""stationary""]",0,2,0,f9daacfd-6043-4174-8af9-8936763acfd7,169KS,,0,1,1592901570974,0,0
plugin_ios_activity_recognition,"[""stationary""]",0,2,0,f9daacfd-6043-4174-8af9-8936763acfd7,169KS,supplement,0,1,1592901630974,0,0
plugin_ios_activity_recognition,"[""stationary""]",0,2,0,f9daacfd-6043-4174-8af9-8936763acfd7,169KS,supplement,0,1,1592901690974,0,0
plugin_ios_activity_recognition,"[""stationary""]",0,2,0,f9daacfd-6043-4174-8af9-8936763acfd7,169KS,supplement,0,1,1592901750971,0,0
plugin_ios_activity_recognition,"[""stationary""]",0,2,0,f9daacfd-6043-4174-8af9-8936763acfd7,169KS,,0,1,1592901750981,0,0
plugin_ios_activity_recognition,"[""stationary""]",0,2,0,f9daacfd-6043-4174-8af9-8936763acfd7,169KS,supplement,0,1,1592901810971,0,0
plugin_ios_activity_recognition,"[""stationary""]",0,2,0,f9daacfd-6043-4174-8af9-8936763acfd7,169KS,,0,1,1592901810973,0,0
plugin_ios_activity_recognition,,0,2,0,f9daacfd-6043-4174-8af9-8936763acfd7,169KS,,0,0,1592901853417,0,0
plugin_ios_activity_recognition,"[""stationary""]",0,2,0,f9daacfd-6043-4174-8af9-8936763acfd7,169KS,,0,1,1592901857587,0,0
plugin_ios_activity_recognition,,0,2,0,f9daacfd-6043-4174-8af9-8936763acfd7,169KS,,0,0,1592901859460,0,0
plugin_ios_activity_recognition,"[""stationary""]",0,2,0,f9daacfd-6043-4174-8af9-8936763acfd7,169KS,,0,1,1592901869346,0,0
plugin_ios_activity_recognition,"[""stationary""]",0,2,0,f9daacfd-6043-4174-8af9-8936763acfd7,169KS,,0,1,1592901870973,0,0
plugin_ios_activity_recognition,"[""stationary""]",0,2,0,f9daacfd-6043-4174-8af9-8936763acfd7,169KS,supplement,0,1,1592901930973,0,0
plugin_ios_activity_recognition,"[""stationary""]",0,2,0,f9daacfd-6043-4174-8af9-8936763acfd7,169KS,,0,1,1592901930983,0,0
plugin_ios_activity_recognition,"[""stationary""]",0,2,0,f9daacfd-6043-4174-8af9-8936763acfd7,169KS,supplement,0,1,1592901990973,0,0
plugin_ios_activity_recognition,"[""stationary""]",0,2,0,f9daacfd-6043-4174-8af9-8936763acfd7,169KS,supplement,0,1,1592901990983,0,0
plugin_ios_activity_recognition,"[""stationary""]",0,2,0,f9daacfd-6043-4174-8af9-8936763acfd7,169KS,,0,1,1592901991042,0,0
plugin_ios_activity_recognition,"[""stationary""]",0,2,0,f9daacfd-6043-4174-8af9-8936763acfd7,169KS,,0,1,1592902050973,0,0
plugin_ios_activity_recognition,"[""stationary""]",0,2,0,f9daacfd-6043-4174-8af9-8936763acfd7,169KS,supplement,0,1,1592902050983,0,0
plugin_ios_activity_recognition,"[""stationary""]",0,2,0,f9daacfd-6043-4174-8af9-8936763acfd7,169KS,supplement,0,1,1592902110973,0,0
plugin_ios_activity_recognition,"[""stationary""]",0,2,0,f9daacfd-6043-4174-8af9-8936763acfd7,169KS,,0,1,1592902110974,0,0
plugin_ios_activity_recognition,"[""stationary""]",0,2,0,f9daacfd-6043-4174-8af9-8936763acfd7,169KS,supplement,0,1,1592902170973,0,0
plugin_ios_activity_recognition,"[""stationary""]",0,2,0,f9daacfd-6043-4174-8af9-8936763acfd7,169KS,,0,1,1592902170974,0,0
plugin_ios_activity_recognition,"[""stationary""]",0,2,0,f9daacfd-6043-4174-8af9-8936763acfd7,169KS,supplement,0,1,1592902230974,0,0
plugin_ios_activity_recognition,"[""stationary""]",0,2,0,f9daacfd-6043-4174-8af9-8936763acfd7,169KS,,0,1,1592902231063,0,0
plugin_ios_activity_recognition,,0,2,0,f9daacfd-6043-4174-8af9-8936763acfd7,169KS,,0,0,1592902235912,0,0
plugin_ios_activity_recognition,"[""stationary""]",0,2,0,f9daacfd-6043-4174-8af9-8936763acfd7,169KS,,0,1,1592902254409,0,0
plugin_ios_activity_recognition,"[""stationary""]",0,2,0,f9daacfd-6043-4174-8af9-8936763acfd7,169KS,,0,1,1592902290974,0,0
plugin_ios_activity_recognition,"[""stationary""]",0,2,0,f9daacfd-6043-4174-8af9-8936763acfd7,169KS,,0,1,1592902350973,0,0
plugin_ios_activity_recognition,"[""stationary""]",0,2,0,f9daacfd-6043-4174-8af9-8936763acfd7,169KS,,0,1,1592902410973,0,0
plugin_ios_activity_recognition,"[""stationary""]",0,2,0,f9daacfd-6043-4174-8af9-8936763acfd7,169KS,,0,1,1592902470972,0,0
plugin_ios_activity_recognition,"[""stationary""]",0,2,0,f9daacfd-6043-4174-8af9-8936763acfd7,169KS,supplement,0,1,1592902530972,0,0
plugin_ios_activity_recognition,"[""stationary""]",0,2,0,f9daacfd-6043-4174-8af9-8936763acfd7,169KS,,0,1,1592902530973,0,0
plugin_ios_activity_recognition,"[""stationary""]",0,2,0,f9daacfd-6043-4174-8af9-8936763acfd7,169KS,,0,1,1592902590972,0,0
plugin_ios_activity_recognition,"[""stationary""]",0,2,0,f9daacfd-6043-4174-8af9-8936763acfd7,169KS,,0,1,1592902650971,0,0
plugin_ios_activity_recognition,"[""stationary""]",0,2,0,f9daacfd-6043-4174-8af9-8936763acfd7,169KS,supplement,0,1,1592902710971,0,0
plugin_ios_activity_recognition,"[""stationary""]",0,2,0,f9daacfd-6043-4174-8af9-8936763acfd7,169KS,,0,1,1592902711026,0,0
plugin_ios_activity_recognition,"[""stationary""]",0,2,0,f9daacfd-6043-4174-8af9-8936763acfd7,169KS,supplement,0,1,1592902770971,0,0
plugin_ios_activity_recognition,"[""stationary""]",0,2,0,f9daacfd-6043-4174-8af9-8936763acfd7,169KS,,0,1,1592902770972,0,0
plugin_ios_activity_recognition,"[""stationary""]",0,2,0,f9daacfd-6043-4174-8af9-8936763acfd7,169KS,,0,1,1592902830972,0,0
plugin_ios_activity_recognition,"[""stationary""]",0,2,0,f9daacfd-6043-4174-8af9-8936763acfd7,169KS,,0,1,1592902890971,0,0
plugin_ios_activity_recognition,"[""stationary""]",0,2,0,f9daacfd-6043-4174-8af9-8936763acfd7,169KS,supplement,0,1,1592902890972,0,0
plugin_ios_activity_recognition,"[""stationary""]",0,2,0,f9daacfd-6043-4174-8af9-8936763acfd7,169KS,supplement,0,1,1592902950971,0,0
plugin_ios_activity_recognition,"[""stationary""]",0,2,0,f9daacfd-6043-4174-8af9-8936763acfd7,169KS,,0,1,1592902950992,0,0
plugin_ios_activity_recognition,"[""stationary""]",0,2,0,f9daacfd-6043-4174-8af9-8936763acfd7,169KS,supplement,0,1,1592903010971,0,0
plugin_ios_activity_recognition,"[""stationary""]",0,2,0,f9daacfd-6043-4174-8af9-8936763acfd7,169KS,,0,1,1592903010972,0,0
plugin_ios_activity_recognition,"[""stationary""]",0,2,0,f9daacfd-6043-4174-8af9-8936763acfd7,169KS,,0,1,1592903070972,0,0
plugin_ios_activity_recognition,"[""stationary""]",0,2,0,f9daacfd-6043-4174-8af9-8936763acfd7,169KS,,0,1,1592903130971,0,0
plugin_ios_activity_recognition,"[""stationary""]",0,2,0,f9daacfd-6043-4174-8af9-8936763acfd7,169KS,supplement,0,1,1592903190971,0,0
plugin_ios_activity_recognition,"[""stationary""]",0,2,0,f9daacfd-6043-4174-8af9-8936763acfd7,169KS,,0,1,1592903191067,0,0
plugin_ios_activity_recognition,"[""stationary""]",0,2,0,f9daacfd-6043-4174-8af9-8936763acfd7,169KS,supplement,0,1,1592903250971,0,0
plugin_ios_activity_recognition,"[""stationary""]",0,2,0,f9daacfd-6043-4174-8af9-8936763acfd7,169KS,,0,1,1592903250972,0,0
plugin_ios_activity_recognition,"[""stationary""]",0,2,0,f9daacfd-6043-4174-8af9-8936763acfd7,169KS,,0,1,1592903310970,0,0
plugin_ios_activity_recognition,"[""stationary""]",0,2,0,f9daacfd-6043-4174-8af9-8936763acfd7,169KS,supplement,0,1,1592903370970,0,0
plugin_ios_activity_recognition,"[""stationary""]",0,2,0,f9daacfd-6043-4174-8af9-8936763acfd7,169KS,,0,1,1592903370971,0,0
plugin_ios_activity_recognition,"[""stationary""]",0,2,0,f9daacfd-6043-4174-8af9-8936763acfd7,169KS,supplement,0,1,1592903430970,0,0
plugin_ios_activity_recognition,"[""stationary""]",0,2,0,f9daacfd-6043-4174-8af9-8936763acfd7,169KS,supplement,0,1,1592903430971,0,0
plugin_ios_activity_recognition,"[""stationary""]",0,2,0,f9daacfd-6043-4174-8af9-8936763acfd7,169KS,,0,1,1592903430991,0,0
plugin_ios_activity_recognition,"[""stationary""]",0,2,0,f9daacfd-6043-4174-8af9-8936763acfd7,169KS,supplement,0,1,1592903490971,0,0
plugin_ios_activity_recognition,"[""stationary""]",0,2,0,f9daacfd-6043-4174-8af9-8936763acfd7,169KS,,0,1,1592903550966,0,0
plugin_ios_activity_recognition,"[""stationary""]",0,2,0,f9daacfd-6043-4174-8af9-8936763acfd7,169KS,supplement,0,1,1592903610966,0,0
plugin_ios_activity_recognition,"[""stationary""]",0,2,0,f9daacfd-6043-4174-8af9-8936763acfd7,169KS,,0,1,1592903610970,0,0
plugin_ios_activity_recognition,"[""stationary""]",0,2,0,f9daacfd-6043-4174-8af9-8936763acfd7,169KS,supplement,0,1,1592903670966,0,0
plugin_ios_activity_recognition,"[""stationary""]",0,2,0,f9daacfd-6043-4174-8af9-8936763acfd7,169KS,supplement,0,1,1592903670970,0,0
plugin_ios_activity_recognition,"[""stationary""]",0,2,0,f9daacfd-6043-4174-8af9-8936763acfd7,169KS,,0,1,1592903671017,0,0
plugin_ios_activity_recognition,"[""stationary""]",0,2,0,f9daacfd-6043-4174-8af9-8936763acfd7,169KS,,0,1,1592903730970,0,0
plugin_ios_activity_recognition,"[""stationary""]",0,2,0,f9daacfd-6043-4174-8af9-8936763acfd7,169KS,,0,1,1592903790970,0,0
plugin_ios_activity_recognition,"[""stationary""]",0,2,0,f9daacfd-6043-4174-8af9-8936763acfd7,169KS,,0,1,1592903850969,0,0
plugin_ios_activity_recognition,"[""stationary""]",0,2,0,f9daacfd-6043-4174-8af9-8936763acfd7,169KS,supplement,0,1,1592903910969,0,0
plugin_ios_activity_recognition,"[""stationary""]",0,2,0,f9daacfd-6043-4174-8af9-8936763acfd7,169KS,,0,1,1592903911055,0,0
plugin_ios_activity_recognition,"[""stationary""]",0,2,0,f9daacfd-6043-4174-8af9-8936763acfd7,169KS,,0,1,1592903970966,0,0
plugin_ios_activity_recognition,"[""stationary""]",0,2,0,f9daacfd-6043-4174-8af9-8936763acfd7,169KS,supplement,0,1,1592903970969,0,0
plugin_ios_activity_recognition,"[""stationary""]",0,2,0,f9daacfd-6043-4174-8af9-8936763acfd7,169KS,supplement,0,1,1592904030966,0,0
plugin_ios_activity_recognition,"[""stationary""]",0,2,0,f9daacfd-6043-4174-8af9-8936763acfd7,169KS,,0,1,1592904030970,0,0
plugin_ios_activity_recognition,"[""stationary""]",0,2,0,f9daacfd-6043-4174-8af9-8936763acfd7,169KS,supplement,0,1,1592904090966,0,0
plugin_ios_activity_recognition,"[""stationary""]",0,2,0,f9daacfd-6043-4174-8af9-8936763acfd7,169KS,supplement,0,1,1592904090970,0,0
plugin_ios_activity_recognition,"[""stationary""]",0,2,0,f9daacfd-6043-4174-8af9-8936763acfd7,169KS,,0,1,1592904090971,0,0
plugin_ios_activity_recognition,"[""stationary""]",0,2,0,f9daacfd-6043-4174-8af9-8936763acfd7,169KS,supplement,0,1,1592904150970,0,0
plugin_ios_activity_recognition,"[""stationary""]",0,2,0,f9daacfd-6043-4174-8af9-8936763acfd7,169KS,,0,1,1592904150971,0,0
plugin_ios_activity_recognition,"[""stationary""]",0,2,0,f9daacfd-6043-4174-8af9-8936763acfd7,169KS,supplement,0,1,1592904210971,0,0
plugin_ios_activity_recognition,"[""stationary""]",0,2,0,f9daacfd-6043-4174-8af9-8936763acfd7,169KS,,0,1,1592904211065,0,0
plugin_ios_activity_recognition,"[""stationary""]",0,2,0,f9daacfd-6043-4174-8af9-8936763acfd7,169KS,,0,1,1592904270967,0,0
plugin_ios_activity_recognition,"[""stationary""]",0,2,0,f9daacfd-6043-4174-8af9-8936763acfd7,169KS,supplement,0,1,1592904270971,0,0
plugin_ios_activity_recognition,"[""stationary""]",0,2,0,f9daacfd-6043-4174-8af9-8936763acfd7,169KS,supplement,0,1,1592904330967,0,0
plugin_ios_activity_recognition,"[""stationary""]",0,2,0,f9daacfd-6043-4174-8af9-8936763acfd7,169KS,,0,1,1592904330970,0,0
plugin_ios_activity_recognition,"[""stationary""]",0,2,0,f9daacfd-6043-4174-8af9-8936763acfd7,169KS,supplement,0,1,1592904390967,0,0
plugin_ios_activity_recognition,"[""stationary""]",0,2,0,f9daacfd-6043-4174-8af9-8936763acfd7,169KS,,0,1,1592904390969,0,0
plugin_ios_activity_recognition,"[""stationary""]",0,2,0,f9daacfd-6043-4174-8af9-8936763acfd7,169KS,supplement,0,1,1592904450969,0,0
plugin_ios_activity_recognition,"[""stationary""]",0,2,0,f9daacfd-6043-4174-8af9-8936763acfd7,169KS,,0,1,1592904451006,0,0
plugin_ios_activity_recognition,"[""stationary""]",0,2,0,f9daacfd-6043-4174-8af9-8936763acfd7,169KS,supplement,0,1,1592904510969,0,0
plugin_ios_activity_recognition,"[""stationary""]",0,2,0,f9daacfd-6043-4174-8af9-8936763acfd7,169KS,,0,1,1592904510970,0,0
plugin_ios_activity_recognition,"[""stationary""]",0,2,0,f9daacfd-6043-4174-8af9-8936763acfd7,169KS,,0,1,1592904570969,0,0
plugin_ios_activity_recognition,"[""stationary""]",0,2,0,f9daacfd-6043-4174-8af9-8936763acfd7,169KS,supplement,0,1,1592904630969,0,0
plugin_ios_activity_recognition,"[""stationary""]",0,2,0,f9daacfd-6043-4174-8af9-8936763acfd7,169KS,,0,1,1592904630970,0,0
plugin_ios_activity_recognition,"[""stationary""]",0,2,0,f9daacfd-6043-4174-8af9-8936763acfd7,169KS,supplement,0,1,1592904690969,0,0
plugin_ios_activity_recognition,"[""stationary""]",0,2,0,f9daacfd-6043-4174-8af9-8936763acfd7,169KS,supplement,0,1,1592904690970,0,0
plugin_ios_activity_recognition,"[""stationary""]",0,2,0,f9daacfd-6043-4174-8af9-8936763acfd7,169KS,,0,1,1592904691060,0,0
plugin_ios_activity_recognition,"[""stationary""]",0,2,0,f9daacfd-6043-4174-8af9-8936763acfd7,169KS,,0,1,1592904750969,0,0
plugin_ios_activity_recognition,"[""stationary""]",0,2,0,f9daacfd-6043-4174-8af9-8936763acfd7,169KS,supplement,0,1,1592904750970,0,0
plugin_ios_activity_recognition,"[""stationary""]",0,2,0,f9daacfd-6043-4174-8af9-8936763acfd7,169KS,,0,1,1592904810966,0,0
plugin_ios_activity_recognition,"[""stationary""]",0,2,0,f9daacfd-6043-4174-8af9-8936763acfd7,169KS,supplement,0,1,1592904870966,0,0
plugin_ios_activity_recognition,"[""stationary""]",0,2,0,f9daacfd-6043-4174-8af9-8936763acfd7,169KS,,0,1,1592904870969,0,0
plugin_ios_activity_recognition,"[""stationary""]",0,2,0,f9daacfd-6043-4174-8af9-8936763acfd7,169KS,supplement,0,1,1592904930966,0,0
plugin_ios_activity_recognition,"[""stationary""]",0,2,0,f9daacfd-6043-4174-8af9-8936763acfd7,169KS,supplement,0,1,1592904930969,0,0
plugin_ios_activity_recognition,"[""stationary""]",0,2,0,f9daacfd-6043-4174-8af9-8936763acfd7,169KS,,0,1,1592904931035,0,0
plugin_ios_activity_recognition,"[""stationary""]",0,2,0,f9daacfd-6043-4174-8af9-8936763acfd7,169KS,supplement,0,1,1592904990969,0,0
plugin_ios_activity_recognition,"[""stationary""]",0,2,0,f9daacfd-6043-4174-8af9-8936763acfd7,169KS,,0,1,1592904990970,0,0
plugin_ios_activity_recognition,"[""stationary""]",0,2,0,f9daacfd-6043-4174-8af9-8936763acfd7,169KS,,0,1,1592905050965,0,0
plugin_ios_activity_recognition,"[""stationary""]",0,2,0,f9daacfd-6043-4174-8af9-8936763acfd7,169KS,supplement,0,1,1592905110965,0,0
plugin_ios_activity_recognition,"[""stationary""]",0,2,0,f9daacfd-6043-4174-8af9-8936763acfd7,169KS,,0,1,1592905110968,0,0
plugin_ios_activity_recognition,"[""stationary""]",0,2,0,f9daacfd-6043-4174-8af9-8936763acfd7,169KS,supplement,0,1,1592905170965,0,0
plugin_ios_activity_recognition,"[""stationary""]",0,2,0,f9daacfd-6043-4174-8af9-8936763acfd7,169KS,supplement,0,1,1592905170968,0,0
plugin_ios_activity_recognition,"[""stationary""]",0,2,0,f9daacfd-6043-4174-8af9-8936763acfd7,169KS,,0,1,1592905171016,0,0
plugin_ios_activity_recognition,"[""stationary""]",0,2,0,f9daacfd-6043-4174-8af9-8936763acfd7,169KS,supplement,0,1,1592905230968,0,0
plugin_ios_activity_recognition,"[""stationary""]",0,2,0,f9daacfd-6043-4174-8af9-8936763acfd7,169KS,,0,1,1592905230969,0,0
plugin_ios_activity_recognition,"[""stationary""]",0,2,0,f9daacfd-6043-4174-8af9-8936763acfd7,169KS,supplement,0,1,1592905290969,0,0
plugin_ios_activity_recognition,"[""stationary""]",0,2,0,f9daacfd-6043-4174-8af9-8936763acfd7,169KS,,0,1,1592905290974,0,0
plugin_ios_activity_recognition,"[""stationary""]",0,2,0,f9daacfd-6043-4174-8af9-8936763acfd7,169KS,,0,1,1592905350968,0,0
plugin_ios_activity_recognition,"[""stationary""]",0,2,0,f9daacfd-6043-4174-8af9-8936763acfd7,169KS,supplement,0,1,1592905350969,0,0
plugin_ios_activity_recognition,"[""stationary""]",0,2,0,f9daacfd-6043-4174-8af9-8936763acfd7,169KS,supplement,0,1,1592905410968,0,0
plugin_ios_activity_recognition,"[""stationary""]",0,2,0,f9daacfd-6043-4174-8af9-8936763acfd7,169KS,,0,1,1592905470968,0,0
plugin_ios_activity_recognition,"[""stationary""]",0,2,0,f9daacfd-6043-4174-8af9-8936763acfd7,169KS,supplement,0,1,1592905530968,0,0
plugin_ios_activity_recognition,"[""stationary""]",0,2,0,f9daacfd-6043-4174-8af9-8936763acfd7,169KS,,0,1,1592905530969,0,0
plugin_ios_activity_recognition,"[""stationary""]",0,2,0,f9daacfd-6043-4174-8af9-8936763acfd7,169KS,,0,1,1592905590968,0,0
plugin_ios_activity_recognition,"[""stationary""]",0,2,0,f9daacfd-6043-4174-8af9-8936763acfd7,169KS,supplement,0,1,1592905650968,0,0
plugin_ios_activity_recognition,"[""stationary""]",0,2,0,f9daacfd-6043-4174-8af9-8936763acfd7,169KS,,0,1,1592905651026,0,0
plugin_ios_activity_recognition,,0,2,0,f9daacfd-6043-4174-8af9-8936763acfd7,169KS,,0,0,1592905710247,0,0
plugin_ios_activity_recognition,,0,2,0,f9daacfd-6043-4174-8af9-8936763acfd7,169KS,,0,0,1592905710968,0,0
plugin_ios_activity_recognition,"[""stationary""]",0,2,0,f9daacfd-6043-4174-8af9-8936763acfd7,169KS,,0,1,1592905722034,0,0
plugin_ios_activity_recognition,"[""stationary""]",0,2,0,f9daacfd-6043-4174-8af9-8936763acfd7,169KS,,0,1,1592905770967,0,0
plugin_ios_activity_recognition,"[""stationary""]",0,2,0,f9daacfd-6043-4174-8af9-8936763acfd7,169KS,,0,1,1592905830967,0,0
plugin_ios_activity_recognition,"[""stationary""]",0,2,0,f9daacfd-6043-4174-8af9-8936763acfd7,169KS,supplement,0,1,1592905890967,0,0
plugin_ios_activity_recognition,"[""stationary""]",0,2,0,f9daacfd-6043-4174-8af9-8936763acfd7,169KS,,0,1,1592905891063,0,0
plugin_ios_activity_recognition,"[""stationary""]",0,2,0,f9daacfd-6043-4174-8af9-8936763acfd7,169KS,supplement,0,1,1592905950967,0,0
plugin_ios_activity_recognition,"[""stationary""]",0,2,0,f9daacfd-6043-4174-8af9-8936763acfd7,169KS,,0,1,1592905950968,0,0
plugin_ios_activity_recognition,"[""stationary""]",0,2,0,f9daacfd-6043-4174-8af9-8936763acfd7,169KS,,0,1,1592906010967,0,0
plugin_ios_activity_recognition,"[""stationary""]",0,2,0,f9daacfd-6043-4174-8af9-8936763acfd7,169KS,supplement,0,1,1592906070967,0,0
plugin_ios_activity_recognition,"[""stationary""]",0,2,0,f9daacfd-6043-4174-8af9-8936763acfd7,169KS,,0,1,1592906070968,0,0
plugin_ios_activity_recognition,"[""stationary""]",0,2,0,f9daacfd-6043-4174-8af9-8936763acfd7,169KS,,0,1,1592906130965,0,0
plugin_ios_activity_recognition,"[""stationary""]",0,2,0,f9daacfd-6043-4174-8af9-8936763acfd7,169KS,supplement,0,1,1592906130967,0,0
plugin_ios_activity_recognition,"[""stationary""]",0,2,0,f9daacfd-6043-4174-8af9-8936763acfd7,169KS,supplement,0,1,1592906190965,0,0
plugin_ios_activity_recognition,"[""stationary""]",0,2,0,f9daacfd-6043-4174-8af9-8936763acfd7,169KS,,0,1,1592906190967,0,0
plugin_ios_activity_recognition,"[""stationary""]",0,2,0,f9daacfd-6043-4174-8af9-8936763acfd7,169KS,supplement,0,1,1592906250965,0,0
plugin_ios_activity_recognition,"[""stationary""]",0,2,0,f9daacfd-6043-4174-8af9-8936763acfd7,169KS,supplement,0,1,1592906250967,0,0
plugin_ios_activity_recognition,"[""stationary""]",0,2,0,f9daacfd-6043-4174-8af9-8936763acfd7,169KS,,0,1,1592906310966,0,0
plugin_ios_activity_recognition,"[""stationary""]",0,2,0,f9daacfd-6043-4174-8af9-8936763acfd7,169KS,supplement,0,1,1592906310967,0,0
plugin_ios_activity_recognition,"[""stationary""]",0,2,0,f9daacfd-6043-4174-8af9-8936763acfd7,169KS,supplement,0,1,1592906370966,0,0
plugin_ios_activity_recognition,"[""stationary""]",0,2,0,f9daacfd-6043-4174-8af9-8936763acfd7,169KS,,0,1,1592906371061,0,0
plugin_ios_activity_recognition,"[""stationary""]",0,2,0,f9daacfd-6043-4174-8af9-8936763acfd7,169KS,supplement,0,1,1592906430966,0,0
plugin_ios_activity_recognition,"[""stationary""]",0,2,0,f9daacfd-6043-4174-8af9-8936763acfd7,169KS,,0,1,1592906430967,0,0
plugin_ios_activity_recognition,"[""stationary""]",0,2,0,f9daacfd-6043-4174-8af9-8936763acfd7,169KS,,0,1,1592906490964,0,0
plugin_ios_activity_recognition,"[""stationary""]",0,2,0,f9daacfd-6043-4174-8af9-8936763acfd7,169KS,supplement,0,1,1592906550964,0,0
plugin_ios_activity_recognition,"[""stationary""]",0,2,0,f9daacfd-6043-4174-8af9-8936763acfd7,169KS,,0,1,1592906550966,0,0
plugin_ios_activity_recognition,"[""stationary""]",0,2,0,f9daacfd-6043-4174-8af9-8936763acfd7,169KS,supplement,0,1,1592906610964,0,0
plugin_ios_activity_recognition,"[""stationary""]",0,2,0,f9daacfd-6043-4174-8af9-8936763acfd7,169KS,supplement,0,1,1592906610966,0,0
plugin_ios_activity_recognition,"[""stationary""]",0,2,0,f9daacfd-6043-4174-8af9-8936763acfd7,169KS,,0,1,1592906611062,0,0
plugin_ios_activity_recognition,"[""stationary""]",0,2,0,f9daacfd-6043-4174-8af9-8936763acfd7,169KS,,0,1,1592906670966,0,0
plugin_ios_activity_recognition,"[""stationary""]",0,2,0,f9daacfd-6043-4174-8af9-8936763acfd7,169KS,supplement,0,1,1592906730966,0,0
plugin_ios_activity_recognition,"[""stationary""]",0,2,0,f9daacfd-6043-4174-8af9-8936763acfd7,169KS,,0,1,1592906730967,0,0
plugin_ios_activity_recognition,"[""stationary""]",0,2,0,f9daacfd-6043-4174-8af9-8936763acfd7,169KS,supplement,0,1,1592906790966,0,0
plugin_ios_activity_recognition,"[""stationary""]",0,2,0,f9daacfd-6043-4174-8af9-8936763acfd7,169KS,,0,1,1592906790967,0,0
plugin_ios_activity_recognition,"[""stationary""]",0,2,0,f9daacfd-6043-4174-8af9-8936763acfd7,169KS,supplement,0,1,1592906850967,0,0
plugin_ios_activity_recognition,"[""stationary""]",0,2,0,f9daacfd-6043-4174-8af9-8936763acfd7,169KS,,0,1,1592906851051,0,0
plugin_ios_activity_recognition,"[""stationary""]",0,2,0,f9daacfd-6043-4174-8af9-8936763acfd7,169KS,,0,1,1592906910965,0,0
plugin_ios_activity_recognition,"[""stationary""]",0,2,0,f9daacfd-6043-4174-8af9-8936763acfd7,169KS,supplement,0,1,1592906910967,0,0
plugin_ios_activity_recognition,"[""stationary""]",0,2,0,f9daacfd-6043-4174-8af9-8936763acfd7,169KS,supplement,0,1,1592906970965,0,0
plugin_ios_activity_recognition,"[""stationary""]",0,2,0,f9daacfd-6043-4174-8af9-8936763acfd7,169KS,,0,1,1592906970966,0,0
plugin_ios_activity_recognition,"[""stationary""]",0,2,0,f9daacfd-6043-4174-8af9-8936763acfd7,169KS,supplement,0,1,1592907030965,0,0
plugin_ios_activity_recognition,"[""stationary""]",0,2,0,f9daacfd-6043-4174-8af9-8936763acfd7,169KS,,0,1,1592907030966,0,0
plugin_ios_activity_recognition,,0,2,0,f9daacfd-6043-4174-8af9-8936763acfd7,169KS,,0,0,1592907065610,0,0
plugin_ios_activity_recognition,"[""stationary""]",0,2,0,f9daacfd-6043-4174-8af9-8936763acfd7,169KS,,0,1,1592907074534,0,0
plugin_ios_activity_recognition,"[""stationary""]",0,2,0,f9daacfd-6043-4174-8af9-8936763acfd7,169KS,supplement,0,1,1592907090966,0,0
plugin_ios_activity_recognition,"[""stationary""]",0,2,0,f9daacfd-6043-4174-8af9-8936763acfd7,169KS,,0,1,1592907091060,0,0
plugin_ios_activity_recognition,"[""stationary""]",0,2,0,f9daacfd-6043-4174-8af9-8936763acfd7,169KS,,0,1,1592907150965,0,0
plugin_ios_activity_recognition,"[""stationary""]",0,2,0,f9daacfd-6043-4174-8af9-8936763acfd7,169KS,supplement,0,1,1592907210965,0,0
plugin_ios_activity_recognition,"[""stationary""]",0,2,0,f9daacfd-6043-4174-8af9-8936763acfd7,169KS,,0,1,1592907210966,0,0
plugin_ios_activity_recognition,,0,2,0,f9daacfd-6043-4174-8af9-8936763acfd7,169KS,,0,0,1592907242582,0,0
plugin_ios_activity_recognition,"[""stationary""]",0,2,0,f9daacfd-6043-4174-8af9-8936763acfd7,169KS,,0,1,1592907246401,0,0
plugin_ios_activity_recognition,,0,2,0,f9daacfd-6043-4174-8af9-8936763acfd7,169KS,,0,0,1592907255628,0,0
plugin_ios_activity_recognition,"[""stationary""]",0,2,0,f9daacfd-6043-4174-8af9-8936763acfd7,169KS,,0,1,1592907262366,0,0
plugin_ios_activity_recognition,"[""stationary""]",0,2,0,f9daacfd-6043-4174-8af9-8936763acfd7,169KS,,0,1,1592907270965,0,0
plugin_ios_activity_recognition,"[""stationary""]",0,2,0,f9daacfd-6043-4174-8af9-8936763acfd7,169KS,supplement,0,1,1592907330965,0,0
plugin_ios_activity_recognition,"[""stationary""]",0,2,0,f9daacfd-6043-4174-8af9-8936763acfd7,169KS,,0,1,1592907331011,0,0
plugin_ios_activity_recognition,"[""stationary""]",0,2,0,f9daacfd-6043-4174-8af9-8936763acfd7,169KS,,0,1,1592907390965,0,0
plugin_ios_activity_recognition,"[""stationary""]",0,2,0,f9daacfd-6043-4174-8af9-8936763acfd7,169KS,supplement,0,1,1592907450965,0,0
plugin_ios_activity_recognition,"[""stationary""]",0,2,0,f9daacfd-6043-4174-8af9-8936763acfd7,169KS,,0,1,1592907450966,0,0
plugin_ios_activity_recognition,"[""stationary""]",0,2,0,f9daacfd-6043-4174-8af9-8936763acfd7,169KS,supplement,0,1,1592907510965,0,0
plugin_ios_activity_recognition,"[""stationary""]",0,2,0,f9daacfd-6043-4174-8af9-8936763acfd7,169KS,supplement,0,1,1592907510966,0,0
plugin_ios_activity_recognition,"[""stationary""]",0,2,0,f9daacfd-6043-4174-8af9-8936763acfd7,169KS,,0,1,1592907510967,0,0
plugin_ios_activity_recognition,"[""stationary""]",0,2,0,f9daacfd-6043-4174-8af9-8936763acfd7,169KS,supplement,0,1,1592907570966,0,0
plugin_ios_activity_recognition,"[""stationary""]",0,2,0,f9daacfd-6043-4174-8af9-8936763acfd7,169KS,supplement,0,1,1592907570967,0,0
plugin_ios_activity_recognition,"[""stationary""]",0,2,0,f9daacfd-6043-4174-8af9-8936763acfd7,169KS,,0,1,1592907571011,0,0
plugin_ios_activity_recognition,"[""stationary""]",0,2,0,f9daacfd-6043-4174-8af9-8936763acfd7,169KS,,0,1,1592907630966,0,0
plugin_ios_activity_recognition,"[""stationary""]",0,2,0,f9daacfd-6043-4174-8af9-8936763acfd7,169KS,supplement,0,1,1592907630967,0,0
plugin_ios_activity_recognition,"[""stationary""]",0,2,0,f9daacfd-6043-4174-8af9-8936763acfd7,169KS,supplement,0,1,1592907690966,0,0
plugin_ios_activity_recognition,"[""stationary""]",0,2,0,f9daacfd-6043-4174-8af9-8936763acfd7,169KS,,0,1,1592907690967,0,0
plugin_ios_activity_recognition,"[""stationary""]",0,2,0,f9daacfd-6043-4174-8af9-8936763acfd7,169KS,supplement,0,1,1592907750966,0,0
plugin_ios_activity_recognition,"[""stationary""]",0,2,0,f9daacfd-6043-4174-8af9-8936763acfd7,169KS,,0,1,1592907750967,0,0
plugin_ios_activity_recognition,"[""stationary""]",0,2,0,f9daacfd-6043-4174-8af9-8936763acfd7,169KS,supplement,0,1,1592907810967,0,0
plugin_ios_activity_recognition,"[""stationary""]",0,2,0,f9daacfd-6043-4174-8af9-8936763acfd7,169KS,,0,1,1592907811012,0,0
plugin_ios_activity_recognition,"[""stationary""]",0,2,0,f9daacfd-6043-4174-8af9-8936763acfd7,169KS,,0,1,1592907870967,0,0
plugin_ios_activity_recognition,"[""stationary""]",0,2,0,f9daacfd-6043-4174-8af9-8936763acfd7,169KS,,0,1,1592907930966,0,0
plugin_ios_activity_recognition,"[""stationary""]",0,2,0,f9daacfd-6043-4174-8af9-8936763acfd7,169KS,,0,1,1592907990965,0,0
plugin_ios_activity_recognition,"[""stationary""]",0,2,0,f9daacfd-6043-4174-8af9-8936763acfd7,169KS,supplement,0,1,1592908050965,0,0
plugin_ios_activity_recognition,"[""stationary""]",0,2,0,f9daacfd-6043-4174-8af9-8936763acfd7,169KS,,0,1,1592908051009,0,0
plugin_ios_activity_recognition,"[""stationary""]",0,2,0,f9daacfd-6043-4174-8af9-8936763acfd7,169KS,supplement,0,1,1592908110965,0,0
plugin_ios_activity_recognition,"[""stationary""]",0,2,0,f9daacfd-6043-4174-8af9-8936763acfd7,169KS,,0,1,1592908110967,0,0
plugin_ios_activity_recognition,"[""stationary""]",0,2,0,f9daacfd-6043-4174-8af9-8936763acfd7,169KS,,0,1,1592908170966,0,0
plugin_ios_activity_recognition,"[""stationary""]",0,2,0,f9daacfd-6043-4174-8af9-8936763acfd7,169KS,supplement,0,1,1592908230966,0,0
plugin_ios_activity_recognition,"[""stationary""]",0,2,0,f9daacfd-6043-4174-8af9-8936763acfd7,169KS,supplement,0,1,1592908290966,0,0
plugin_ios_activity_recognition,"[""stationary""]",0,2,0,f9daacfd-6043-4174-8af9-8936763acfd7,169KS,,0,1,1592908291011,0,0
plugin_ios_activity_recognition,"[""stationary""]",0,2,0,f9daacfd-6043-4174-8af9-8936763acfd7,169KS,,0,1,1592908350965,0,0
plugin_ios_activity_recognition,"[""stationary""]",0,2,0,f9daacfd-6043-4174-8af9-8936763acfd7,169KS,supplement,0,1,1592908350966,0,0
plugin_ios_activity_recognition,"[""stationary""]",0,2,0,f9daacfd-6043-4174-8af9-8936763acfd7,169KS,supplement,0,1,1592908410965,0,0
plugin_ios_activity_recognition,"[""stationary""]",0,2,0,f9daacfd-6043-4174-8af9-8936763acfd7,169KS,,0,1,1592908410966,0,0
plugin_ios_activity_recognition,"[""stationary""]",0,2,0,f9daacfd-6043-4174-8af9-8936763acfd7,169KS,,0,1,1592908470964,0,0
plugin_ios_activity_recognition,"[""stationary""]",0,2,0,f9daacfd-6043-4174-8af9-8936763acfd7,169KS,supplement,0,1,1592908470965,0,0
plugin_ios_activity_recognition,"[""stationary""]",0,2,0,f9daacfd-6043-4174-8af9-8936763acfd7,169KS,supplement,0,1,1592908530964,0,0
plugin_ios_activity_recognition,"[""stationary""]",0,2,0,f9daacfd-6043-4174-8af9-8936763acfd7,169KS,,0,1,1592908531012,0,0
plugin_ios_activity_recognition,"[""stationary""]",0,2,0,f9daacfd-6043-4174-8af9-8936763acfd7,169KS,supplement,0,1,1592908590964,0,0
plugin_ios_activity_recognition,"[""stationary""]",0,2,0,f9daacfd-6043-4174-8af9-8936763acfd7,169KS,,0,1,1592908590966,0,0
plugin_ios_activity_recognition,"[""stationary""]",0,2,0,f9daacfd-6043-4174-8af9-8936763acfd7,169KS,,0,1,1592908650962,0,0
plugin_ios_activity_recognition,"[""stationary""]",0,2,0,f9daacfd-6043-4174-8af9-8936763acfd7,169KS,,0,1,1592908710962,0,0
plugin_ios_activity_recognition,"[""stationary""]",0,2,0,f9daacfd-6043-4174-8af9-8936763acfd7,169KS,supplement,0,1,1592908770962,0,0
plugin_ios_activity_recognition,"[""stationary""]",0,2,0,f9daacfd-6043-4174-8af9-8936763acfd7,169KS,,0,1,1592908771011,0,0
plugin_ios_activity_recognition,"[""stationary""]",0,2,0,f9daacfd-6043-4174-8af9-8936763acfd7,169KS,,0,1,1592908830960,0,0
plugin_ios_activity_recognition,"[""stationary""]",0,2,0,f9daacfd-6043-4174-8af9-8936763acfd7,169KS,supplement,0,1,1592908830962,0,0
plugin_ios_activity_recognition,"[""stationary""]",0,2,0,f9daacfd-6043-4174-8af9-8936763acfd7,169KS,supplement,0,1,1592908890960,0,0
plugin_ios_activity_recognition,"[""stationary""]",0,2,0,f9daacfd-6043-4174-8af9-8936763acfd7,169KS,,0,1,1592908890964,0,0
plugin_ios_activity_recognition,"[""stationary""]",0,2,0,f9daacfd-6043-4174-8af9-8936763acfd7,169KS,supplement,0,1,1592908950960,0,0
plugin_ios_activity_recognition,"[""stationary""]",0,2,0,f9daacfd-6043-4174-8af9-8936763acfd7,169KS,supplement,0,1,1592908950964,0,0
plugin_ios_activity_recognition,"[""stationary""]",0,2,0,f9daacfd-6043-4174-8af9-8936763acfd7,169KS,,0,1,1592908951001,0,0
plugin_ios_activity_recognition,"[""stationary""]",0,2,0,f9daacfd-6043-4174-8af9-8936763acfd7,169KS,supplement,0,1,1592909010964,0,0
plugin_ios_activity_recognition,"[""stationary""]",0,2,0,f9daacfd-6043-4174-8af9-8936763acfd7,169KS,supplement,0,1,1592909011001,0,0
plugin_ios_activity_recognition,"[""stationary""]",0,2,0,f9daacfd-6043-4174-8af9-8936763acfd7,169KS,,0,1,1592909011011,0,0
plugin_ios_activity_recognition,"[""stationary""]",0,2,0,f9daacfd-6043-4174-8af9-8936763acfd7,169KS,,0,1,1592909070964,0,0
plugin_ios_activity_recognition,"[""stationary""]",0,2,0,f9daacfd-6043-4174-8af9-8936763acfd7,169KS,supplement,0,1,1592909071001,0,0
plugin_ios_activity_recognition,"[""stationary""]",0,2,0,f9daacfd-6043-4174-8af9-8936763acfd7,169KS,supplement,0,1,1592909130964,0,0
plugin_ios_activity_recognition,"[""stationary""]",0,2,0,f9daacfd-6043-4174-8af9-8936763acfd7,169KS,,0,1,1592909130965,0,0
plugin_ios_activity_recognition,"[""stationary""]",0,2,0,f9daacfd-6043-4174-8af9-8936763acfd7,169KS,supplement,0,1,1592909190964,0,0
plugin_ios_activity_recognition,"[""stationary""]",0,2,0,f9daacfd-6043-4174-8af9-8936763acfd7,169KS,,0,1,1592909190965,0,0
plugin_ios_activity_recognition,"[""stationary""]",0,2,0,f9daacfd-6043-4174-8af9-8936763acfd7,169KS,supplement,0,1,1592909250965,0,0
plugin_ios_activity_recognition,"[""stationary""]",0,2,0,f9daacfd-6043-4174-8af9-8936763acfd7,169KS,,0,1,1592909251011,0,0
plugin_ios_activity_recognition,"[""stationary""]",0,2,0,f9daacfd-6043-4174-8af9-8936763acfd7,169KS,,0,1,1592909310964,0,0
plugin_ios_activity_recognition,"[""stationary""]",0,2,0,f9daacfd-6043-4174-8af9-8936763acfd7,169KS,supplement,0,1,1592909310965,0,0
plugin_ios_activity_recognition,"[""stationary""]",0,2,0,f9daacfd-6043-4174-8af9-8936763acfd7,169KS,supplement,0,1,1592909370964,0,0
plugin_ios_activity_recognition,"[""stationary""]",0,2,0,f9daacfd-6043-4174-8af9-8936763acfd7,169KS,,0,1,1592909370965,0,0
plugin_ios_activity_recognition,"[""stationary""]",0,2,0,f9daacfd-6043-4174-8af9-8936763acfd7,169KS,,0,1,1592909430964,0,0
plugin_ios_activity_recognition,"[""stationary""]",0,2,0,f9daacfd-6043-4174-8af9-8936763acfd7,169KS,supplement,0,1,1592909490964,0,0
plugin_ios_activity_recognition,"[""stationary""]",0,2,0,f9daacfd-6043-4174-8af9-8936763acfd7,169KS,,0,1,1592909491011,0,0
plugin_ios_activity_recognition,"[""stationary""]",0,2,0,f9daacfd-6043-4174-8af9-8936763acfd7,169KS,,0,1,1592909550963,0,0
plugin_ios_activity_recognition,"[""stationary""]",0,2,0,f9daacfd-6043-4174-8af9-8936763acfd7,169KS,supplement,0,1,1592909550964,0,0
plugin_ios_activity_recognition,"[""stationary""]",0,2,0,f9daacfd-6043-4174-8af9-8936763acfd7,169KS,supplement,0,1,1592909610963,0,0
plugin_ios_activity_recognition,"[""stationary""]",0,2,0,f9daacfd-6043-4174-8af9-8936763acfd7,169KS,,0,1,1592909610964,0,0
plugin_ios_activity_recognition,"[""stationary""]",0,2,0,f9daacfd-6043-4174-8af9-8936763acfd7,169KS,,0,1,1592909670962,0,0
plugin_ios_activity_recognition,"[""stationary""]",0,2,0,f9daacfd-6043-4174-8af9-8936763acfd7,169KS,supplement,0,1,1592909670963,0,0
plugin_ios_activity_recognition,"[""stationary""]",0,2,0,f9daacfd-6043-4174-8af9-8936763acfd7,169KS,supplement,0,1,1592909730962,0,0
plugin_ios_activity_recognition,"[""stationary""]",0,2,0,f9daacfd-6043-4174-8af9-8936763acfd7,169KS,,0,1,1592909731011,0,0
plugin_ios_activity_recognition,"[""stationary""]",0,2,0,f9daacfd-6043-4174-8af9-8936763acfd7,169KS,,0,1,1592909790960,0,0
plugin_ios_activity_recognition,"[""stationary""]",0,2,0,f9daacfd-6043-4174-8af9-8936763acfd7,169KS,supplement,0,1,1592909790962,0,0
plugin_ios_activity_recognition,"[""stationary""]",0,2,0,f9daacfd-6043-4174-8af9-8936763acfd7,169KS,supplement,0,1,1592909850960,0,0
plugin_ios_activity_recognition,"[""stationary""]",0,2,0,f9daacfd-6043-4174-8af9-8936763acfd7,169KS,,0,1,1592909850963,0,0
plugin_ios_activity_recognition,"[""stationary""]",0,2,0,f9daacfd-6043-4174-8af9-8936763acfd7,169KS,supplement,0,1,1592909910960,0,0
plugin_ios_activity_recognition,"[""stationary""]",0,2,0,f9daacfd-6043-4174-8af9-8936763acfd7,169KS,,0,1,1592909910962,0,0
plugin_ios_activity_recognition,"[""stationary""]",0,2,0,f9daacfd-6043-4174-8af9-8936763acfd7,169KS,supplement,0,1,1592909970962,0,0
plugin_ios_activity_recognition,"[""stationary""]",0,2,0,f9daacfd-6043-4174-8af9-8936763acfd7,169KS,,0,1,1592909971011,0,0
plugin_ios_activity_recognition,"[""stationary""]",0,2,0,f9daacfd-6043-4174-8af9-8936763acfd7,169KS,,0,1,1592910030962,0,0
plugin_ios_activity_recognition,,0,2,0,f9daacfd-6043-4174-8af9-8936763acfd7,169KS,,0,0,1592910061214,0,0
plugin_ios_activity_recognition,"[""stationary""]",0,2,0,f9daacfd-6043-4174-8af9-8936763acfd7,169KS,,0,1,1592910065671,0,0
plugin_ios_activity_recognition,"[""stationary""]",0,2,0,f9daacfd-6043-4174-8af9-8936763acfd7,169KS,,0,1,1592910090960,0,0
plugin_ios_activity_recognition,,0,2,0,f9daacfd-6043-4174-8af9-8936763acfd7,169KS,,0,0,1592910091590,0,0
plugin_ios_activity_recognition,"[""stationary""]",0,2,0,f9daacfd-6043-4174-8af9-8936763acfd7,169KS,,0,1,1592910098322,0,0
plugin_ios_activity_recognition,"[""stationary""]",0,2,0,f9daacfd-6043-4174-8af9-8936763acfd7,169KS,,0,1,1592910150961,0,0
plugin_ios_activity_recognition,"[""stationary""]",0,2,0,f9daacfd-6043-4174-8af9-8936763acfd7,169KS,supplement,0,1,1592910210961,0,0
plugin_ios_activity_recognition,"[""stationary""]",0,2,0,f9daacfd-6043-4174-8af9-8936763acfd7,169KS,,0,1,1592910211010,0,0
plugin_ios_activity_recognition,,0,2,0,f9daacfd-6043-4174-8af9-8936763acfd7,169KS,,0,0,1592910263488,0,0
plugin_ios_activity_recognition,"[""stationary""]",0,2,0,f9daacfd-6043-4174-8af9-8936763acfd7,169KS,,0,1,1592910270211,0,0
plugin_ios_activity_recognition,"[""stationary""]",0,2,0,f9daacfd-6043-4174-8af9-8936763acfd7,169KS,,0,1,1592910270961,0,0
plugin_ios_activity_recognition,"[""stationary""]",0,2,0,f9daacfd-6043-4174-8af9-8936763acfd7,169KS,,0,1,1592910330953,0,0
plugin_ios_activity_recognition,"[""stationary""]",0,2,0,f9daacfd-6043-4174-8af9-8936763acfd7,169KS,supplement,0,1,1592910390953,0,0
plugin_ios_activity_recognition,"[""stationary""]",0,2,0,f9daacfd-6043-4174-8af9-8936763acfd7,169KS,,0,1,1592910390961,0,0
plugin_ios_activity_recognition,"[""stationary""]",0,2,0,f9daacfd-6043-4174-8af9-8936763acfd7,169KS,supplement,0,1,1592910450953,0,0
plugin_ios_activity_recognition,"[""stationary""]",0,2,0,f9daacfd-6043-4174-8af9-8936763acfd7,169KS,supplement,0,1,1592910450961,0,0
plugin_ios_activity_recognition,"[""stationary""]",0,2,0,f9daacfd-6043-4174-8af9-8936763acfd7,169KS,,0,1,1592910451010,0,0
plugin_ios_activity_recognition,"[""stationary""]",0,2,0,f9daacfd-6043-4174-8af9-8936763acfd7,169KS,,0,1,1592910510960,0,0
plugin_ios_activity_recognition,"[""stationary""]",0,2,0,f9daacfd-6043-4174-8af9-8936763acfd7,169KS,supplement,0,1,1592910510961,0,0
plugin_ios_activity_recognition,"[""stationary""]",0,2,0,f9daacfd-6043-4174-8af9-8936763acfd7,169KS,supplement,0,1,1592910570960,0,0
plugin_ios_activity_recognition,"[""stationary""]",0,2,0,f9daacfd-6043-4174-8af9-8936763acfd7,169KS,,0,1,1592910570961,0,0
plugin_ios_activity_recognition,"[""stationary""]",0,2,0,f9daacfd-6043-4174-8af9-8936763acfd7,169KS,,0,1,1592910630960,0,0
plugin_ios_activity_recognition,"[""stationary""]",0,2,0,f9daacfd-6043-4174-8af9-8936763acfd7,169KS,supplement,0,1,1592910690960,0,0
plugin_ios_activity_recognition,"[""stationary""]",0,2,0,f9daacfd-6043-4174-8af9-8936763acfd7,169KS,,0,1,1592910691055,0,0
plugin_ios_activity_recognition,"[""stationary""]",0,2,0,f9daacfd-6043-4174-8af9-8936763acfd7,169KS,,0,1,1592910750958,0,0
plugin_ios_activity_recognition,"[""stationary""]",0,2,0,f9daacfd-6043-4174-8af9-8936763acfd7,169KS,supplement,0,1,1592910750960,0,0
plugin_ios_activity_recognition,"[""stationary""]",0,2,0,f9daacfd-6043-4174-8af9-8936763acfd7,169KS,supplement,0,1,1592910810958,0,0
plugin_ios_activity_recognition,"[""stationary""]",0,2,0,f9daacfd-6043-4174-8af9-8936763acfd7,169KS,,0,1,1592910810960,0,0
plugin_ios_activity_recognition,"[""stationary""]",0,2,0,f9daacfd-6043-4174-8af9-8936763acfd7,169KS,supplement,0,1,1592910870958,0,0
plugin_ios_activity_recognition,"[""stationary""]",0,2,0,f9daacfd-6043-4174-8af9-8936763acfd7,169KS,,0,1,1592910870959,0,0
plugin_ios_activity_recognition,"[""stationary""]",0,2,0,f9daacfd-6043-4174-8af9-8936763acfd7,169KS,supplement,0,1,1592910930959,0,0
plugin_ios_activity_recognition,"[""stationary""]",0,2,0,f9daacfd-6043-4174-8af9-8936763acfd7,169KS,,0,1,1592910930975,0,0
plugin_ios_activity_recognition,"[""stationary""]",0,2,0,f9daacfd-6043-4174-8af9-8936763acfd7,169KS,,0,1,1592910990958,0,0
plugin_ios_activity_recognition,"[""stationary""]",0,2,0,f9daacfd-6043-4174-8af9-8936763acfd7,169KS,supplement,0,1,1592910990959,0,0
plugin_ios_activity_recognition,"[""stationary""]",0,2,0,f9daacfd-6043-4174-8af9-8936763acfd7,169KS,supplement,0,1,1592911050958,0,0
plugin_ios_activity_recognition,"[""stationary""]",0,2,0,f9daacfd-6043-4174-8af9-8936763acfd7,169KS,,0,1,1592911050959,0,0
plugin_ios_activity_recognition,"[""stationary""]",0,2,0,f9daacfd-6043-4174-8af9-8936763acfd7,169KS,,0,1,1592911110957,0,0
plugin_ios_activity_recognition,"[""stationary""]",0,2,0,f9daacfd-6043-4174-8af9-8936763acfd7,169KS,supplement,0,1,1592911110958,0,0
plugin_ios_activity_recognition,"[""stationary""]",0,2,0,f9daacfd-6043-4174-8af9-8936763acfd7,169KS,supplement,0,1,1592911170957,0,0
plugin_ios_activity_recognition,"[""stationary""]",0,2,0,f9daacfd-6043-4174-8af9-8936763acfd7,169KS,,0,1,1592911171000,0,0
plugin_ios_activity_recognition,"[""stationary""]",0,2,0,f9daacfd-6043-4174-8af9-8936763acfd7,169KS,supplement,0,1,1592911230957,0,0
plugin_ios_activity_recognition,"[""stationary""]",0,2,0,f9daacfd-6043-4174-8af9-8936763acfd7,169KS,,0,1,1592911230959,0,0
plugin_ios_activity_recognition,,0,2,0,f9daacfd-6043-4174-8af9-8936763acfd7,169KS,,0,0,1592911247321,0,0
plugin_ios_activity_recognition,"[""stationary""]",0,2,0,f9daacfd-6043-4174-8af9-8936763acfd7,169KS,,0,1,1592911257506,0,0
plugin_ios_activity_recognition,"[""stationary""]",0,2,0,f9daacfd-6043-4174-8af9-8936763acfd7,169KS,,0,1,1592911290960,0,0
plugin_ios_activity_recognition,"[""stationary""]",0,2,0,f9daacfd-6043-4174-8af9-8936763acfd7,169KS,,0,1,1592911350959,0,0
plugin_ios_activity_recognition,"[""stationary""]",0,2,0,f9daacfd-6043-4174-8af9-8936763acfd7,169KS,supplement,0,1,1592911410959,0,0
plugin_ios_activity_recognition,"[""stationary""]",0,2,0,f9daacfd-6043-4174-8af9-8936763acfd7,169KS,,0,1,1592911411016,0,0
plugin_ios_activity_recognition,"[""stationary""]",0,2,0,f9daacfd-6043-4174-8af9-8936763acfd7,169KS,,0,1,1592911470958,0,0
plugin_ios_activity_recognition,"[""stationary""]",0,2,0,f9daacfd-6043-4174-8af9-8936763acfd7,169KS,supplement,0,1,1592911470959,0,0
plugin_ios_activity_recognition,"[""stationary""]",0,2,0,f9daacfd-6043-4174-8af9-8936763acfd7,169KS,,0,1,1592911530958,0,0
plugin_ios_activity_recognition,"[""stationary""]",0,2,0,f9daacfd-6043-4174-8af9-8936763acfd7,169KS,,0,1,1592911590957,0,0
plugin_ios_activity_recognition,"[""stationary""]",0,2,0,f9daacfd-6043-4174-8af9-8936763acfd7,169KS,supplement,0,1,1592911650957,0,0
plugin_ios_activity_recognition,"[""stationary""]",0,2,0,f9daacfd-6043-4174-8af9-8936763acfd7,169KS,,0,1,1592911651002,0,0
plugin_ios_activity_recognition,"[""stationary""]",0,2,0,f9daacfd-6043-4174-8af9-8936763acfd7,169KS,supplement,0,1,1592911710957,0,0
plugin_ios_activity_recognition,"[""stationary""]",0,2,0,f9daacfd-6043-4174-8af9-8936763acfd7,169KS,,0,1,1592911710958,0,0
plugin_ios_activity_recognition,"[""stationary""]",0,2,0,f9daacfd-6043-4174-8af9-8936763acfd7,169KS,,0,1,1592911770958,0,0
plugin_ios_activity_recognition,"[""stationary""]",0,2,0,f9daacfd-6043-4174-8af9-8936763acfd7,169KS,supplement,0,1,1592911830958,0,0
plugin_ios_activity_recognition,"[""stationary""]",0,2,0,f9daacfd-6043-4174-8af9-8936763acfd7,169KS,supplement,0,1,1592911890958,0,0
plugin_ios_activity_recognition,"[""stationary""]",0,2,0,f9daacfd-6043-4174-8af9-8936763acfd7,169KS,,0,1,1592911891053,0,0
plugin_ios_activity_recognition,"[""stationary""]",0,2,0,f9daacfd-6043-4174-8af9-8936763acfd7,169KS,,0,1,1592911950955,0,0
plugin_ios_activity_recognition,"[""stationary""]",0,2,0,f9daacfd-6043-4174-8af9-8936763acfd7,169KS,supplement,0,1,1592911950958,0,0
plugin_ios_activity_recognition,"[""stationary""]",0,2,0,f9daacfd-6043-4174-8af9-8936763acfd7,169KS,supplement,0,1,1592912010955,0,0
plugin_ios_activity_recognition,"[""stationary""]",0,2,0,f9daacfd-6043-4174-8af9-8936763acfd7,169KS,,0,1,1592912010957,0,0
plugin_ios_activity_recognition,,0,2,0,f9daacfd-6043-4174-8af9-8936763acfd7,169KS,,0,0,1592912017810,0,0
plugin_ios_activity_recognition,"[""stationary""]",0,2,0,f9daacfd-6043-4174-8af9-8936763acfd7,169KS,,0,1,1592912022544,0,0
plugin_ios_activity_recognition,"[""stationary""]",0,2,0,f9daacfd-6043-4174-8af9-8936763acfd7,169KS,supplement,0,1,1592912070955,0,0
plugin_ios_activity_recognition,"[""stationary""]",0,2,0,f9daacfd-6043-4174-8af9-8936763acfd7,169KS,,0,1,1592912070958,0,0
plugin_ios_activity_recognition,"[""stationary""]",0,2,0,f9daacfd-6043-4174-8af9-8936763acfd7,169KS,supplement,0,1,1592912130958,0,0
plugin_ios_activity_recognition,"[""stationary""]",0,2,0,f9daacfd-6043-4174-8af9-8936763acfd7,169KS,,0,1,1592912131044,0,0
plugin_ios_activity_recognition,"[""stationary""]",0,2,0,f9daacfd-6043-4174-8af9-8936763acfd7,169KS,,0,1,1592912190957,0,0
plugin_ios_activity_recognition,"[""stationary""]",0,2,0,f9daacfd-6043-4174-8af9-8936763acfd7,169KS,supplement,0,1,1592912190958,0,0
plugin_ios_activity_recognition,"[""stationary""]",0,2,0,f9daacfd-6043-4174-8af9-8936763acfd7,169KS,supplement,0,1,1592912250957,0,0
plugin_ios_activity_recognition,"[""stationary""]",0,2,0,f9daacfd-6043-4174-8af9-8936763acfd7,169KS,,0,1,1592912310956,0,0
plugin_ios_activity_recognition,"[""stationary""]",0,2,0,f9daacfd-6043-4174-8af9-8936763acfd7,169KS,supplement,0,1,1592912310957,0,0
plugin_ios_activity_recognition,"[""stationary""]",0,2,0,f9daacfd-6043-4174-8af9-8936763acfd7,169KS,supplement,0,1,1592912370956,0,0
plugin_ios_activity_recognition,"[""stationary""]",0,2,0,f9daacfd-6043-4174-8af9-8936763acfd7,169KS,,0,1,1592912371052,0,0
plugin_ios_activity_recognition,"[""stationary""]",0,2,0,f9daacfd-6043-4174-8af9-8936763acfd7,169KS,,0,1,1592912430956,0,0
plugin_ios_activity_recognition,"[""stationary""]",0,2,0,f9daacfd-6043-4174-8af9-8936763acfd7,169KS,,0,1,1592912490955,0,0
plugin_ios_activity_recognition,,0,2,0,f9daacfd-6043-4174-8af9-8936763acfd7,169KS,,0,0,1592912532673,0,0
plugin_ios_activity_recognition,"[""stationary""]",0,2,0,f9daacfd-6043-4174-8af9-8936763acfd7,169KS,,0,1,1592912541587,0,0
plugin_ios_activity_recognition,"[""stationary""]",0,2,0,f9daacfd-6043-4174-8af9-8936763acfd7,169KS,,0,1,1592912550955,0,0
plugin_ios_activity_recognition,"[""stationary""]",0,2,0,f9daacfd-6043-4174-8af9-8936763acfd7,169KS,supplement,0,1,1592912610955,0,0
plugin_ios_activity_recognition,"[""stationary""]",0,2,0,f9daacfd-6043-4174-8af9-8936763acfd7,169KS,,0,1,1592912610973,0,0
plugin_ios_activity_recognition,"[""stationary""]",0,2,0,f9daacfd-6043-4174-8af9-8936763acfd7,169KS,,0,1,1592912670955,0,0
plugin_ios_activity_recognition,"[""stationary""]",0,2,0,f9daacfd-6043-4174-8af9-8936763acfd7,169KS,,0,1,1592912730955,0,0
plugin_ios_activity_recognition,"[""stationary""]",0,2,0,f9daacfd-6043-4174-8af9-8936763acfd7,169KS,,0,1,1592912790955,0,0
plugin_ios_activity_recognition,"[""stationary""]",0,2,0,f9daacfd-6043-4174-8af9-8936763acfd7,169KS,supplement,0,1,1592912850955,0,0
plugin_ios_activity_recognition,"[""stationary""]",0,2,0,f9daacfd-6043-4174-8af9-8936763acfd7,169KS,,0,1,1592912851020,0,0
plugin_ios_activity_recognition,"[""stationary""]",0,2,0,f9daacfd-6043-4174-8af9-8936763acfd7,169KS,,0,1,1592912910951,0,0
plugin_ios_activity_recognition,"[""stationary""]",0,2,0,f9daacfd-6043-4174-8af9-8936763acfd7,169KS,supplement,0,1,1592912910955,0,0
plugin_ios_activity_recognition,"[""stationary""]",0,2,0,f9daacfd-6043-4174-8af9-8936763acfd7,169KS,supplement,0,1,1592912970951,0,0
plugin_ios_activity_recognition,"[""stationary""]",0,2,0,f9daacfd-6043-4174-8af9-8936763acfd7,169KS,,0,1,1592912970956,0,0
plugin_ios_activity_recognition,"[""stationary""]",0,2,0,f9daacfd-6043-4174-8af9-8936763acfd7,169KS,supplement,0,1,1592913030951,0,0
plugin_ios_activity_recognition,"[""stationary""]",0,2,0,f9daacfd-6043-4174-8af9-8936763acfd7,169KS,,0,1,1592913030955,0,0
plugin_ios_activity_recognition,"[""stationary""]",0,2,0,f9daacfd-6043-4174-8af9-8936763acfd7,169KS,supplement,0,1,1592913090955,0,0
plugin_ios_activity_recognition,"[""stationary""]",0,2,0,f9daacfd-6043-4174-8af9-8936763acfd7,169KS,,0,1,1592913091051,0,0
plugin_ios_activity_recognition,"[""stationary""]",0,2,0,f9daacfd-6043-4174-8af9-8936763acfd7,169KS,,0,1,1592913150952,0,0
plugin_ios_activity_recognition,"[""stationary""]",0,2,0,f9daacfd-6043-4174-8af9-8936763acfd7,169KS,supplement,0,1,1592913150955,0,0
plugin_ios_activity_recognition,"[""stationary""]",0,2,0,f9daacfd-6043-4174-8af9-8936763acfd7,169KS,supplement,0,1,1592913210952,0,0
plugin_ios_activity_recognition,"[""stationary""]",0,2,0,f9daacfd-6043-4174-8af9-8936763acfd7,169KS,,0,1,1592913210955,0,0
plugin_ios_activity_recognition,"[""stationary""]",0,2,0,f9daacfd-6043-4174-8af9-8936763acfd7,169KS,supplement,0,1,1592913270952,0,0
plugin_ios_activity_recognition,"[""stationary""]",0,2,0,f9daacfd-6043-4174-8af9-8936763acfd7,169KS,supplement,0,1,1592913270955,0,0
plugin_ios_activity_recognition,"[""stationary""]",0,2,0,f9daacfd-6043-4174-8af9-8936763acfd7,169KS,supplement,0,1,1592913330955,0,0
plugin_ios_activity_recognition,"[""stationary""]",0,2,0,f9daacfd-6043-4174-8af9-8936763acfd7,169KS,,0,1,1592913331050,0,0
plugin_ios_activity_recognition,"[""stationary""]",0,2,0,f9daacfd-6043-4174-8af9-8936763acfd7,169KS,,0,1,1592913390952,0,0
plugin_ios_activity_recognition,"[""stationary""]",0,2,0,f9daacfd-6043-4174-8af9-8936763acfd7,169KS,supplement,0,1,1592913390955,0,0
plugin_ios_activity_recognition,"[""stationary""]",0,2,0,f9daacfd-6043-4174-8af9-8936763acfd7,169KS,supplement,0,1,1592913450952,0,0
plugin_ios_activity_recognition,"[""stationary""]",0,2,0,f9daacfd-6043-4174-8af9-8936763acfd7,169KS,,0,1,1592913450955,0,0
plugin_ios_activity_recognition,"[""stationary""]",0,2,0,f9daacfd-6043-4174-8af9-8936763acfd7,169KS,supplement,0,1,1592913510952,0,0
plugin_ios_activity_recognition,"[""stationary""]",0,2,0,f9daacfd-6043-4174-8af9-8936763acfd7,169KS,,0,1,1592913510954,0,0
plugin_ios_activity_recognition,"[""stationary""]",0,2,0,f9daacfd-6043-4174-8af9-8936763acfd7,169KS,supplement,0,1,1592913570954,0,0
plugin_ios_activity_recognition,"[""stationary""]",0,2,0,f9daacfd-6043-4174-8af9-8936763acfd7,169KS,,0,1,1592913571049,0,0
plugin_ios_activity_recognition,"[""stationary""]",0,2,0,f9daacfd-6043-4174-8af9-8936763acfd7,169KS,supplement,0,1,1592913630954,0,0
plugin_ios_activity_recognition,"[""stationary""]",0,2,0,f9daacfd-6043-4174-8af9-8936763acfd7,169KS,,0,1,1592913630955,0,0
plugin_ios_activity_recognition,"[""stationary""]",0,2,0,f9daacfd-6043-4174-8af9-8936763acfd7,169KS,,0,1,1592913690954,0,0
plugin_ios_activity_recognition,"[""stationary""]",0,2,0,f9daacfd-6043-4174-8af9-8936763acfd7,169KS,,0,1,1592913750953,0,0
plugin_ios_activity_recognition,"[""stationary""]",0,2,0,f9daacfd-6043-4174-8af9-8936763acfd7,169KS,supplement,0,1,1592913810953,0,0
plugin_ios_activity_recognition,"[""stationary""]",0,2,0,f9daacfd-6043-4174-8af9-8936763acfd7,169KS,,0,1,1592913811011,0,0
plugin_ios_activity_recognition,"[""stationary""]",0,2,0,f9daacfd-6043-4174-8af9-8936763acfd7,169KS,,0,1,1592913870953,0,0
plugin_ios_activity_recognition,"[""stationary""]",0,2,0,f9daacfd-6043-4174-8af9-8936763acfd7,169KS,,0,1,1592913930952,0,0
plugin_ios_activity_recognition,"[""stationary""]",0,2,0,f9daacfd-6043-4174-8af9-8936763acfd7,169KS,supplement,0,1,1592913990952,0,0
plugin_ios_activity_recognition,"[""stationary""]",0,2,0,f9daacfd-6043-4174-8af9-8936763acfd7,169KS,,0,1,1592913990960,0,0
plugin_ios_activity_recognition,"[""stationary""]",0,2,0,f9daacfd-6043-4174-8af9-8936763acfd7,169KS,supplement,0,1,1592914050952,0,0
plugin_ios_activity_recognition,"[""stationary""]",0,2,0,f9daacfd-6043-4174-8af9-8936763acfd7,169KS,supplement,0,1,1592914050960,0,0
plugin_ios_activity_recognition,"[""stationary""]",0,2,0,f9daacfd-6043-4174-8af9-8936763acfd7,169KS,,0,1,1592914051049,0,0
plugin_ios_activity_recognition,"[""stationary""]",0,2,0,f9daacfd-6043-4174-8af9-8936763acfd7,169KS,,0,1,1592914110952,0,0
plugin_ios_activity_recognition,"[""stationary""]",0,2,0,f9daacfd-6043-4174-8af9-8936763acfd7,169KS,supplement,0,1,1592914110960,0,0
plugin_ios_activity_recognition,"[""stationary""]",0,2,0,f9daacfd-6043-4174-8af9-8936763acfd7,169KS,,0,1,1592914170952,0,0
plugin_ios_activity_recognition,"[""stationary""]",0,2,0,f9daacfd-6043-4174-8af9-8936763acfd7,169KS,supplement,0,1,1592914230952,0,0
plugin_ios_activity_recognition,"[""stationary""]",0,2,0,f9daacfd-6043-4174-8af9-8936763acfd7,169KS,,0,1,1592914230953,0,0
plugin_ios_activity_recognition,"[""stationary""]",0,2,0,f9daacfd-6043-4174-8af9-8936763acfd7,169KS,supplement,0,1,1592914290952,0,0
plugin_ios_activity_recognition,"[""stationary""]",0,2,0,f9daacfd-6043-4174-8af9-8936763acfd7,169KS,supplement,0,1,1592914290953,0,0
plugin_ios_activity_recognition,"[""stationary""]",0,2,0,f9daacfd-6043-4174-8af9-8936763acfd7,169KS,,0,1,1592914291003,0,0
plugin_ios_activity_recognition,"[""stationary""]",0,2,0,f9daacfd-6043-4174-8af9-8936763acfd7,169KS,,0,1,1592914350952,0,0
plugin_ios_activity_recognition,"[""stationary""]",0,2,0,f9daacfd-6043-4174-8af9-8936763acfd7,169KS,supplement,0,1,1592914350953,0,0
plugin_ios_activity_recognition,"[""stationary""]",0,2,0,f9daacfd-6043-4174-8af9-8936763acfd7,169KS,supplement,0,1,1592914410952,0,0
plugin_ios_activity_recognition,"[""stationary""]",0,2,0,f9daacfd-6043-4174-8af9-8936763acfd7,169KS,,0,1,1592914410953,0,0
plugin_ios_activity_recognition,"[""stationary""]",0,2,0,f9daacfd-6043-4174-8af9-8936763acfd7,169KS,,0,1,1592914470952,0,0
plugin_ios_activity_recognition,"[""stationary""]",0,2,0,f9daacfd-6043-4174-8af9-8936763acfd7,169KS,supplement,0,1,1592914530952,0,0
plugin_ios_activity_recognition,"[""stationary""]",0,2,0,f9daacfd-6043-4174-8af9-8936763acfd7,169KS,,0,1,1592914531047,0,0
plugin_ios_activity_recognition,"[""stationary""]",0,2,0,f9daacfd-6043-4174-8af9-8936763acfd7,169KS,,0,1,1592914590952,0,0
plugin_ios_activity_recognition,"[""stationary""]",0,2,0,f9daacfd-6043-4174-8af9-8936763acfd7,169KS,,0,1,1592914650952,0,0
plugin_ios_activity_recognition,"[""stationary""]",0,2,0,f9daacfd-6043-4174-8af9-8936763acfd7,169KS,,0,1,1592914710952,0,0
plugin_ios_activity_recognition,"[""stationary""]",0,2,0,f9daacfd-6043-4174-8af9-8936763acfd7,169KS,,0,1,1592914770948,0,0
plugin_ios_activity_recognition,"[""stationary""]",0,2,0,f9daacfd-6043-4174-8af9-8936763acfd7,169KS,supplement,0,1,1592914770952,0,0
plugin_ios_activity_recognition,"[""stationary""]",0,2,0,f9daacfd-6043-4174-8af9-8936763acfd7,169KS,supplement,0,1,1592914830948,0,0
plugin_ios_activity_recognition,"[""stationary""]",0,2,0,f9daacfd-6043-4174-8af9-8936763acfd7,169KS,,0,1,1592914830951,0,0
plugin_ios_activity_recognition,"[""stationary""]",0,2,0,f9daacfd-6043-4174-8af9-8936763acfd7,169KS,supplement,0,1,1592914890948,0,0
plugin_ios_activity_recognition,"[""stationary""]",0,2,0,f9daacfd-6043-4174-8af9-8936763acfd7,169KS,,0,1,1592914890950,0,0
plugin_ios_activity_recognition,"[""stationary""]",0,2,0,f9daacfd-6043-4174-8af9-8936763acfd7,169KS,supplement,0,1,1592914950950,0,0
plugin_ios_activity_recognition,"[""stationary""]",0,2,0,f9daacfd-6043-4174-8af9-8936763acfd7,169KS,,0,1,1592914950951,0,0
plugin_ios_activity_recognition,"[""stationary""]",0,2,0,f9daacfd-6043-4174-8af9-8936763acfd7,169KS,supplement,0,1,1592915010950,0,0
plugin_ios_activity_recognition,"[""stationary""]",0,2,0,f9daacfd-6043-4174-8af9-8936763acfd7,169KS,supplement,0,1,1592915010951,0,0
plugin_ios_activity_recognition,"[""stationary""]",0,2,0,f9daacfd-6043-4174-8af9-8936763acfd7,169KS,,0,1,1592915010968,0,0
plugin_ios_activity_recognition,"[""stationary""]",0,2,0,f9daacfd-6043-4174-8af9-8936763acfd7,169KS,,0,1,1592915070951,0,0
plugin_ios_activity_recognition,"[""stationary""]",0,2,0,f9daacfd-6043-4174-8af9-8936763acfd7,169KS,supplement,0,1,1592915130951,0,0
plugin_ios_activity_recognition,"[""stationary""]",0,2,0,f9daacfd-6043-4174-8af9-8936763acfd7,169KS,,0,1,1592915190950,0,0
plugin_ios_activity_recognition,"[""stationary""]",0,2,0,f9daacfd-6043-4174-8af9-8936763acfd7,169KS,supplement,0,1,1592915190951,0,0
plugin_ios_activity_recognition,"[""stationary""]",0,2,0,f9daacfd-6043-4174-8af9-8936763acfd7,169KS,supplement,0,1,1592915250950,0,0
plugin_ios_activity_recognition,"[""stationary""]",0,2,0,f9daacfd-6043-4174-8af9-8936763acfd7,169KS,,0,1,1592915251003,0,0
plugin_ios_activity_recognition,"[""stationary""]",0,2,0,f9daacfd-6043-4174-8af9-8936763acfd7,169KS,supplement,0,1,1592915310950,0,0
plugin_ios_activity_recognition,"[""stationary""]",0,2,0,f9daacfd-6043-4174-8af9-8936763acfd7,169KS,,0,1,1592915310951,0,0
plugin_ios_activity_recognition,"[""stationary""]",0,2,0,f9daacfd-6043-4174-8af9-8936763acfd7,169KS,,0,1,1592915370948,0,0
plugin_ios_activity_recognition,"[""stationary""]",0,2,0,f9daacfd-6043-4174-8af9-8936763acfd7,169KS,supplement,0,1,1592915430948,0,0
plugin_ios_activity_recognition,"[""stationary""]",0,2,0,f9daacfd-6043-4174-8af9-8936763acfd7,169KS,,0,1,1592915430950,0,0
plugin_ios_activity_recognition,"[""stationary""]",0,2,0,f9daacfd-6043-4174-8af9-8936763acfd7,169KS,supplement,0,1,1592915490948,0,0
plugin_ios_activity_recognition,"[""stationary""]",0,2,0,f9daacfd-6043-4174-8af9-8936763acfd7,169KS,supplement,0,1,1592915490950,0,0
plugin_ios_activity_recognition,"[""stationary""]",0,2,0,f9daacfd-6043-4174-8af9-8936763acfd7,169KS,,0,1,1592915491046,0,0
plugin_ios_activity_recognition,"[""stationary""]",0,2,0,f9daacfd-6043-4174-8af9-8936763acfd7,169KS,,0,1,1592915550950,0,0
plugin_ios_activity_recognition,"[""stationary""]",0,2,0,f9daacfd-6043-4174-8af9-8936763acfd7,169KS,supplement,0,1,1592915610950,0,0
plugin_ios_activity_recognition,"[""stationary""]",0,2,0,f9daacfd-6043-4174-8af9-8936763acfd7,169KS,,0,1,1592915610951,0,0
plugin_ios_activity_recognition,,0,2,0,f9daacfd-6043-4174-8af9-8936763acfd7,169KS,,0,0,1592915635849,0,0
plugin_ios_activity_recognition,"[""stationary""]",0,2,0,f9daacfd-6043-4174-8af9-8936763acfd7,169KS,,0,1,1592915640305,0,0
plugin_ios_activity_recognition,"[""stationary""]",0,2,0,f9daacfd-6043-4174-8af9-8936763acfd7,169KS,supplement,0,1,1592915670950,0,0
plugin_ios_activity_recognition,"[""stationary""]",0,2,0,f9daacfd-6043-4174-8af9-8936763acfd7,169KS,,0,1,1592915670959,0,0
plugin_ios_activity_recognition,"[""stationary""]",0,2,0,f9daacfd-6043-4174-8af9-8936763acfd7,169KS,supplement,0,1,1592915730959,0,0
plugin_ios_activity_recognition,"[""stationary""]",0,2,0,f9daacfd-6043-4174-8af9-8936763acfd7,169KS,,0,1,1592915731004,0,0
plugin_ios_activity_recognition,"[""stationary""]",0,2,0,f9daacfd-6043-4174-8af9-8936763acfd7,169KS,,0,1,1592915790950,0,0
plugin_ios_activity_recognition,"[""stationary""]",0,2,0,f9daacfd-6043-4174-8af9-8936763acfd7,169KS,supplement,0,1,1592915790959,0,0
plugin_ios_activity_recognition,"[""stationary""]",0,2,0,f9daacfd-6043-4174-8af9-8936763acfd7,169KS,,0,1,1592915850944,0,0
plugin_ios_activity_recognition,"[""stationary""]",0,2,0,f9daacfd-6043-4174-8af9-8936763acfd7,169KS,supplement,0,1,1592915910944,0,0
plugin_ios_activity_recognition,"[""stationary""]",0,2,0,f9daacfd-6043-4174-8af9-8936763acfd7,169KS,,0,1,1592915910949,0,0
plugin_ios_activity_recognition,"[""stationary""]",0,2,0,f9daacfd-6043-4174-8af9-8936763acfd7,169KS,supplement,0,1,1592915970944,0,0
plugin_ios_activity_recognition,"[""stationary""]",0,2,0,f9daacfd-6043-4174-8af9-8936763acfd7,169KS,supplement,0,1,1592915970949,0,0
plugin_ios_activity_recognition,"[""stationary""]",0,2,0,f9daacfd-6043-4174-8af9-8936763acfd7,169KS,,0,1,1592915970983,0,0
plugin_ios_activity_recognition,"[""stationary""]",0,2,0,f9daacfd-6043-4174-8af9-8936763acfd7,169KS,,0,1,1592916030949,0,0
plugin_ios_activity_recognition,"[""stationary""]",0,2,0,f9daacfd-6043-4174-8af9-8936763acfd7,169KS,,0,1,1592916090948,0,0
plugin_ios_activity_recognition,"[""stationary""]",0,2,0,f9daacfd-6043-4174-8af9-8936763acfd7,169KS,,0,1,1592916150947,0,0
plugin_ios_activity_recognition,"[""stationary""]",0,2,0,f9daacfd-6043-4174-8af9-8936763acfd7,169KS,supplement,0,1,1592916210947,0,0
plugin_ios_activity_recognition,"[""stationary""]",0,2,0,f9daacfd-6043-4174-8af9-8936763acfd7,169KS,,0,1,1592916211044,0,0
plugin_ios_activity_recognition,"[""stationary""]",0,2,0,f9daacfd-6043-4174-8af9-8936763acfd7,169KS,,0,1,1592916270947,0,0
plugin_ios_activity_recognition,"[""stationary""]",0,2,0,f9daacfd-6043-4174-8af9-8936763acfd7,169KS,supplement,0,1,1592916330947,0,0
plugin_ios_activity_recognition,"[""stationary""]",0,2,0,f9daacfd-6043-4174-8af9-8936763acfd7,169KS,,0,1,1592916330948,0,0
plugin_ios_activity_recognition,"[""stationary""]",0,2,0,f9daacfd-6043-4174-8af9-8936763acfd7,169KS,supplement,0,1,1592916390947,0,0
plugin_ios_activity_recognition,"[""stationary""]",0,2,0,f9daacfd-6043-4174-8af9-8936763acfd7,169KS,supplement,0,1,1592916390948,0,0
plugin_ios_activity_recognition,"[""stationary""]",0,2,0,f9daacfd-6043-4174-8af9-8936763acfd7,169KS,,0,1,1592916390949,0,0
plugin_ios_activity_recognition,"[""stationary""]",0,2,0,f9daacfd-6043-4174-8af9-8936763acfd7,169KS,supplement,0,1,1592916450948,0,0
plugin_ios_activity_recognition,"[""stationary""]",0,2,0,f9daacfd-6043-4174-8af9-8936763acfd7,169KS,supplement,0,1,1592916450949,0,0
plugin_ios_activity_recognition,"[""stationary""]",0,2,0,f9daacfd-6043-4174-8af9-8936763acfd7,169KS,,0,1,1592916451015,0,0
plugin_ios_activity_recognition,"[""stationary""]",0,2,0,f9daacfd-6043-4174-8af9-8936763acfd7,169KS,,0,1,1592916510949,0,0
plugin_ios_activity_recognition,"[""stationary""]",0,2,0,f9daacfd-6043-4174-8af9-8936763acfd7,169KS,,0,1,1592916570948,0,0
plugin_ios_activity_recognition,"[""stationary""]",0,2,0,f9daacfd-6043-4174-8af9-8936763acfd7,169KS,,0,1,1592916630947,0,0
plugin_ios_activity_recognition,"[""stationary""]",0,2,0,f9daacfd-6043-4174-8af9-8936763acfd7,169KS,supplement,0,1,1592916690947,0,0
plugin_ios_activity_recognition,"[""stationary""]",0,2,0,f9daacfd-6043-4174-8af9-8936763acfd7,169KS,,0,1,1592916691044,0,0
plugin_ios_activity_recognition,"[""stationary""]",0,2,0,f9daacfd-6043-4174-8af9-8936763acfd7,169KS,supplement,0,1,1592916750947,0,0
plugin_ios_activity_recognition,"[""stationary""]",0,2,0,f9daacfd-6043-4174-8af9-8936763acfd7,169KS,,0,1,1592916750949,0,0
plugin_ios_activity_recognition,"[""stationary""]",0,2,0,f9daacfd-6043-4174-8af9-8936763acfd7,169KS,,0,1,1592916810948,0,0
plugin_ios_activity_recognition,"[""stationary""]",0,2,0,f9daacfd-6043-4174-8af9-8936763acfd7,169KS,,0,1,1592916870948,0,0
plugin_ios_activity_recognition,"[""stationary""]",0,2,0,f9daacfd-6043-4174-8af9-8936763acfd7,169KS,supplement,0,1,1592916930948,0,0
plugin_ios_activity_recognition,"[""stationary""]",0,2,0,f9daacfd-6043-4174-8af9-8936763acfd7,169KS,,0,1,1592916931028,0,0
plugin_ios_activity_recognition,"[""stationary""]",0,2,0,f9daacfd-6043-4174-8af9-8936763acfd7,169KS,,0,1,1592916990947,0,0
plugin_ios_activity_recognition,"[""stationary""]",0,2,0,f9daacfd-6043-4174-8af9-8936763acfd7,169KS,supplement,0,1,1592916990948,0,0
plugin_ios_activity_recognition,"[""stationary""]",0,2,0,f9daacfd-6043-4174-8af9-8936763acfd7,169KS,supplement,0,1,1592917050947,0,0
plugin_ios_activity_recognition,"[""stationary""]",0,2,0,f9daacfd-6043-4174-8af9-8936763acfd7,169KS,,0,1,1592917050948,0,0
plugin_ios_activity_recognition,"[""stationary""]",0,2,0,f9daacfd-6043-4174-8af9-8936763acfd7,169KS,supplement,0,1,1592917110947,0,0
plugin_ios_activity_recognition,"[""stationary""]",0,2,0,f9daacfd-6043-4174-8af9-8936763acfd7,169KS,,0,1,1592917110948,0,0
plugin_ios_activity_recognition,"[""stationary""]",0,2,0,f9daacfd-6043-4174-8af9-8936763acfd7,169KS,supplement,0,1,1592917170948,0,0
plugin_ios_activity_recognition,"[""stationary""]",0,2,0,f9daacfd-6043-4174-8af9-8936763acfd7,169KS,,0,1,1592917171024,0,0
plugin_ios_activity_recognition,"[""stationary""]",0,2,0,f9daacfd-6043-4174-8af9-8936763acfd7,169KS,,0,1,1592917230947,0,0
plugin_ios_activity_recognition,"[""stationary""]",0,2,0,f9daacfd-6043-4174-8af9-8936763acfd7,169KS,supplement,0,1,1592917230948,0,0
plugin_ios_activity_recognition,"[""stationary""]",0,2,0,f9daacfd-6043-4174-8af9-8936763acfd7,169KS,,0,1,1592917290942,0,0
plugin_ios_activity_recognition,,0,2,0,f9daacfd-6043-4174-8af9-8936763acfd7,169KS,,0,0,1592917328420,0,0
plugin_ios_activity_recognition,"[""stationary""]",0,2,0,f9daacfd-6043-4174-8af9-8936763acfd7,169KS,,0,1,1592917331930,0,0
plugin_ios_activity_recognition,,0,2,0,f9daacfd-6043-4174-8af9-8936763acfd7,169KS,,0,0,1592917335758,0,0
plugin_ios_activity_recognition,"[""stationary""]",0,2,0,f9daacfd-6043-4174-8af9-8936763acfd7,169KS,,0,1,1592917340858,0,0
plugin_ios_activity_recognition,"[""stationary""]",0,2,0,f9daacfd-6043-4174-8af9-8936763acfd7,169KS,,0,1,1592917350946,0,0
plugin_ios_activity_recognition,"[""stationary""]",0,2,0,f9daacfd-6043-4174-8af9-8936763acfd7,169KS,supplement,0,1,1592917410946,0,0
plugin_ios_activity_recognition,"[""stationary""]",0,2,0,f9daacfd-6043-4174-8af9-8936763acfd7,169KS,,0,1,1592917411030,0,0
plugin_ios_activity_recognition,"[""stationary""]",0,2,0,f9daacfd-6043-4174-8af9-8936763acfd7,169KS,,0,1,1592917470946,0,0
plugin_ios_activity_recognition,"[""stationary""]",0,2,0,f9daacfd-6043-4174-8af9-8936763acfd7,169KS,,0,1,1592917530946,0,0
plugin_ios_activity_recognition,"[""stationary""]",0,2,0,f9daacfd-6043-4174-8af9-8936763acfd7,169KS,supplement,0,1,1592917590946,0,0
plugin_ios_activity_recognition,"[""stationary""]",0,2,0,f9daacfd-6043-4174-8af9-8936763acfd7,169KS,,0,1,1592917590947,0,0
plugin_ios_activity_recognition,"[""stationary""]",0,2,0,f9daacfd-6043-4174-8af9-8936763acfd7,169KS,supplement,0,1,1592917650946,0,0
plugin_ios_activity_recognition,"[""stationary""]",0,2,0,f9daacfd-6043-4174-8af9-8936763acfd7,169KS,supplement,0,1,1592917650947,0,0
plugin_ios_activity_recognition,"[""stationary""]",0,2,0,f9daacfd-6043-4174-8af9-8936763acfd7,169KS,,0,1,1592917651042,0,0
plugin_ios_activity_recognition,"[""stationary""]",0,2,0,f9daacfd-6043-4174-8af9-8936763acfd7,169KS,,0,1,1592917710945,0,0
plugin_ios_activity_recognition,"[""stationary""]",0,2,0,f9daacfd-6043-4174-8af9-8936763acfd7,169KS,supplement,0,1,1592917710947,0,0
plugin_ios_activity_recognition,"[""stationary""]",0,2,0,f9daacfd-6043-4174-8af9-8936763acfd7,169KS,supplement,0,1,1592917770945,0,0
plugin_ios_activity_recognition,"[""stationary""]",0,2,0,f9daacfd-6043-4174-8af9-8936763acfd7,169KS,,0,1,1592917770947,0,0
plugin_ios_activity_recognition,"[""stationary""]",0,2,0,f9daacfd-6043-4174-8af9-8936763acfd7,169KS,supplement,0,1,1592917830945,0,0
plugin_ios_activity_recognition,"[""stationary""]",0,2,0,f9daacfd-6043-4174-8af9-8936763acfd7,169KS,supplement,0,1,1592917830947,0,0
plugin_ios_activity_recognition,"[""stationary""]",0,2,0,f9daacfd-6043-4174-8af9-8936763acfd7,169KS,,0,1,1592917830995,0,0
plugin_ios_activity_recognition,"[""stationary""]",0,2,0,f9daacfd-6043-4174-8af9-8936763acfd7,169KS,supplement,0,1,1592917890947,0,0
plugin_ios_activity_recognition,"[""stationary""]",0,2,0,f9daacfd-6043-4174-8af9-8936763acfd7,169KS,,0,1,1592917890964,0,0
plugin_ios_activity_recognition,"[""stationary""]",0,2,0,f9daacfd-6043-4174-8af9-8936763acfd7,169KS,,0,1,1592917950945,0,0
plugin_ios_activity_recognition,"[""stationary""]",0,2,0,f9daacfd-6043-4174-8af9-8936763acfd7,169KS,supplement,0,1,1592918010945,0,0
plugin_ios_activity_recognition,"[""stationary""]",0,2,0,f9daacfd-6043-4174-8af9-8936763acfd7,169KS,,0,1,1592918010946,0,0
plugin_ios_activity_recognition,"[""stationary""]",0,2,0,f9daacfd-6043-4174-8af9-8936763acfd7,169KS,,0,1,1592918070945,0,0
plugin_ios_activity_recognition,"[""stationary""]",0,2,0,f9daacfd-6043-4174-8af9-8936763acfd7,169KS,supplement,0,1,1592918130945,0,0
plugin_ios_activity_recognition,"[""stationary""]",0,2,0,f9daacfd-6043-4174-8af9-8936763acfd7,169KS,,0,1,1592918131007,0,0
plugin_ios_activity_recognition,"[""stationary""]",0,2,0,f9daacfd-6043-4174-8af9-8936763acfd7,169KS,supplement,0,1,1592918190945,0,0
plugin_ios_activity_recognition,"[""stationary""]",0,2,0,f9daacfd-6043-4174-8af9-8936763acfd7,169KS,,0,1,1592918190946,0,0
plugin_ios_activity_recognition,"[""stationary""]",0,2,0,f9daacfd-6043-4174-8af9-8936763acfd7,169KS,,0,1,1592918250945,0,0
plugin_ios_activity_recognition,"[""stationary""]",0,2,0,f9daacfd-6043-4174-8af9-8936763acfd7,169KS,,0,1,1592918310940,0,0
plugin_ios_activity_recognition,"[""stationary""]",0,2,0,f9daacfd-6043-4174-8af9-8936763acfd7,169KS,supplement,0,1,1592918370940,0,0
plugin_ios_activity_recognition,"[""stationary""]",0,2,0,f9daacfd-6043-4174-8af9-8936763acfd7,169KS,,0,1,1592918371014,0,0
plugin_ios_activity_recognition,"[""stationary""]",0,2,0,f9daacfd-6043-4174-8af9-8936763acfd7,169KS,supplement,0,1,1592918430940,0,0
plugin_ios_activity_recognition,"[""stationary""]",0,2,0,f9daacfd-6043-4174-8af9-8936763acfd7,169KS,,0,1,1592918430943,0,0
plugin_ios_activity_recognition,"[""stationary""]",0,2,0,f9daacfd-6043-4174-8af9-8936763acfd7,169KS,supplement,0,1,1592918490943,0,0
plugin_ios_activity_recognition,"[""stationary""]",0,2,0,f9daacfd-6043-4174-8af9-8936763acfd7,169KS,,0,1,1592918490944,0,0
plugin_ios_activity_recognition,"[""stationary""]",0,2,0,f9daacfd-6043-4174-8af9-8936763acfd7,169KS,,0,1,1592918550943,0,0
plugin_ios_activity_recognition,"[""stationary""]",0,2,0,f9daacfd-6043-4174-8af9-8936763acfd7,169KS,supplement,0,1,1592918610943,0,0
plugin_ios_activity_recognition,"[""stationary""]",0,2,0,f9daacfd-6043-4174-8af9-8936763acfd7,169KS,,0,1,1592918610954,0,0
plugin_ios_activity_recognition,"[""stationary""]",0,2,0,f9daacfd-6043-4174-8af9-8936763acfd7,169KS,supplement,0,1,1592918670943,0,0
plugin_ios_activity_recognition,"[""stationary""]",0,2,0,f9daacfd-6043-4174-8af9-8936763acfd7,169KS,,0,1,1592918670944,0,0
plugin_ios_activity_recognition,"[""stationary""]",0,2,0,f9daacfd-6043-4174-8af9-8936763acfd7,169KS,,0,1,1592918730943,0,0
plugin_ios_activity_recognition,"[""stationary""]",0,2,0,f9daacfd-6043-4174-8af9-8936763acfd7,169KS,supplement,0,1,1592918790943,0,0
plugin_ios_activity_recognition,"[""stationary""]",0,2,0,f9daacfd-6043-4174-8af9-8936763acfd7,169KS,,0,1,1592918790947,0,0
plugin_ios_activity_recognition,"[""stationary""]",0,2,0,f9daacfd-6043-4174-8af9-8936763acfd7,169KS,supplement,0,1,1592918850943,0,0
plugin_ios_activity_recognition,"[""stationary""]",0,2,0,f9daacfd-6043-4174-8af9-8936763acfd7,169KS,supplement,0,1,1592918850947,0,0
plugin_ios_activity_recognition,"[""stationary""]",0,2,0,f9daacfd-6043-4174-8af9-8936763acfd7,169KS,,0,1,1592918851004,0,0
plugin_ios_activity_recognition,"[""stationary""]",0,2,0,f9daacfd-6043-4174-8af9-8936763acfd7,169KS,,0,1,1592918910941,0,0
plugin_ios_activity_recognition,"[""stationary""]",0,2,0,f9daacfd-6043-4174-8af9-8936763acfd7,169KS,supplement,0,1,1592918910947,0,0
plugin_ios_activity_recognition,"[""stationary""]",0,2,0,f9daacfd-6043-4174-8af9-8936763acfd7,169KS,supplement,0,1,1592918970941,0,0
plugin_ios_activity_recognition,"[""stationary""]",0,2,0,f9daacfd-6043-4174-8af9-8936763acfd7,169KS,,0,1,1592918970942,0,0
plugin_ios_activity_recognition,"[""stationary""]",0,2,0,f9daacfd-6043-4174-8af9-8936763acfd7,169KS,supplement,0,1,1592919030941,0,0
plugin_ios_activity_recognition,"[""stationary""]",0,2,0,f9daacfd-6043-4174-8af9-8936763acfd7,169KS,supplement,0,1,1592919030942,0,0
plugin_ios_activity_recognition,"[""stationary""]",0,2,0,f9daacfd-6043-4174-8af9-8936763acfd7,169KS,,0,1,1592919030943,0,0
plugin_ios_activity_recognition,"[""stationary""]",0,2,0,f9daacfd-6043-4174-8af9-8936763acfd7,169KS,supplement,0,1,1592919090942,0,0
plugin_ios_activity_recognition,"[""stationary""]",0,2,0,f9daacfd-6043-4174-8af9-8936763acfd7,169KS,supplement,0,1,1592919090943,0,0
plugin_ios_activity_recognition,"[""stationary""]",0,2,0,f9daacfd-6043-4174-8af9-8936763acfd7,169KS,,0,1,1592919091039,0,0
plugin_ios_activity_recognition,"[""stationary""]",0,2,0,f9daacfd-6043-4174-8af9-8936763acfd7,169KS,,0,1,1592919150940,0,0
plugin_ios_activity_recognition,"[""stationary""]",0,2,0,f9daacfd-6043-4174-8af9-8936763acfd7,169KS,supplement,0,1,1592919150943,0,0
plugin_ios_activity_recognition,"[""stationary""]",0,2,0,f9daacfd-6043-4174-8af9-8936763acfd7,169KS,supplement,0,1,1592919210940,0,0
plugin_ios_activity_recognition,"[""stationary""]",0,2,0,f9daacfd-6043-4174-8af9-8936763acfd7,169KS,,0,1,1592919210943,0,0
plugin_ios_activity_recognition,"[""stationary""]",0,2,0,f9daacfd-6043-4174-8af9-8936763acfd7,169KS,supplement,0,1,1592919270940,0,0
plugin_ios_activity_recognition,"[""stationary""]",0,2,0,f9daacfd-6043-4174-8af9-8936763acfd7,169KS,,0,1,1592919270942,0,0
plugin_ios_activity_recognition,"[""stationary""]",0,2,0,f9daacfd-6043-4174-8af9-8936763acfd7,169KS,supplement,0,1,1592919330942,0,0
plugin_ios_activity_recognition,"[""stationary""]",0,2,0,f9daacfd-6043-4174-8af9-8936763acfd7,169KS,,0,1,1592919330946,0,0
plugin_ios_activity_recognition,"[""stationary""]",0,2,0,f9daacfd-6043-4174-8af9-8936763acfd7,169KS,,0,1,1592919390942,0,0
plugin_ios_activity_recognition,"[""stationary""]",0,2,0,f9daacfd-6043-4174-8af9-8936763acfd7,169KS,,0,1,1592919450942,0,0
plugin_ios_activity_recognition,"[""stationary""]",0,2,0,f9daacfd-6043-4174-8af9-8936763acfd7,169KS,,0,1,1592919510941,0,0
plugin_ios_activity_recognition,,0,2,0,f9daacfd-6043-4174-8af9-8936763acfd7,169KS,,0,0,1592919570903,0,0
plugin_ios_activity_recognition,,0,2,0,f9daacfd-6043-4174-8af9-8936763acfd7,169KS,,0,0,1592919571964,0,0
plugin_ios_activity_recognition,"[""stationary""]",0,2,0,f9daacfd-6043-4174-8af9-8936763acfd7,169KS,,0,1,1592919575041,0,0
plugin_ios_activity_recognition,"[""stationary""]",0,2,0,f9daacfd-6043-4174-8af9-8936763acfd7,169KS,,0,1,1592919630941,0,0
plugin_ios_activity_recognition,"[""stationary""]",0,2,0,f9daacfd-6043-4174-8af9-8936763acfd7,169KS,,0,1,1592919690940,0,0
plugin_ios_activity_recognition,"[""stationary""]",0,2,0,f9daacfd-6043-4174-8af9-8936763acfd7,169KS,,0,1,1592919750940,0,0
plugin_ios_activity_recognition,"[""stationary""]",0,2,0,f9daacfd-6043-4174-8af9-8936763acfd7,169KS,supplement,0,1,1592919810940,0,0
plugin_ios_activity_recognition,"[""stationary""]",0,2,0,f9daacfd-6043-4174-8af9-8936763acfd7,169KS,,0,1,1592919810942,0,0
plugin_ios_activity_recognition,"[""stationary""]",0,2,0,f9daacfd-6043-4174-8af9-8936763acfd7,169KS,supplement,0,1,1592919870940,0,0
plugin_ios_activity_recognition,"[""stationary""]",0,2,0,f9daacfd-6043-4174-8af9-8936763acfd7,169KS,supplement,0,1,1592919870942,0,0
plugin_ios_activity_recognition,"[""stationary""]",0,2,0,f9daacfd-6043-4174-8af9-8936763acfd7,169KS,,0,1,1592919871036,0,0
plugin_ios_activity_recognition,"[""stationary""]",0,2,0,f9daacfd-6043-4174-8af9-8936763acfd7,169KS,,0,1,1592919930941,0,0
plugin_ios_activity_recognition,"[""stationary""]",0,2,0,f9daacfd-6043-4174-8af9-8936763acfd7,169KS,supplement,0,1,1592919930942,0,0
plugin_ios_activity_recognition,"[""stationary""]",0,2,0,f9daacfd-6043-4174-8af9-8936763acfd7,169KS,,0,1,1592919990941,0,0
plugin_ios_activity_recognition,"[""stationary""]",0,2,0,f9daacfd-6043-4174-8af9-8936763acfd7,169KS,,0,1,1592920050940,0,0
plugin_ios_activity_recognition,"[""stationary""]",0,2,0,f9daacfd-6043-4174-8af9-8936763acfd7,169KS,supplement,0,1,1592920110940,0,0
plugin_ios_activity_recognition,"[""stationary""]",0,2,0,f9daacfd-6043-4174-8af9-8936763acfd7,169KS,,0,1,1592920111035,0,0
plugin_ios_activity_recognition,"[""stationary""]",0,2,0,f9daacfd-6043-4174-8af9-8936763acfd7,169KS,,0,1,1592920170937,0,0
plugin_ios_activity_recognition,"[""stationary""]",0,2,0,f9daacfd-6043-4174-8af9-8936763acfd7,169KS,supplement,0,1,1592920170940,0,0
plugin_ios_activity_recognition,"[""stationary""]",0,2,0,f9daacfd-6043-4174-8af9-8936763acfd7,169KS,supplement,0,1,1592920230937,0,0
plugin_ios_activity_recognition,"[""stationary""]",0,2,0,f9daacfd-6043-4174-8af9-8936763acfd7,169KS,,0,1,1592920230939,0,0
plugin_ios_activity_recognition,"[""stationary""]",0,2,0,f9daacfd-6043-4174-8af9-8936763acfd7,169KS,supplement,0,1,1592920290937,0,0
plugin_ios_activity_recognition,"[""stationary""]",0,2,0,f9daacfd-6043-4174-8af9-8936763acfd7,169KS,supplement,0,1,1592920290939,0,0
plugin_ios_activity_recognition,"[""stationary""]",0,2,0,f9daacfd-6043-4174-8af9-8936763acfd7,169KS,,0,1,1592920290940,0,0
plugin_ios_activity_recognition,"[""stationary""]",0,2,0,f9daacfd-6043-4174-8af9-8936763acfd7,169KS,supplement,0,1,1592920350939,0,0
plugin_ios_activity_recognition,"[""stationary""]",0,2,0,f9daacfd-6043-4174-8af9-8936763acfd7,169KS,supplement,0,1,1592920350940,0,0
plugin_ios_activity_recognition,"[""stationary""]",0,2,0,f9daacfd-6043-4174-8af9-8936763acfd7,169KS,,0,1,1592920350997,0,0
plugin_ios_activity_recognition,"[""stationary""]",0,2,0,f9daacfd-6043-4174-8af9-8936763acfd7,169KS,,0,1,1592920410939,0,0
plugin_ios_activity_recognition,"[""stationary""]",0,2,0,f9daacfd-6043-4174-8af9-8936763acfd7,169KS,supplement,0,1,1592920410940,0,0
plugin_ios_activity_recognition,"[""stationary""]",0,2,0,f9daacfd-6043-4174-8af9-8936763acfd7,169KS,,0,1,1592920470937,0,0
plugin_ios_activity_recognition,"[""stationary""]",0,2,0,f9daacfd-6043-4174-8af9-8936763acfd7,169KS,supplement,0,1,1592920530937,0,0
plugin_ios_activity_recognition,"[""stationary""]",0,2,0,f9daacfd-6043-4174-8af9-8936763acfd7,169KS,,0,1,1592920530957,0,0
plugin_ios_activity_recognition,"[""stationary""]",0,2,0,f9daacfd-6043-4174-8af9-8936763acfd7,169KS,supplement,0,1,1592920590937,0,0
plugin_ios_activity_recognition,"[""stationary""]",0,2,0,f9daacfd-6043-4174-8af9-8936763acfd7,169KS,supplement,0,1,1592920590957,0,0
plugin_ios_activity_recognition,"[""stationary""]",0,2,0,f9daacfd-6043-4174-8af9-8936763acfd7,169KS,,0,1,1592920591034,0,0
plugin_ios_activity_recognition,"[""stationary""]",0,2,0,f9daacfd-6043-4174-8af9-8936763acfd7,169KS,,0,1,1592920650939,0,0
plugin_ios_activity_recognition,"[""stationary""]",0,2,0,f9daacfd-6043-4174-8af9-8936763acfd7,169KS,supplement,0,1,1592920650957,0,0
plugin_ios_activity_recognition,"[""stationary""]",0,2,0,f9daacfd-6043-4174-8af9-8936763acfd7,169KS,supplement,0,1,1592920710939,0,0
plugin_ios_activity_recognition,"[""stationary""]",0,2,0,f9daacfd-6043-4174-8af9-8936763acfd7,169KS,,0,1,1592920710943,0,0
plugin_ios_activity_recognition,"[""stationary""]",0,2,0,f9daacfd-6043-4174-8af9-8936763acfd7,169KS,,0,1,1592920770936,0,0
plugin_ios_activity_recognition,"[""stationary""]",0,2,0,f9daacfd-6043-4174-8af9-8936763acfd7,169KS,supplement,0,1,1592920770939,0,0
plugin_ios_activity_recognition,"[""stationary""]",0,2,0,f9daacfd-6043-4174-8af9-8936763acfd7,169KS,supplement,0,1,1592920830936,0,0
plugin_ios_activity_recognition,"[""stationary""]",0,2,0,f9daacfd-6043-4174-8af9-8936763acfd7,169KS,,0,1,1592920831037,0,0
plugin_ios_activity_recognition,"[""stationary""]",0,2,0,f9daacfd-6043-4174-8af9-8936763acfd7,169KS,,0,1,1592920890934,0,0
plugin_ios_activity_recognition,"[""stationary""]",0,2,0,f9daacfd-6043-4174-8af9-8936763acfd7,169KS,supplement,0,1,1592920890936,0,0
plugin_ios_activity_recognition,"[""stationary""]",0,2,0,f9daacfd-6043-4174-8af9-8936763acfd7,169KS,supplement,0,1,1592920950934,0,0
plugin_ios_activity_recognition,"[""stationary""]",0,2,0,f9daacfd-6043-4174-8af9-8936763acfd7,169KS,,0,1,1592920950938,0,0
plugin_ios_activity_recognition,"[""stationary""]",0,2,0,f9daacfd-6043-4174-8af9-8936763acfd7,169KS,supplement,0,1,1592921010934,0,0
plugin_ios_activity_recognition,"[""stationary""]",0,2,0,f9daacfd-6043-4174-8af9-8936763acfd7,169KS,supplement,0,1,1592921010938,0,0
plugin_ios_activity_recognition,"[""stationary""]",0,2,0,f9daacfd-6043-4174-8af9-8936763acfd7,169KS,,0,1,1592921010939,0,0
plugin_ios_activity_recognition,"[""stationary""]",0,2,0,f9daacfd-6043-4174-8af9-8936763acfd7,169KS,supplement,0,1,1592921070938,0,0
plugin_ios_activity_recognition,"[""stationary""]",0,2,0,f9daacfd-6043-4174-8af9-8936763acfd7,169KS,supplement,0,1,1592921070939,0,0
plugin_ios_activity_recognition,"[""stationary""]",0,2,0,f9daacfd-6043-4174-8af9-8936763acfd7,169KS,,0,1,1592921071034,0,0
plugin_ios_activity_recognition,"[""stationary""]",0,2,0,f9daacfd-6043-4174-8af9-8936763acfd7,169KS,,0,1,1592921130933,0,0
plugin_ios_activity_recognition,"[""stationary""]",0,2,0,f9daacfd-6043-4174-8af9-8936763acfd7,169KS,supplement,0,1,1592921130939,0,0
plugin_ios_activity_recognition,,0,2,0,f9daacfd-6043-4174-8af9-8936763acfd7,169KS,,0,0,1592921187298,0,0
plugin_ios_activity_recognition,"[""stationary""]",0,2,0,f9daacfd-6043-4174-8af9-8936763acfd7,169KS,,0,1,1592921190839,0,0
plugin_ios_activity_recognition,"[""stationary""]",0,2,0,f9daacfd-6043-4174-8af9-8936763acfd7,169KS,,0,1,1592921190938,0,0
plugin_ios_activity_recognition,"[""stationary""]",0,2,0,f9daacfd-6043-4174-8af9-8936763acfd7,169KS,,0,1,1592921250938,0,0
plugin_ios_activity_recognition,"[""stationary""]",0,2,0,f9daacfd-6043-4174-8af9-8936763acfd7,169KS,supplement,0,1,1592921310938,0,0
plugin_ios_activity_recognition,"[""stationary""]",0,2,0,f9daacfd-6043-4174-8af9-8936763acfd7,169KS,,0,1,1592921311032,0,0
plugin_ios_activity_recognition,"[""stationary""]",0,2,0,f9daacfd-6043-4174-8af9-8936763acfd7,169KS,supplement,0,1,1592921370938,0,0
plugin_ios_activity_recognition,"[""stationary""]",0,2,0,f9daacfd-6043-4174-8af9-8936763acfd7,169KS,,0,1,1592921370939,0,0
plugin_ios_activity_recognition,"[""stationary""]",0,2,0,f9daacfd-6043-4174-8af9-8936763acfd7,169KS,,0,1,1592921430936,0,0
plugin_ios_activity_recognition,"[""stationary""]",0,2,0,f9daacfd-6043-4174-8af9-8936763acfd7,169KS,supplement,0,1,1592921490936,0,0
plugin_ios_activity_recognition,"[""stationary""]",0,2,0,f9daacfd-6043-4174-8af9-8936763acfd7,169KS,,0,1,1592921490937,0,0
plugin_ios_activity_recognition,"[""stationary""]",0,2,0,f9daacfd-6043-4174-8af9-8936763acfd7,169KS,supplement,0,1,1592921550936,0,0
plugin_ios_activity_recognition,"[""stationary""]",0,2,0,f9daacfd-6043-4174-8af9-8936763acfd7,169KS,supplement,0,1,1592921550937,0,0
plugin_ios_activity_recognition,"[""stationary""]",0,2,0,f9daacfd-6043-4174-8af9-8936763acfd7,169KS,,0,1,1592921550963,0,0
plugin_ios_activity_recognition,"[""stationary""]",0,2,0,f9daacfd-6043-4174-8af9-8936763acfd7,169KS,,0,1,1592921610937,0,0
plugin_ios_activity_recognition,"[""stationary""]",0,2,0,f9daacfd-6043-4174-8af9-8936763acfd7,169KS,,0,1,1592921670937,0,0
plugin_ios_activity_recognition,"[""stationary""]",0,2,0,f9daacfd-6043-4174-8af9-8936763acfd7,169KS,supplement,0,1,1592921730937,0,0
plugin_ios_activity_recognition,"[""stationary""]",0,2,0,f9daacfd-6043-4174-8af9-8936763acfd7,169KS,supplement,0,1,1592921790937,0,0
plugin_ios_activity_recognition,"[""stationary""]",0,2,0,f9daacfd-6043-4174-8af9-8936763acfd7,169KS,,0,1,1592921791020,0,0
plugin_ios_activity_recognition,"[""stationary""]",0,2,0,f9daacfd-6043-4174-8af9-8936763acfd7,169KS,,0,1,1592921850936,0,0
plugin_ios_activity_recognition,"[""stationary""]",0,2,0,f9daacfd-6043-4174-8af9-8936763acfd7,169KS,supplement,0,1,1592921850937,0,0
plugin_ios_activity_recognition,,0,2,0,f9daacfd-6043-4174-8af9-8936763acfd7,169KS,,0,0,1592921898484,0,0
plugin_ios_activity_recognition,,0,2,0,f9daacfd-6043-4174-8af9-8936763acfd7,169KS,,0,0,1592921910935,0,0
plugin_ios_activity_recognition,"[""stationary""]",0,2,0,f9daacfd-6043-4174-8af9-8936763acfd7,169KS,,0,1,1592921913788,0,0
plugin_ios_activity_recognition,"[""stationary""]",0,2,0,f9daacfd-6043-4174-8af9-8936763acfd7,169KS,,0,1,1592921970936,0,0
plugin_ios_activity_recognition,,0,2,0,f9daacfd-6043-4174-8af9-8936763acfd7,169KS,,0,0,1592922014783,0,0
plugin_ios_activity_recognition,,0,2,0,f9daacfd-6043-4174-8af9-8936763acfd7,169KS,,0,0,1592922030935,0,0
plugin_ios_activity_recognition,"[""stationary""]",0,2,0,f9daacfd-6043-4174-8af9-8936763acfd7,169KS,,0,1,1592922071515,0,0
plugin_ios_activity_recognition,"[""stationary""]",0,2,0,f9daacfd-6043-4174-8af9-8936763acfd7,169KS,,0,1,1592922090936,0,0
plugin_ios_activity_recognition,"[""stationary""]",0,2,0,f9daacfd-6043-4174-8af9-8936763acfd7,169KS,supplement,0,1,1592922150936,0,0
plugin_ios_activity_recognition,"[""stationary""]",0,2,0,f9daacfd-6043-4174-8af9-8936763acfd7,169KS,,0,1,1592922150937,0,0
plugin_ios_activity_recognition,"[""stationary""]",0,2,0,f9daacfd-6043-4174-8af9-8936763acfd7,169KS,,0,1,1592922210935,0,0
plugin_ios_activity_recognition,"[""stationary""]",0,2,0,f9daacfd-6043-4174-8af9-8936763acfd7,169KS,supplement,0,1,1592922210936,0,0
plugin_ios_activity_recognition,"[""stationary""]",0,2,0,f9daacfd-6043-4174-8af9-8936763acfd7,169KS,supplement,0,1,1592922270935,0,0
plugin_ios_activity_recognition,"[""stationary""]",0,2,0,f9daacfd-6043-4174-8af9-8936763acfd7,169KS,,0,1,1592922271031,0,0
plugin_ios_activity_recognition,,0,2,0,f9daacfd-6043-4174-8af9-8936763acfd7,169KS,,0,0,1592922291630,0,0
plugin_ios_activity_recognition,"[""stationary""]",0,2,0,f9daacfd-6043-4174-8af9-8936763acfd7,169KS,,0,1,1592922300858,0,0
plugin_ios_activity_recognition,"[""stationary""]",0,2,0,f9daacfd-6043-4174-8af9-8936763acfd7,169KS,supplement,0,1,1592922330935,0,0
plugin_ios_activity_recognition,"[""stationary""]",0,2,0,f9daacfd-6043-4174-8af9-8936763acfd7,169KS,,0,1,1592922330936,0,0
plugin_ios_activity_recognition,"[""stationary""]",0,2,0,f9daacfd-6043-4174-8af9-8936763acfd7,169KS,,0,1,1592922390935,0,0
plugin_ios_activity_recognition,"[""stationary""]",0,2,0,f9daacfd-6043-4174-8af9-8936763acfd7,169KS,supplement,0,1,1592922450935,0,0
plugin_ios_activity_recognition,"[""stationary""]",0,2,0,f9daacfd-6043-4174-8af9-8936763acfd7,169KS,,0,1,1592922450936,0,0
plugin_ios_activity_recognition,"[""stationary""]",0,2,0,f9daacfd-6043-4174-8af9-8936763acfd7,169KS,supplement,0,1,1592922510935,0,0
plugin_ios_activity_recognition,"[""stationary""]",0,2,0,f9daacfd-6043-4174-8af9-8936763acfd7,169KS,supplement,0,1,1592922510936,0,0
plugin_ios_activity_recognition,"[""stationary""]",0,2,0,f9daacfd-6043-4174-8af9-8936763acfd7,169KS,,0,1,1592922511031,0,0
plugin_ios_activity_recognition,"[""stationary""]",0,2,0,f9daacfd-6043-4174-8af9-8936763acfd7,169KS,,0,1,1592922570936,0,0
plugin_ios_activity_recognition,"[""stationary""]",0,2,0,f9daacfd-6043-4174-8af9-8936763acfd7,169KS,,0,1,1592922630934,0,0
plugin_ios_activity_recognition,"[""stationary""]",0,2,0,f9daacfd-6043-4174-8af9-8936763acfd7,169KS,supplement,0,1,1592922690934,0,0
plugin_ios_activity_recognition,"[""stationary""]",0,2,0,f9daacfd-6043-4174-8af9-8936763acfd7,169KS,,0,1,1592922690935,0,0
plugin_ios_activity_recognition,"[""stationary""]",0,2,0,f9daacfd-6043-4174-8af9-8936763acfd7,169KS,supplement,0,1,1592922750934,0,0
plugin_ios_activity_recognition,"[""stationary""]",0,2,0,f9daacfd-6043-4174-8af9-8936763acfd7,169KS,supplement,0,1,1592922750935,0,0
plugin_ios_activity_recognition,"[""stationary""]",0,2,0,f9daacfd-6043-4174-8af9-8936763acfd7,169KS,,0,1,1592922751020,0,0
plugin_ios_activity_recognition,,0,2,0,f9daacfd-6043-4174-8af9-8936763acfd7,169KS,,0,0,1592922771216,0,0
plugin_ios_activity_recognition,"[""stationary""]",0,2,0,f9daacfd-6043-4174-8af9-8936763acfd7,169KS,,0,1,1592922779173,0,0
plugin_ios_activity_recognition,"[""stationary""]",0,2,0,f9daacfd-6043-4174-8af9-8936763acfd7,169KS,,0,1,1592922810935,0,0
plugin_ios_activity_recognition,,0,2,0,f9daacfd-6043-4174-8af9-8936763acfd7,169KS,,0,0,1592922818924,0,0
plugin_ios_activity_recognition,"[""stationary""]",0,2,0,f9daacfd-6043-4174-8af9-8936763acfd7,169KS,,0,1,1592922863581,0,0
plugin_ios_activity_recognition,"[""stationary""]",0,2,0,f9daacfd-6043-4174-8af9-8936763acfd7,169KS,,0,1,1592922870949,0,0
plugin_ios_activity_recognition,,0,2,0,f9daacfd-6043-4174-8af9-8936763acfd7,169KS,,0,0,1592922871534,0,0
plugin_ios_activity_recognition,"[""stationary""]",0,2,0,f9daacfd-6043-4174-8af9-8936763acfd7,169KS,,0,1,1592922878253,0,0
plugin_ios_activity_recognition,,0,2,0,f9daacfd-6043-4174-8af9-8936763acfd7,169KS,,0,0,1592922879492,0,0
plugin_ios_activity_recognition,,0,2,0,f9daacfd-6043-4174-8af9-8936763acfd7,169KS,,0,0,1592922930954,0,0
plugin_ios_activity_recognition,,0,2,0,f9daacfd-6043-4174-8af9-8936763acfd7,169KS,,0,0,1592922990940,0,0
plugin_ios_activity_recognition,"[""stationary""]",0,2,0,f9daacfd-6043-4174-8af9-8936763acfd7,169KS,,0,1,1592923004580,0,0
plugin_ios_activity_recognition,,0,2,0,f9daacfd-6043-4174-8af9-8936763acfd7,169KS,,0,0,1592923010325,0,0
plugin_ios_activity_recognition,"[""stationary""]",0,2,0,f9daacfd-6043-4174-8af9-8936763acfd7,169KS,,0,1,1592923049555,0,0
plugin_ios_activity_recognition,"[""stationary""]",0,2,0,f9daacfd-6043-4174-8af9-8936763acfd7,169KS,,0,1,1592923050941,0,0
plugin_ios_activity_recognition,,0,2,0,f9daacfd-6043-4174-8af9-8936763acfd7,169KS,,0,0,1592923072532,0,0
plugin_ios_activity_recognition,"[""stationary""]",0,2,0,f9daacfd-6043-4174-8af9-8936763acfd7,169KS,,0,1,1592923085286,0,0
plugin_ios_activity_recognition,,0,2,0,f9daacfd-6043-4174-8af9-8936763acfd7,169KS,,0,0,1592923099327,0,0
plugin_ios_activity_recognition,,0,2,0,f9daacfd-6043-4174-8af9-8936763acfd7,169KS,,0,0,1592923110931,0,0
plugin_ios_activity_recognition,"[""stationary""]",0,2,0,f9daacfd-6043-4174-8af9-8936763acfd7,169KS,,0,1,1592923149744,0,0
plugin_ios_activity_recognition,,0,2,0,f9daacfd-6043-4174-8af9-8936763acfd7,169KS,,0,0,1592923160615,0,0
plugin_ios_activity_recognition,,0,2,0,f9daacfd-6043-4174-8af9-8936763acfd7,169KS,,0,0,1592923170938,0,0
plugin_ios_activity_recognition,"[""stationary""]",0,2,0,f9daacfd-6043-4174-8af9-8936763acfd7,169KS,,0,1,1592923176893,0,0
plugin_ios_activity_recognition,,0,2,0,f9daacfd-6043-4174-8af9-8936763acfd7,169KS,,0,0,1592923179723,0,0
plugin_ios_activity_recognition,"[""walking""]",0,1,0,f9daacfd-6043-4174-8af9-8936763acfd7,169KS,,0,0,1592923187109,0,1
plugin_ios_activity_recognition,"[""walking""]",0,2,0,f9daacfd-6043-4174-8af9-8936763acfd7,169KS,,0,0,1592923189657,0,1
plugin_ios_activity_recognition,"[""walking""]",0,2,0,f9daacfd-6043-4174-8af9-8936763acfd7,169KS,,0,0,1592923230938,0,1
plugin_ios_activity_recognition,,0,2,0,f9daacfd-6043-4174-8af9-8936763acfd7,169KS,,0,0,1592923268798,0,0
plugin_ios_activity_recognition,,0,2,0,f9daacfd-6043-4174-8af9-8936763acfd7,169KS,,0,0,1592923290938,0,0
plugin_ios_activity_recognition,"[""walking""]",0,2,0,f9daacfd-6043-4174-8af9-8936763acfd7,169KS,,0,0,1592923330067,0,1
plugin_ios_activity_recognition,"[""walking""]",0,2,0,f9daacfd-6043-4174-8af9-8936763acfd7,169KS,,0,0,1592923350932,0,1
plugin_ios_activity_recognition,,0,2,0,f9daacfd-6043-4174-8af9-8936763acfd7,169KS,,0,0,1592923409202,0,0
plugin_ios_activity_recognition,,0,2,0,f9daacfd-6043-4174-8af9-8936763acfd7,169KS,,0,0,1592923411029,0,0
plugin_ios_activity_recognition,"[""stationary""]",0,2,0,f9daacfd-6043-4174-8af9-8936763acfd7,169KS,,0,1,1592923431490,0,0
plugin_ios_activity_recognition,,0,2,0,f9daacfd-6043-4174-8af9-8936763acfd7,169KS,,0,0,1592923455131,0,0
plugin_ios_activity_recognition,"[""walking""]",0,1,0,f9daacfd-6043-4174-8af9-8936763acfd7,169KS,,0,0,1592923457684,0,1
plugin_ios_activity_recognition,"[""walking""]",0,2,0,f9daacfd-6043-4174-8af9-8936763acfd7,169KS,,0,0,1592923460238,0,1
plugin_ios_activity_recognition,"[""walking""]",0,2,0,f9daacfd-6043-4174-8af9-8936763acfd7,169KS,,0,0,1592923470992,0,1
plugin_ios_activity_recognition,,0,2,0,f9daacfd-6043-4174-8af9-8936763acfd7,169KS,,0,0,1592923521495,0,0
plugin_ios_activity_recognition,,0,2,0,f9daacfd-6043-4174-8af9-8936763acfd7,169KS,,0,0,1592923530933,0,0
plugin_ios_activity_recognition,"[""stationary""]",0,2,0,f9daacfd-6043-4174-8af9-8936763acfd7,169KS,,0,1,1592923537737,0,0
plugin_ios_activity_recognition,,0,2,0,f9daacfd-6043-4174-8af9-8936763acfd7,169KS,,0,0,1592923555985,0,0
plugin_ios_activity_recognition,"[""stationary""]",0,2,0,f9daacfd-6043-4174-8af9-8936763acfd7,169KS,,0,1,1592923564267,0,0
plugin_ios_activity_recognition,,0,2,0,f9daacfd-6043-4174-8af9-8936763acfd7,169KS,,0,0,1592923588635,0,0
plugin_ios_activity_recognition,,0,2,0,f9daacfd-6043-4174-8af9-8936763acfd7,169KS,,0,0,1592923590927,0,0
plugin_ios_activity_recognition,"[""walking""]",0,1,0,f9daacfd-6043-4174-8af9-8936763acfd7,169KS,,0,0,1592923593145,0,1
plugin_ios_activity_recognition,"[""walking""]",0,2,0,f9daacfd-6043-4174-8af9-8936763acfd7,169KS,,0,0,1592923598251,0,1
plugin_ios_activity_recognition,"[""stationary""]",0,2,0,f9daacfd-6043-4174-8af9-8936763acfd7,169KS,,0,1,1592923608101,0,0
plugin_ios_activity_recognition,"[""walking""]",0,2,0,f9daacfd-6043-4174-8af9-8936763acfd7,169KS,,0,0,1592923618008,0,1
plugin_ios_activity_recognition,"[""stationary""]",0,2,0,f9daacfd-6043-4174-8af9-8936763acfd7,169KS,,0,1,1592923621518,0,0
plugin_ios_activity_recognition,"[""walking""]",0,2,0,f9daacfd-6043-4174-8af9-8936763acfd7,169KS,,0,0,1592923647476,0,1
plugin_ios_activity_recognition,"[""walking""]",0,2,0,f9daacfd-6043-4174-8af9-8936763acfd7,169KS,,0,0,1592923650928,0,1
plugin_ios_activity_recognition,,0,2,0,f9daacfd-6043-4174-8af9-8936763acfd7,169KS,,0,0,1592923654541,0,0
plugin_ios_activity_recognition,,0,2,0,f9daacfd-6043-4174-8af9-8936763acfd7,169KS,,0,0,1592923710935,0,0
plugin_ios_activity_recognition,"[""stationary""]",0,2,0,f9daacfd-6043-4174-8af9-8936763acfd7,169KS,,0,1,1592923756277,0,0
plugin_ios_activity_recognition,,0,2,0,f9daacfd-6043-4174-8af9-8936763acfd7,169KS,,0,0,1592923763617,0,0
plugin_ios_activity_recognition,,0,2,0,f9daacfd-6043-4174-8af9-8936763acfd7,169KS,,0,0,1592923770939,0,0
plugin_ios_activity_recognition,,0,2,0,f9daacfd-6043-4174-8af9-8936763acfd7,169KS,,0,0,1592923830938,0,0
plugin_ios_activity_recognition,"[""stationary""]",0,2,0,f9daacfd-6043-4174-8af9-8936763acfd7,169KS,,0,1,1592923842414,0,0
plugin_ios_activity_recognition,,0,2,0,f9daacfd-6043-4174-8af9-8936763acfd7,169KS,,0,0,1592923845949,0,0
plugin_ios_activity_recognition,"[""stationary""]",0,2,0,f9daacfd-6043-4174-8af9-8936763acfd7,169KS,,0,1,1592923868566,0,0
plugin_ios_activity_recognition,"[""stationary""]",0,2,0,f9daacfd-6043-4174-8af9-8936763acfd7,169KS,,0,1,1592923890939,0,0
plugin_ios_activity_recognition,,0,2,0,f9daacfd-6043-4174-8af9-8936763acfd7,169KS,,0,0,1592923901753,0,0
plugin_ios_activity_recognition,"[""stationary""]",0,2,0,f9daacfd-6043-4174-8af9-8936763acfd7,169KS,,0,1,1592923911955,0,0
plugin_ios_activity_recognition,,0,2,0,f9daacfd-6043-4174-8af9-8936763acfd7,169KS,,0,0,1592923918336,0,0
plugin_ios_activity_recognition,"[""stationary""]",0,2,0,f9daacfd-6043-4174-8af9-8936763acfd7,169KS,,0,1,1592923928867,0,0
plugin_ios_activity_recognition,,0,2,0,f9daacfd-6043-4174-8af9-8936763acfd7,169KS,,0,0,1592923931100,0,0
plugin_ios_activity_recognition,"[""stationary""]",0,2,0,f9daacfd-6043-4174-8af9-8936763acfd7,169KS,,0,1,1592923936515,0,0
plugin_ios_activity_recognition,,0,2,0,f9daacfd-6043-4174-8af9-8936763acfd7,169KS,,0,0,1592923940982,0,0
plugin_ios_activity_recognition,"[""stationary""]",0,2,0,f9daacfd-6043-4174-8af9-8936763acfd7,169KS,,0,1,1592923947046,0,0
plugin_ios_activity_recognition,"[""stationary""]",0,2,0,f9daacfd-6043-4174-8af9-8936763acfd7,169KS,,0,1,1592923951028,0,0
plugin_ios_activity_recognition,,0,2,0,f9daacfd-6043-4174-8af9-8936763acfd7,169KS,,0,0,1592923954704,0,0
plugin_ios_activity_recognition,"[""stationary""]",0,2,0,f9daacfd-6043-4174-8af9-8936763acfd7,169KS,,0,1,1592923960804,0,0
plugin_ios_activity_recognition,,0,2,0,f9daacfd-6043-4174-8af9-8936763acfd7,169KS,,0,0,1592923966510,0,0
plugin_ios_activity_recognition,"[""walking""]",0,1,0,f9daacfd-6043-4174-8af9-8936763acfd7,169KS,,0,0,1592923971025,0,1
plugin_ios_activity_recognition,"[""walking""]",0,2,0,f9daacfd-6043-4174-8af9-8936763acfd7,169KS,,0,0,1592923976128,0,1
plugin_ios_activity_recognition,"[""stationary""]",0,2,0,f9daacfd-6043-4174-8af9-8936763acfd7,169KS,,0,1,1592923986928,0,0
plugin_ios_activity_recognition,"[""stationary""]",0,2,0,f9daacfd-6043-4174-8af9-8936763acfd7,169KS,,0,1,1592924010939,0,0
plugin_ios_activity_recognition,"[""walking""]",0,2,0,f9daacfd-6043-4174-8af9-8936763acfd7,169KS,,0,0,1592924012425,0,1
plugin_ios_activity_recognition,"[""stationary""]",0,2,0,f9daacfd-6043-4174-8af9-8936763acfd7,169KS,,0,1,1592924016559,0,0
plugin_ios_activity_recognition,"[""stationary""]",0,2,0,f9daacfd-6043-4174-8af9-8936763acfd7,169KS,,0,1,1592924070938,0,0
plugin_ios_activity_recognition,,0,2,0,f9daacfd-6043-4174-8af9-8936763acfd7,169KS,,0,0,1592924073347,0,0
plugin_ios_activity_recognition,"[""stationary""]",0,2,0,f9daacfd-6043-4174-8af9-8936763acfd7,169KS,,0,1,1592924089296,0,0
plugin_ios_activity_recognition,,0,2,0,f9daacfd-6043-4174-8af9-8936763acfd7,169KS,,0,0,1592924092801,0,0
plugin_ios_activity_recognition,"[""stationary""]",0,2,0,f9daacfd-6043-4174-8af9-8936763acfd7,169KS,,0,1,1592924105859,0,0
plugin_ios_activity_recognition,,0,2,0,f9daacfd-6043-4174-8af9-8936763acfd7,169KS,,0,0,1592924116068,0,0
plugin_ios_activity_recognition,,0,2,0,f9daacfd-6043-4174-8af9-8936763acfd7,169KS,,0,0,1592924130940,0,0
plugin_ios_activity_recognition,"[""stationary""]",0,2,0,f9daacfd-6043-4174-8af9-8936763acfd7,169KS,,0,1,1592924143541,0,0
plugin_ios_activity_recognition,,0,2,0,f9daacfd-6043-4174-8af9-8936763acfd7,169KS,,0,0,1592924174605,0,0
plugin_ios_activity_recognition,"[""stationary""]",0,2,0,f9daacfd-6043-4174-8af9-8936763acfd7,169KS,,0,1,1592924178110,0,0
plugin_ios_activity_recognition,"[""stationary""]",0,2,0,f9daacfd-6043-4174-8af9-8936763acfd7,169KS,,0,1,1592924190940,0,0
plugin_ios_activity_recognition,,0,2,0,f9daacfd-6043-4174-8af9-8936763acfd7,169KS,,0,0,1592924202789,0,0
plugin_ios_activity_recognition,"[""stationary""]",0,2,0,f9daacfd-6043-4174-8af9-8936763acfd7,169KS,,0,1,1592924233714,0,0
plugin_ios_activity_recognition,"[""stationary""]",0,2,0,f9daacfd-6043-4174-8af9-8936763acfd7,169KS,,0,1,1592924250936,0,0
plugin_ios_activity_recognition,,0,2,0,f9daacfd-6043-4174-8af9-8936763acfd7,169KS,,0,0,1592924296124,0,0
plugin_ios_activity_recognition,"[""stationary""]",0,2,0,f9daacfd-6043-4174-8af9-8936763acfd7,169KS,,0,1,1592924301544,0,0
plugin_ios_activity_recognition,"[""stationary""]",0,2,0,f9daacfd-6043-4174-8af9-8936763acfd7,169KS,,0,1,1592924310938,0,0
plugin_ios_activity_recognition,,0,2,0,f9daacfd-6043-4174-8af9-8936763acfd7,169KS,,0,0,1592924328785,0,0
plugin_ios_activity_recognition,"[""stationary""]",0,2,0,f9daacfd-6043-4174-8af9-8936763acfd7,169KS,,0,1,1592924358754,0,0
plugin_ios_activity_recognition,"[""stationary""]",0,2,0,f9daacfd-6043-4174-8af9-8936763acfd7,169KS,,0,1,1592924370941,0,0
plugin_ios_activity_recognition,,0,2,0,f9daacfd-6043-4174-8af9-8936763acfd7,169KS,,0,0,1592924394470,0,0
plugin_ios_activity_recognition,,0,2,0,f9daacfd-6043-4174-8af9-8936763acfd7,169KS,,0,0,1592924430938,0,0
plugin_ios_activity_recognition,"[""stationary""]",0,2,0,f9daacfd-6043-4174-8af9-8936763acfd7,169KS,,0,1,1592924487320,0,0
plugin_ios_activity_recognition,"[""stationary""]",0,2,0,f9daacfd-6043-4174-8af9-8936763acfd7,169KS,,0,1,1592924490940,0,0
plugin_ios_activity_recognition,,0,2,0,f9daacfd-6043-4174-8af9-8936763acfd7,169KS,,0,0,1592924496255,0,0
plugin_ios_activity_recognition,"[""stationary""]",0,2,0,f9daacfd-6043-4174-8af9-8936763acfd7,169KS,,0,1,1592924502627,0,0
plugin_ios_activity_recognition,,0,2,0,f9daacfd-6043-4174-8af9-8936763acfd7,169KS,,0,0,1592924519858,0,0
plugin_ios_activity_recognition,"[""stationary""]",0,2,0,f9daacfd-6043-4174-8af9-8936763acfd7,169KS,,0,1,1592924524325,0,0
plugin_ios_activity_recognition,,0,2,0,f9daacfd-6043-4174-8af9-8936763acfd7,169KS,,0,0,1592924526878,0,0
plugin_ios_activity_recognition,"[""stationary""]",0,2,0,f9daacfd-6043-4174-8af9-8936763acfd7,169KS,,0,1,1592924530426,0,0
plugin_ios_activity_recognition,,0,2,0,f9daacfd-6043-4174-8af9-8936763acfd7,169KS,,0,0,1592924547615,0,0
plugin_ios_activity_recognition,,0,2,0,f9daacfd-6043-4174-8af9-8936763acfd7,169KS,,0,0,1592924550938,0,0
plugin_ios_activity_recognition,"[""stationary""]",0,2,0,f9daacfd-6043-4174-8af9-8936763acfd7,169KS,,0,1,1592924577925,0,0
plugin_ios_activity_recognition,,0,2,0,f9daacfd-6043-4174-8af9-8936763acfd7,169KS,,0,0,1592924578563,0,0
plugin_ios_activity_recognition,,0,2,0,f9daacfd-6043-4174-8af9-8936763acfd7,169KS,,0,0,1592924610938,0,0
plugin_ios_activity_recognition,"[""stationary""]",0,2,0,f9daacfd-6043-4174-8af9-8936763acfd7,169KS,,0,1,1592924614608,0,0
plugin_ios_activity_recognition,,0,2,0,f9daacfd-6043-4174-8af9-8936763acfd7,169KS,,0,0,1592924627963,0,0
plugin_ios_activity_recognition,,0,2,0,f9daacfd-6043-4174-8af9-8936763acfd7,169KS,,0,0,1592924671024,0,0
plugin_ios_activity_recognition,"[""stationary""]",0,2,0,f9daacfd-6043-4174-8af9-8936763acfd7,169KS,,0,1,1592924683791,0,0
plugin_ios_activity_recognition,"[""stationary""]",0,2,0,f9daacfd-6043-4174-8af9-8936763acfd7,169KS,,0,1,1592924730938,0,0
plugin_ios_activity_recognition,"[""stationary""]",0,2,0,f9daacfd-6043-4174-8af9-8936763acfd7,169KS,supplement,0,1,1592924790938,0,0
plugin_ios_activity_recognition,"[""stationary""]",0,2,0,f9daacfd-6043-4174-8af9-8936763acfd7,169KS,,0,1,1592924790939,0,0
plugin_ios_activity_recognition,,0,2,0,f9daacfd-6043-4174-8af9-8936763acfd7,169KS,,0,0,1592924844757,0,0
plugin_ios_activity_recognition,,0,2,0,f9daacfd-6043-4174-8af9-8936763acfd7,169KS,,0,0,1592924850933,0,0
plugin_ios_activity_recognition,"[""stationary""]",0,2,0,f9daacfd-6043-4174-8af9-8936763acfd7,169KS,supplement,0,1,1592924850938,0,0
plugin_ios_activity_recognition,"[""stationary""]",0,2,0,f9daacfd-6043-4174-8af9-8936763acfd7,169KS,,0,1,1592924854632,0,0
plugin_ios_activity_recognition,,0,2,0,f9daacfd-6043-4174-8af9-8936763acfd7,169KS,,0,0,1592924906033,0,0
plugin_ios_activity_recognition,"[""stationary""]",0,2,0,f9daacfd-6043-4174-8af9-8936763acfd7,169KS,,0,1,1592924910811,0,0
plugin_ios_activity_recognition,"[""stationary""]",0,2,0,f9daacfd-6043-4174-8af9-8936763acfd7,169KS,,0,1,1592924911025,0,0
plugin_ios_activity_recognition,"[""stationary""]",0,2,0,f9daacfd-6043-4174-8af9-8936763acfd7,169KS,,0,1,1592924970939,0,0
plugin_ios_activity_recognition,"[""stationary""]",0,2,0,f9daacfd-6043-4174-8af9-8936763acfd7,169KS,supplement,0,1,1592925030939,0,0
plugin_ios_activity_recognition,"[""stationary""]",0,2,0,f9daacfd-6043-4174-8af9-8936763acfd7,169KS,,0,1,1592925030940,0,0
plugin_ios_activity_recognition,,0,2,0,f9daacfd-6043-4174-8af9-8936763acfd7,169KS,,0,0,1592925081396,0,0
plugin_ios_activity_recognition,"[""stationary""]",0,2,0,f9daacfd-6043-4174-8af9-8936763acfd7,169KS,,0,1,1592925085821,0,0
plugin_ios_activity_recognition,"[""stationary""]",0,2,0,f9daacfd-6043-4174-8af9-8936763acfd7,169KS,supplement,0,1,1592925090939,0,0
plugin_ios_activity_recognition,"[""stationary""]",0,2,0,f9daacfd-6043-4174-8af9-8936763acfd7,169KS,supplement,0,1,1592925150938,0,0
plugin_ios_activity_recognition,"[""stationary""]",0,2,0,f9daacfd-6043-4174-8af9-8936763acfd7,169KS,,0,1,1592925151033,0,0
plugin_ios_activity_recognition,,0,2,0,f9daacfd-6043-4174-8af9-8936763acfd7,169KS,,0,0,1592925199211,0,0
plugin_ios_activity_recognition,"[""stationary""]",0,2,0,f9daacfd-6043-4174-8af9-8936763acfd7,169KS,supplement,0,1,1592925210938,0,0
plugin_ios_activity_recognition,,0,2,0,f9daacfd-6043-4174-8af9-8936763acfd7,169KS,,0,0,1592925210941,0,0
plugin_ios_activity_recognition,"[""stationary""]",0,2,0,f9daacfd-6043-4174-8af9-8936763acfd7,169KS,,0,1,1592925211292,0,0
plugin_ios_activity_recognition,"[""stationary""]",0,2,0,f9daacfd-6043-4174-8af9-8936763acfd7,169KS,,0,1,1592925270937,0,0
plugin_ios_activity_recognition,,0,2,0,f9daacfd-6043-4174-8af9-8936763acfd7,169KS,,0,0,1592925330352,0,0
plugin_ios_activity_recognition,,0,2,0,f9daacfd-6043-4174-8af9-8936763acfd7,169KS,,0,0,1592925330938,0,0
plugin_ios_activity_recognition,"[""stationary""]",0,2,0,f9daacfd-6043-4174-8af9-8936763acfd7,169KS,,0,1,1592925335456,0,0
plugin_ios_activity_recognition,"[""stationary""]",0,2,0,f9daacfd-6043-4174-8af9-8936763acfd7,169KS,,0,1,1592925390951,0,0
plugin_ios_activity_recognition,"[""stationary""]",0,2,0,f9daacfd-6043-4174-8af9-8936763acfd7,169KS,,0,1,1592925450933,0,0
plugin_ios_activity_recognition,,0,2,0,f9daacfd-6043-4174-8af9-8936763acfd7,169KS,,0,0,1592925459066,0,0
plugin_ios_activity_recognition,"[""stationary""]",0,2,0,f9daacfd-6043-4174-8af9-8936763acfd7,169KS,,0,1,1592925474372,0,0
plugin_ios_activity_recognition,,0,2,0,f9daacfd-6043-4174-8af9-8936763acfd7,169KS,,0,0,1592925476276,0,0
plugin_ios_activity_recognition,"[""stationary""]",0,2,0,f9daacfd-6043-4174-8af9-8936763acfd7,169KS,,0,1,1592925480100,0,0
plugin_ios_activity_recognition,"[""stationary""]",0,2,0,f9daacfd-6043-4174-8af9-8936763acfd7,169KS,,0,1,1592925510940,0,0
plugin_ios_activity_recognition,"[""stationary""]",0,2,0,f9daacfd-6043-4174-8af9-8936763acfd7,169KS,supplement,0,1,1592925570940,0,0
plugin_ios_activity_recognition,"[""stationary""]",0,2,0,f9daacfd-6043-4174-8af9-8936763acfd7,169KS,,0,1,1592925570941,0,0
plugin_ios_activity_recognition,"[""stationary""]",0,2,0,f9daacfd-6043-4174-8af9-8936763acfd7,169KS,supplement,0,1,1592925630940,0,0
plugin_ios_activity_recognition,"[""stationary""]",0,2,0,f9daacfd-6043-4174-8af9-8936763acfd7,169KS,supplement,0,1,1592925630941,0,0
plugin_ios_activity_recognition,"[""stationary""]",0,2,0,f9daacfd-6043-4174-8af9-8936763acfd7,169KS,,0,1,1592925630974,0,0
plugin_ios_activity_recognition,"[""stationary""]",0,2,0,f9daacfd-6043-4174-8af9-8936763acfd7,169KS,,0,1,1592925690935,0,0
plugin_ios_activity_recognition,"[""stationary""]",0,2,0,f9daacfd-6043-4174-8af9-8936763acfd7,169KS,supplement,0,1,1592925690941,0,0
plugin_ios_activity_recognition,"[""stationary""]",0,2,0,f9daacfd-6043-4174-8af9-8936763acfd7,169KS,supplement,0,1,1592925750935,0,0
plugin_ios_activity_recognition,"[""stationary""]",0,2,0,f9daacfd-6043-4174-8af9-8936763acfd7,169KS,,0,1,1592925750940,0,0
plugin_ios_activity_recognition,"[""stationary""]",0,2,0,f9daacfd-6043-4174-8af9-8936763acfd7,169KS,supplement,0,1,1592925810935,0,0
plugin_ios_activity_recognition,"[""stationary""]",0,2,0,f9daacfd-6043-4174-8af9-8936763acfd7,169KS,,0,1,1592925810939,0,0
plugin_ios_activity_recognition,,0,2,0,f9daacfd-6043-4174-8af9-8936763acfd7,169KS,,0,0,1592925826430,0,0
plugin_ios_activity_recognition,"[""stationary""]",0,2,0,f9daacfd-6043-4174-8af9-8936763acfd7,169KS,,0,1,1592925841737,0,0
plugin_ios_activity_recognition,"[""stationary""]",0,2,0,f9daacfd-6043-4174-8af9-8936763acfd7,169KS,,0,1,1592925871037,0,0
plugin_ios_activity_recognition,"[""stationary""]",0,2,0,f9daacfd-6043-4174-8af9-8936763acfd7,169KS,,0,1,1592925930940,0,0
plugin_ios_activity_recognition,"[""stationary""]",0,2,0,f9daacfd-6043-4174-8af9-8936763acfd7,169KS,,0,1,1592925990939,0,0
plugin_ios_activity_recognition,,0,2,0,f9daacfd-6043-4174-8af9-8936763acfd7,169KS,,0,0,1592926037550,0,0
plugin_ios_activity_recognition,"[""stationary""]",0,2,0,f9daacfd-6043-4174-8af9-8936763acfd7,169KS,,0,1,1592926041373,0,0
plugin_ios_activity_recognition,"[""stationary""]",0,2,0,f9daacfd-6043-4174-8af9-8936763acfd7,169KS,,0,1,1592926050939,0,0
plugin_ios_activity_recognition,"[""stationary""]",0,2,0,f9daacfd-6043-4174-8af9-8936763acfd7,169KS,supplement,0,1,1592926110939,0,0
plugin_ios_activity_recognition,"[""stationary""]",0,2,0,f9daacfd-6043-4174-8af9-8936763acfd7,169KS,,0,1,1592926110946,0,0
plugin_ios_activity_recognition,"[""stationary""]",0,2,0,f9daacfd-6043-4174-8af9-8936763acfd7,169KS,supplement,0,1,1592926170939,0,0
plugin_ios_activity_recognition,"[""stationary""]",0,2,0,f9daacfd-6043-4174-8af9-8936763acfd7,169KS,,0,1,1592926170940,0,0
plugin_ios_activity_recognition,"[""stationary""]",0,2,0,f9daacfd-6043-4174-8af9-8936763acfd7,169KS,,0,1,1592926230936,0,0
plugin_ios_activity_recognition,,0,2,0,f9daacfd-6043-4174-8af9-8936763acfd7,169KS,,0,0,1592926236543,0,0
plugin_ios_activity_recognition,"[""stationary""]",0,2,0,f9daacfd-6043-4174-8af9-8936763acfd7,169KS,,0,1,1592926242561,0,0
plugin_ios_activity_recognition,,0,2,0,f9daacfd-6043-4174-8af9-8936763acfd7,169KS,,0,0,1592926255663,0,0
plugin_ios_activity_recognition,"[""stationary""]",0,2,0,f9daacfd-6043-4174-8af9-8936763acfd7,169KS,,0,1,1592926262353,0,0
plugin_ios_activity_recognition,"[""stationary""]",0,2,0,f9daacfd-6043-4174-8af9-8936763acfd7,169KS,,0,1,1592926290940,0,0
plugin_ios_activity_recognition,,0,2,0,f9daacfd-6043-4174-8af9-8936763acfd7,169KS,,0,0,1592926306742,0,0
plugin_ios_activity_recognition,"[""stationary""]",0,2,0,f9daacfd-6043-4174-8af9-8936763acfd7,169KS,,0,1,1592926341809,0,0
plugin_ios_activity_recognition,"[""stationary""]",0,2,0,f9daacfd-6043-4174-8af9-8936763acfd7,169KS,,0,1,1592926351034,0,0
plugin_ios_activity_recognition,,0,2,0,f9daacfd-6043-4174-8af9-8936763acfd7,169KS,,0,0,1592926354879,0,0
plugin_ios_activity_recognition,"[""walking""]",0,2,0,f9daacfd-6043-4174-8af9-8936763acfd7,169KS,,0,0,1592926402454,0,1
plugin_ios_activity_recognition,"[""walking""]",0,2,0,f9daacfd-6043-4174-8af9-8936763acfd7,169KS,,0,0,1592926410930,0,1
plugin_ios_activity_recognition,"[""stationary""]",0,2,0,f9daacfd-6043-4174-8af9-8936763acfd7,169KS,,0,1,1592926434641,0,0
plugin_ios_activity_recognition,"[""stationary""]",0,2,0,f9daacfd-6043-4174-8af9-8936763acfd7,169KS,,0,1,1592926470935,0,0
plugin_ios_activity_recognition,"[""stationary""]",0,2,0,f9daacfd-6043-4174-8af9-8936763acfd7,169KS,supplement,0,1,1592926530935,0,0
plugin_ios_activity_recognition,"[""stationary""]",0,2,0,f9daacfd-6043-4174-8af9-8936763acfd7,169KS,,0,1,1592926530938,0,0
plugin_ios_activity_recognition,"[""stationary""]",0,2,0,f9daacfd-6043-4174-8af9-8936763acfd7,169KS,,0,1,1592926590934,0,0
plugin_ios_activity_recognition,"[""stationary""]",0,2,0,f9daacfd-6043-4174-8af9-8936763acfd7,169KS,supplement,0,1,1592926590935,0,0
plugin_ios_activity_recognition,"[""stationary""]",0,2,0,f9daacfd-6043-4174-8af9-8936763acfd7,169KS,,0,1,1592926650933,0,0
plugin_ios_activity_recognition,"[""stationary""]",0,2,0,f9daacfd-6043-4174-8af9-8936763acfd7,169KS,,0,1,1592926710932,0,0
plugin_ios_activity_recognition,"[""stationary""]",0,2,0,f9daacfd-6043-4174-8af9-8936763acfd7,169KS,supplement,0,1,1592926770932,0,0
plugin_ios_activity_recognition,,0,2,0,f9daacfd-6043-4174-8af9-8936763acfd7,169KS,,0,0,1592926830725,0,0
plugin_ios_activity_recognition,"[""stationary""]",0,2,0,f9daacfd-6043-4174-8af9-8936763acfd7,169KS,supplement,0,1,1592926830932,0,0
plugin_ios_activity_recognition,,0,2,0,f9daacfd-6043-4174-8af9-8936763acfd7,169KS,,0,0,1592926831014,0,0
plugin_ios_activity_recognition,"[""walking""]",0,1,0,f9daacfd-6043-4174-8af9-8936763acfd7,169KS,,0,0,1592926835834,0,1
plugin_ios_activity_recognition,"[""walking""]",0,2,0,f9daacfd-6043-4174-8af9-8936763acfd7,169KS,,0,0,1592926843493,0,1
plugin_ios_activity_recognition,"[""stationary""]",0,2,0,f9daacfd-6043-4174-8af9-8936763acfd7,169KS,,0,1,1592926886877,0,0
plugin_ios_activity_recognition,"[""stationary""]",0,2,0,f9daacfd-6043-4174-8af9-8936763acfd7,169KS,,0,1,1592926890931,0,0
plugin_ios_activity_recognition,"[""walking""]",0,2,0,f9daacfd-6043-4174-8af9-8936763acfd7,169KS,,0,0,1592926906634,0,1
plugin_ios_activity_recognition,,0,2,0,f9daacfd-6043-4174-8af9-8936763acfd7,169KS,,0,0,1592926940485,0,0
plugin_ios_activity_recognition,,0,2,0,f9daacfd-6043-4174-8af9-8936763acfd7,169KS,,0,0,1592926950935,0,0
plugin_ios_activity_recognition,"[""stationary""]",0,2,0,f9daacfd-6043-4174-8af9-8936763acfd7,169KS,,0,1,1592926964050,0,0
plugin_ios_activity_recognition,,0,2,0,f9daacfd-6043-4174-8af9-8936763acfd7,169KS,,0,0,1592926966917,0,0
plugin_ios_activity_recognition,,0,2,0,f9daacfd-6043-4174-8af9-8936763acfd7,169KS,,0,0,1592927011010,0,0
plugin_ios_activity_recognition,,0,2,0,f9daacfd-6043-4174-8af9-8936763acfd7,169KS,supplement,0,0,1592927071010,0,0
plugin_ios_activity_recognition,,0,2,0,f9daacfd-6043-4174-8af9-8936763acfd7,169KS,,0,0,1592927071015,0,0
plugin_ios_activity_recognition,"[""stationary""]",0,2,0,f9daacfd-6043-4174-8af9-8936763acfd7,169KS,,0,1,1592927076055,0,0
plugin_ios_activity_recognition,,0,2,0,f9daacfd-6043-4174-8af9-8936763acfd7,169KS,,0,0,1592927098738,0,0
plugin_ios_activity_recognition,"[""walking""]",0,1,0,f9daacfd-6043-4174-8af9-8936763acfd7,169KS,,0,0,1592927108953,0,1
plugin_ios_activity_recognition,"[""walking""]",0,2,0,f9daacfd-6043-4174-8af9-8936763acfd7,169KS,,0,0,1592927124277,0,1
plugin_ios_activity_recognition,"[""walking""]",0,2,0,f9daacfd-6043-4174-8af9-8936763acfd7,169KS,,0,0,1592927130928,0,1
plugin_ios_activity_recognition,,0,2,0,f9daacfd-6043-4174-8af9-8936763acfd7,169KS,supplement,0,0,1592927131010,0,0
plugin_ios_activity_recognition,,0,2,0,f9daacfd-6043-4174-8af9-8936763acfd7,169KS,,0,0,1592927190641,0,0
plugin_ios_activity_recognition,,0,2,0,f9daacfd-6043-4174-8af9-8936763acfd7,169KS,,0,0,1592927190930,0,0
plugin_ios_activity_recognition,"[""stationary""]",0,2,0,f9daacfd-6043-4174-8af9-8936763acfd7,169KS,,0,1,1592927229839,0,0
plugin_ios_activity_recognition,,0,2,0,f9daacfd-6043-4174-8af9-8936763acfd7,169KS,,0,0,1592927232067,0,0
plugin_ios_activity_recognition,"[""stationary""]",0,2,0,f9daacfd-6043-4174-8af9-8936763acfd7,169KS,,0,1,1592927238763,0,0
plugin_ios_activity_recognition,,0,2,0,f9daacfd-6043-4174-8af9-8936763acfd7,169KS,,0,0,1592927240992,0,0
plugin_ios_activity_recognition,,0,2,0,f9daacfd-6043-4174-8af9-8936763acfd7,169KS,,0,0,1592927250936,0,0
plugin_ios_activity_recognition,,0,2,0,f9daacfd-6043-4174-8af9-8936763acfd7,169KS,supplement,0,0,1592927310936,0,0
plugin_ios_activity_recognition,,0,2,0,f9daacfd-6043-4174-8af9-8936763acfd7,169KS,,0,0,1592927311009,0,0
plugin_ios_activity_recognition,,0,2,0,f9daacfd-6043-4174-8af9-8936763acfd7,169KS,supplement,0,0,1592927370936,0,0
plugin_ios_activity_recognition,,0,2,0,f9daacfd-6043-4174-8af9-8936763acfd7,169KS,,0,0,1592927370953,0,0
plugin_ios_activity_recognition,"[""stationary""]",0,2,0,f9daacfd-6043-4174-8af9-8936763acfd7,169KS,,0,1,1592927409388,0,0
plugin_ios_activity_recognition,,0,2,0,f9daacfd-6043-4174-8af9-8936763acfd7,169KS,,0,0,1592927411931,0,0
plugin_ios_activity_recognition,,0,2,0,f9daacfd-6043-4174-8af9-8936763acfd7,169KS,,0,0,1592927430921,0,0
plugin_ios_activity_recognition,"[""stationary""]",0,2,0,f9daacfd-6043-4174-8af9-8936763acfd7,169KS,,0,1,1592927479871,0,0
plugin_ios_activity_recognition,,0,2,0,f9daacfd-6043-4174-8af9-8936763acfd7,169KS,,0,0,1592927484319,0,0
plugin_ios_activity_recognition,,0,2,0,f9daacfd-6043-4174-8af9-8936763acfd7,169KS,,0,0,1592927490925,0,0
plugin_ios_activity_recognition,,0,2,0,f9daacfd-6043-4174-8af9-8936763acfd7,169KS,supplement,0,0,1592927550925,0,0
plugin_ios_activity_recognition,,0,2,0,f9daacfd-6043-4174-8af9-8936763acfd7,169KS,,0,0,1592927551023,0,0
plugin_ios_activity_recognition,,0,2,0,f9daacfd-6043-4174-8af9-8936763acfd7,169KS,supplement,0,0,1592927610925,0,0
plugin_ios_activity_recognition,,0,2,0,f9daacfd-6043-4174-8af9-8936763acfd7,169KS,,0,0,1592927610933,0,0
plugin_ios_activity_recognition,"[""walking""]",0,1,0,f9daacfd-6043-4174-8af9-8936763acfd7,169KS,,0,0,1592927654952,0,1
plugin_ios_activity_recognition,"[""walking""]",0,2,0,f9daacfd-6043-4174-8af9-8936763acfd7,169KS,,0,0,1592927657504,0,1
plugin_ios_activity_recognition,"[""walking""]",0,2,0,f9daacfd-6043-4174-8af9-8936763acfd7,169KS,,0,0,1592927670928,0,1
plugin_ios_activity_recognition,,0,2,0,f9daacfd-6043-4174-8af9-8936763acfd7,169KS,,0,0,1592927708567,0,0
plugin_ios_activity_recognition,,0,2,0,f9daacfd-6043-4174-8af9-8936763acfd7,169KS,,0,0,1592927730932,0,0
plugin_ios_activity_recognition,"[""stationary""]",0,2,0,f9daacfd-6043-4174-8af9-8936763acfd7,169KS,,0,1,1592927733096,0,0
plugin_ios_activity_recognition,,0,2,0,f9daacfd-6043-4174-8af9-8936763acfd7,169KS,,0,0,1592927737564,0,0
plugin_ios_activity_recognition,,0,2,0,f9daacfd-6043-4174-8af9-8936763acfd7,169KS,,0,0,1592927791006,0,0
plugin_ios_activity_recognition,"[""automotive""]",1,2,0,f9daacfd-6043-4174-8af9-8936763acfd7,169KS,,0,0,1592927838776,0,0
plugin_ios_activity_recognition,"[""automotive""]",1,2,0,f9daacfd-6043-4174-8af9-8936763acfd7,169KS,,0,0,1592927848996,0,0
plugin_ios_activity_recognition,"[""automotive""]",1,2,0,f9daacfd-6043-4174-8af9-8936763acfd7,169KS,,0,0,1592927850932,0,0
plugin_ios_activity_recognition,"[""automotive""]",1,2,0,f9daacfd-6043-4174-8af9-8936763acfd7,169KS,,0,0,1592927856655,0,0
plugin_ios_activity_recognition,"[""automotive""]",1,2,0,f9daacfd-6043-4174-8af9-8936763acfd7,169KS,,0,0,1592927889845,0,0
plugin_ios_activity_recognition,"[""automotive""]",1,2,0,f9daacfd-6043-4174-8af9-8936763acfd7,169KS,,0,0,1592927910932,0,0
plugin_ios_activity_recognition,"[""automotive""]",1,2,0,f9daacfd-6043-4174-8af9-8936763acfd7,169KS,,0,0,1592927917930,0,0
plugin_ios_activity_recognition,"[""automotive""]",1,2,0,f9daacfd-6043-4174-8af9-8936763acfd7,169KS,,0,0,1592927970939,0,0
plugin_ios_activity_recognition,"[""stationary"",""automotive""]",1,2,0,f9daacfd-6043-4174-8af9-8936763acfd7,169KS,,0,1,1592928006620,0,0
plugin_ios_activity_recognition,"[""automotive""]",1,2,0,f9daacfd-6043-4174-8af9-8936763acfd7,169KS,,0,0,1592928013323,0,0
plugin_ios_activity_recognition,"[""stationary"",""automotive""]",1,2,0,f9daacfd-6043-4174-8af9-8936763acfd7,169KS,,0,1,1592928024493,0,0
plugin_ios_activity_recognition,"[""stationary"",""automotive""]",1,2,0,f9daacfd-6043-4174-8af9-8936763acfd7,169KS,,0,1,1592928030933,0,0
plugin_ios_activity_recognition,"[""automotive""]",1,2,0,f9daacfd-6043-4174-8af9-8936763acfd7,169KS,,0,0,1592928047152,0,0
plugin_ios_activity_recognition,,0,2,0,f9daacfd-6043-4174-8af9-8936763acfd7,169KS,,0,0,1592928073680,0,0
plugin_ios_activity_recognition,"[""walking""]",0,2,0,f9daacfd-6043-4174-8af9-8936763acfd7,169KS,,0,0,1592928076233,0,1
plugin_ios_activity_recognition,"[""walking""]",0,2,0,f9daacfd-6043-4174-8af9-8936763acfd7,169KS,,0,0,1592928090923,0,1
plugin_ios_activity_recognition,,0,2,0,f9daacfd-6043-4174-8af9-8936763acfd7,169KS,,0,0,1592928129854,0,0
plugin_ios_activity_recognition,,0,2,0,f9daacfd-6043-4174-8af9-8936763acfd7,169KS,,0,0,1592928150932,0,0
plugin_ios_activity_recognition,,0,2,0,f9daacfd-6043-4174-8af9-8936763acfd7,169KS,,0,0,1592928210928,0,0
plugin_ios_activity_recognition,,0,2,0,f9daacfd-6043-4174-8af9-8936763acfd7,169KS,supplement,0,0,1592928270928,0,0
plugin_ios_activity_recognition,,0,2,0,f9daacfd-6043-4174-8af9-8936763acfd7,169KS,,0,0,1592928271023,0,0
plugin_ios_activity_recognition,,0,2,0,f9daacfd-6043-4174-8af9-8936763acfd7,169KS,,0,0,1592928330926,0,0
plugin_ios_activity_recognition,,0,2,0,f9daacfd-6043-4174-8af9-8936763acfd7,169KS,supplement,0,0,1592928330928,0,0
plugin_ios_activity_recognition,,0,2,0,f9daacfd-6043-4174-8af9-8936763acfd7,169KS,supplement,0,0,1592928390926,0,0
plugin_ios_activity_recognition,,0,2,0,f9daacfd-6043-4174-8af9-8936763acfd7,169KS,,0,0,1592928390929,0,0
plugin_ios_activity_recognition,"[""automotive""]",1,2,0,f9daacfd-6043-4174-8af9-8936763acfd7,169KS,,0,0,1592928433665,0,0
plugin_ios_activity_recognition,,0,2,0,f9daacfd-6043-4174-8af9-8936763acfd7,169KS,supplement,0,0,1592928450926,0,0
plugin_ios_activity_recognition,"[""automotive""]",1,2,0,f9daacfd-6043-4174-8af9-8936763acfd7,169KS,,0,0,1592928450929,0,0
plugin_ios_activity_recognition,"[""automotive""]",1,2,0,f9daacfd-6043-4174-8af9-8936763acfd7,169KS,,0,0,1592928469687,0,0
plugin_ios_activity_recognition,"[""stationary"",""automotive""]",1,2,0,f9daacfd-6043-4174-8af9-8936763acfd7,169KS,,0,1,1592928477064,0,0
plugin_ios_activity_recognition,"[""automotive""]",1,2,0,f9daacfd-6043-4174-8af9-8936763acfd7,169KS,,0,0,1592928487877,0,0
plugin_ios_activity_recognition,"[""automotive""]",1,2,0,f9daacfd-6043-4174-8af9-8936763acfd7,169KS,,0,0,1592928511020,0,0
plugin_ios_activity_recognition,"[""stationary"",""automotive""]",1,2,0,f9daacfd-6043-4174-8af9-8936763acfd7,169KS,,0,1,1592928553941,0,0
plugin_ios_activity_recognition,"[""automotive""]",1,2,0,f9daacfd-6043-4174-8af9-8936763acfd7,169KS,,0,0,1592928565750,0,0
plugin_ios_activity_recognition,"[""stationary"",""automotive""]",1,2,0,f9daacfd-6043-4174-8af9-8936763acfd7,169KS,,0,1,1592928569260,0,0
plugin_ios_activity_recognition,"[""stationary"",""automotive""]",1,2,0,f9daacfd-6043-4174-8af9-8936763acfd7,169KS,,0,1,1592928570931,0,0
plugin_ios_activity_recognition,"[""automotive""]",1,2,0,f9daacfd-6043-4174-8af9-8936763acfd7,169KS,,0,0,1592928580740,0,0
plugin_ios_activity_recognition,"[""stationary"",""automotive""]",1,2,0,f9daacfd-6043-4174-8af9-8936763acfd7,169KS,,0,1,1592928587442,0,0
plugin_ios_activity_recognition,"[""automotive""]",1,2,0,f9daacfd-6043-4174-8af9-8936763acfd7,169KS,,0,0,1592928617760,0,0
plugin_ios_activity_recognition,"[""automotive""]",1,2,0,f9daacfd-6043-4174-8af9-8936763acfd7,169KS,,0,0,1592928630931,0,0
plugin_ios_activity_recognition,"[""automotive""]",1,2,0,f9daacfd-6043-4174-8af9-8936763acfd7,169KS,,0,0,1592928690929,0,0
plugin_ios_activity_recognition,"[""automotive""]",1,2,0,f9daacfd-6043-4174-8af9-8936763acfd7,169KS,,0,0,1592928701735,0,0
plugin_ios_activity_recognition,"[""automotive""]",1,2,0,f9daacfd-6043-4174-8af9-8936763acfd7,169KS,,0,0,1592928745138,0,0
plugin_ios_activity_recognition,"[""automotive""]",1,2,0,f9daacfd-6043-4174-8af9-8936763acfd7,169KS,,0,0,1592928750928,0,0
plugin_ios_activity_recognition,,0,2,0,f9daacfd-6043-4174-8af9-8936763acfd7,169KS,,0,0,1592928778329,0,0
plugin_ios_activity_recognition,"[""stationary""]",0,2,0,f9daacfd-6043-4174-8af9-8936763acfd7,169KS,,0,1,1592928801304,0,0
plugin_ios_activity_recognition,,0,2,0,f9daacfd-6043-4174-8af9-8936763acfd7,169KS,,0,0,1592928803498,0,0
plugin_ios_activity_recognition,,0,2,0,f9daacfd-6043-4174-8af9-8936763acfd7,169KS,,0,0,1592928810936,0,0
plugin_ios_activity_recognition,"[""stationary""]",0,2,0,f9daacfd-6043-4174-8af9-8936763acfd7,169KS,,0,1,1592928837046,0,0
plugin_ios_activity_recognition,,0,2,0,f9daacfd-6043-4174-8af9-8936763acfd7,169KS,,0,0,1592928843391,0,0
plugin_ios_activity_recognition,"[""stationary""]",0,2,0,f9daacfd-6043-4174-8af9-8936763acfd7,169KS,,0,1,1592928858391,0,0
plugin_ios_activity_recognition,"[""stationary""]",0,2,0,f9daacfd-6043-4174-8af9-8936763acfd7,169KS,,0,1,1592928870937,0,0
plugin_ios_activity_recognition,,0,2,0,f9daacfd-6043-4174-8af9-8936763acfd7,169KS,,0,0,1592928871146,0,0
plugin_ios_activity_recognition,,0,2,0,f9daacfd-6043-4174-8af9-8936763acfd7,169KS,,0,0,1592928930937,0,0
plugin_ios_activity_recognition,"[""stationary""]",0,2,0,f9daacfd-6043-4174-8af9-8936763acfd7,169KS,,0,1,1592928975163,0,0
plugin_ios_activity_recognition,,0,2,0,f9daacfd-6043-4174-8af9-8936763acfd7,169KS,,0,0,1592928975482,0,0
plugin_ios_activity_recognition,,0,2,0,f9daacfd-6043-4174-8af9-8936763acfd7,169KS,,0,0,1592928991002,0,0
plugin_ios_activity_recognition,,0,2,0,f9daacfd-6043-4174-8af9-8936763acfd7,169KS,,0,0,1592929050931,0,0
plugin_ios_activity_recognition,,0,2,0,f9daacfd-6043-4174-8af9-8936763acfd7,169KS,supplement,0,0,1592929110931,0,0
plugin_ios_activity_recognition,,0,2,0,f9daacfd-6043-4174-8af9-8936763acfd7,169KS,,0,0,1592929110936,0,0
plugin_ios_activity_recognition,"[""stationary""]",0,2,0,f9daacfd-6043-4174-8af9-8936763acfd7,169KS,,0,1,1592929155050,0,0
plugin_ios_activity_recognition,,0,2,0,f9daacfd-6043-4174-8af9-8936763acfd7,169KS,,0,0,1592929160157,0,0
plugin_ios_activity_recognition,"[""stationary""]",0,2,0,f9daacfd-6043-4174-8af9-8936763acfd7,169KS,,0,1,1592929168795,0,0
plugin_ios_activity_recognition,,0,2,0,f9daacfd-6043-4174-8af9-8936763acfd7,169KS,,0,0,1592929170031,0,0
plugin_ios_activity_recognition,,0,2,0,f9daacfd-6043-4174-8af9-8936763acfd7,169KS,,0,0,1592929170930,0,0
plugin_ios_activity_recognition,,0,2,0,f9daacfd-6043-4174-8af9-8936763acfd7,169KS,supplement,0,0,1592929170931,0,0
plugin_ios_activity_recognition,"[""walking""]",0,1,0,f9daacfd-6043-4174-8af9-8936763acfd7,169KS,,0,0,1592929176456,0,1
plugin_ios_activity_recognition,"[""walking""]",0,2,0,f9daacfd-6043-4174-8af9-8936763acfd7,169KS,,0,0,1592929184115,0,1
plugin_ios_activity_recognition,"[""stationary""]",0,2,0,f9daacfd-6043-4174-8af9-8936763acfd7,169KS,,0,1,1592929222683,0,0
plugin_ios_activity_recognition,"[""stationary""]",0,2,0,f9daacfd-6043-4174-8af9-8936763acfd7,169KS,,0,1,1592929231023,0,0
plugin_ios_activity_recognition,"[""walking""]",0,2,0,f9daacfd-6043-4174-8af9-8936763acfd7,169KS,,0,0,1592929241843,0,1
plugin_ios_activity_recognition,,0,2,0,f9daacfd-6043-4174-8af9-8936763acfd7,169KS,,0,0,1592929268382,0,0
plugin_ios_activity_recognition,,0,2,0,f9daacfd-6043-4174-8af9-8936763acfd7,169KS,,0,0,1592929291024,0,0
plugin_ios_activity_recognition,"[""walking""]",0,2,0,f9daacfd-6043-4174-8af9-8936763acfd7,169KS,,0,0,1592929293918,0,1
plugin_ios_activity_recognition,,0,2,0,f9daacfd-6043-4174-8af9-8936763acfd7,169KS,,0,0,1592929306685,0,0
plugin_ios_activity_recognition,,0,2,0,f9daacfd-6043-4174-8af9-8936763acfd7,169KS,,0,0,1592929351015,0,0
plugin_ios_activity_recognition,"[""automotive""]",1,2,0,f9daacfd-6043-4174-8af9-8936763acfd7,169KS,,0,0,1592929370517,0,0
plugin_ios_activity_recognition,"[""automotive""]",1,2,0,f9daacfd-6043-4174-8af9-8936763acfd7,169KS,,0,0,1592929411008,0,0
plugin_ios_activity_recognition,"[""automotive""]",1,2,0,f9daacfd-6043-4174-8af9-8936763acfd7,169KS,,0,0,1592929471008,0,0
plugin_ios_activity_recognition,"[""automotive""]",1,2,0,f9daacfd-6043-4174-8af9-8936763acfd7,169KS,supplement,0,0,1592929531008,0,0
plugin_ios_activity_recognition,"[""automotive""]",1,2,0,f9daacfd-6043-4174-8af9-8936763acfd7,169KS,,0,0,1592929531020,0,0
plugin_ios_activity_recognition,"[""automotive""]",1,2,0,f9daacfd-6043-4174-8af9-8936763acfd7,169KS,supplement,0,0,1592929591008,0,0
plugin_ios_activity_recognition,"[""automotive""]",1,2,0,f9daacfd-6043-4174-8af9-8936763acfd7,169KS,,0,0,1592929591018,0,0
plugin_ios_activity_recognition,"[""automotive""]",1,2,0,f9daacfd-6043-4174-8af9-8936763acfd7,169KS,supplement,0,0,1592929651018,0,0
plugin_ios_activity_recognition,"[""automotive""]",1,2,0,f9daacfd-6043-4174-8af9-8936763acfd7,169KS,,0,0,1592929651021,0,0
plugin_ios_activity_recognition,"[""automotive""]",1,2,0,f9daacfd-6043-4174-8af9-8936763acfd7,169KS,,0,0,1592929711013,0,0
plugin_ios_activity_recognition,"[""automotive""]",1,2,0,f9daacfd-6043-4174-8af9-8936763acfd7,169KS,supplement,0,0,1592929711018,0,0
plugin_ios_activity_recognition,"[""automotive""]",1,2,0,f9daacfd-6043-4174-8af9-8936763acfd7,169KS,supplement,0,0,1592929771013,0,0
plugin_ios_activity_recognition,"[""automotive""]",1,2,0,f9daacfd-6043-4174-8af9-8936763acfd7,169KS,,0,0,1592929771014,0,0
plugin_ios_activity_recognition,,0,2,0,f9daacfd-6043-4174-8af9-8936763acfd7,169KS,,0,0,1592929812183,0,0
plugin_ios_activity_recognition,"[""walking""]",0,2,0,f9daacfd-6043-4174-8af9-8936763acfd7,169KS,,0,0,1592929814735,0,1
plugin_ios_activity_recognition,,0,2,0,f9daacfd-6043-4174-8af9-8936763acfd7,169KS,,0,0,1592929830054,0,0
plugin_ios_activity_recognition,,0,2,0,f9daacfd-6043-4174-8af9-8936763acfd7,169KS,,0,0,1592929830936,0,0
plugin_ios_activity_recognition,"[""automotive""]",1,2,0,f9daacfd-6043-4174-8af9-8936763acfd7,169KS,supplement,0,0,1592929831013,0,0
plugin_ios_activity_recognition,"[""automotive""]",1,2,0,f9daacfd-6043-4174-8af9-8936763acfd7,169KS,,0,0,1592929832607,0,0
plugin_ios_activity_recognition,"[""stationary"",""automotive""]",1,2,0,f9daacfd-6043-4174-8af9-8936763acfd7,169KS,,0,1,1592929887767,0,0
plugin_ios_activity_recognition,"[""stationary"",""automotive""]",1,2,0,f9daacfd-6043-4174-8af9-8936763acfd7,169KS,,0,1,1592929890933,0,0
plugin_ios_activity_recognition,"[""automotive""]",1,2,0,f9daacfd-6043-4174-8af9-8936763acfd7,169KS,,0,0,1592929939072,0,0
plugin_ios_activity_recognition,"[""automotive""]",1,2,0,f9daacfd-6043-4174-8af9-8936763acfd7,169KS,,0,0,1592929951022,0,0
plugin_ios_activity_recognition,,0,2,0,f9daacfd-6043-4174-8af9-8936763acfd7,169KS,,0,0,1592929975811,0,0
plugin_ios_activity_recognition,"[""walking""]",0,1,0,f9daacfd-6043-4174-8af9-8936763acfd7,169KS,,0,0,1592929978363,0,1
plugin_ios_activity_recognition,"[""walking""]",0,2,0,f9daacfd-6043-4174-8af9-8936763acfd7,169KS,,0,0,1592929980915,0,1
plugin_ios_activity_recognition,"[""walking""]",0,2,0,f9daacfd-6043-4174-8af9-8936763acfd7,169KS,,0,0,1592930011029,0,1
plugin_ios_activity_recognition,,0,2,0,f9daacfd-6043-4174-8af9-8936763acfd7,169KS,,0,0,1592930052405,0,0
plugin_ios_activity_recognition,,0,2,0,f9daacfd-6043-4174-8af9-8936763acfd7,169KS,,0,0,1592930070938,0,0
plugin_ios_activity_recognition,"[""walking""]",0,1,0,f9daacfd-6043-4174-8af9-8936763acfd7,169KS,,0,0,1592930098363,0,1
plugin_ios_activity_recognition,"[""walking""]",0,2,0,f9daacfd-6043-4174-8af9-8936763acfd7,169KS,,0,0,1592930106618,0,1
plugin_ios_activity_recognition,"[""walking""]",0,2,0,f9daacfd-6043-4174-8af9-8936763acfd7,169KS,,0,0,1592930130939,0,1
plugin_ios_activity_recognition,"[""walking""]",0,2,0,f9daacfd-6043-4174-8af9-8936763acfd7,169KS,,0,0,1592930190934,0,1
plugin_ios_activity_recognition,,0,2,0,f9daacfd-6043-4174-8af9-8936763acfd7,169KS,,0,0,1592930196600,0,0
plugin_ios_activity_recognition,,0,2,0,f9daacfd-6043-4174-8af9-8936763acfd7,169KS,,0,0,1592930250935,0,0
plugin_ios_activity_recognition,"[""walking""]",0,1,0,f9daacfd-6043-4174-8af9-8936763acfd7,169KS,,0,0,1592930305154,0,1
plugin_ios_activity_recognition,"[""walking""]",0,2,0,f9daacfd-6043-4174-8af9-8936763acfd7,169KS,,0,0,1592930310267,0,1
plugin_ios_activity_recognition,"[""walking""]",0,2,0,f9daacfd-6043-4174-8af9-8936763acfd7,169KS,,0,0,1592930311032,0,1
plugin_ios_activity_recognition,"[""walking""]",0,2,0,f9daacfd-6043-4174-8af9-8936763acfd7,169KS,,0,0,1592930370981,0,1
plugin_ios_activity_recognition,,0,2,0,f9daacfd-6043-4174-8af9-8936763acfd7,169KS,,0,0,1592930376923,0,0
plugin_ios_activity_recognition,,0,2,0,f9daacfd-6043-4174-8af9-8936763acfd7,169KS,,0,0,1592930431000,0,0
plugin_ios_activity_recognition,,0,2,0,f9daacfd-6043-4174-8af9-8936763acfd7,169KS,supplement,0,0,1592930491000,0,0
plugin_ios_activity_recognition,,0,2,0,f9daacfd-6043-4174-8af9-8936763acfd7,169KS,,0,0,1592930491019,0,0
plugin_ios_activity_recognition,,0,2,0,f9daacfd-6043-4174-8af9-8936763acfd7,169KS,,0,0,1592930550965,0,0
plugin_ios_activity_recognition,,0,2,0,f9daacfd-6043-4174-8af9-8936763acfd7,169KS,supplement,0,0,1592930551000,0,0
plugin_ios_activity_recognition,"[""stationary""]",0,2,0,f9daacfd-6043-4174-8af9-8936763acfd7,169KS,,0,1,1592930602216,0,0
plugin_ios_activity_recognition,,0,2,0,f9daacfd-6043-4174-8af9-8936763acfd7,169KS,,0,0,1592930608588,0,0
plugin_ios_activity_recognition,,0,2,0,f9daacfd-6043-4174-8af9-8936763acfd7,169KS,,0,0,1592930610967,0,0
plugin_ios_activity_recognition,"[""stationary""]",0,2,0,f9daacfd-6043-4174-8af9-8936763acfd7,169KS,,0,1,1592930614326,0,0
plugin_ios_activity_recognition,,0,2,0,f9daacfd-6043-4174-8af9-8936763acfd7,169KS,,0,0,1592930659133,0,0
plugin_ios_activity_recognition,,0,2,0,f9daacfd-6043-4174-8af9-8936763acfd7,169KS,,0,0,1592930671019,0,0
plugin_ios_activity_recognition,"[""walking""]",0,1,0,f9daacfd-6043-4174-8af9-8936763acfd7,169KS,,0,0,1592930690767,0,1
plugin_ios_activity_recognition,"[""walking""]",0,2,0,f9daacfd-6043-4174-8af9-8936763acfd7,169KS,,0,0,1592930693320,0,1
plugin_ios_activity_recognition,"[""walking""]",0,2,0,f9daacfd-6043-4174-8af9-8936763acfd7,169KS,,0,0,1592930730948,0,1
plugin_ios_activity_recognition,,0,2,0,f9daacfd-6043-4174-8af9-8936763acfd7,169KS,,0,0,1592930731590,0,0
plugin_ios_activity_recognition,"[""stationary""]",0,2,0,f9daacfd-6043-4174-8af9-8936763acfd7,169KS,,0,1,1592930740483,0,0
plugin_ios_activity_recognition,,0,2,0,f9daacfd-6043-4174-8af9-8936763acfd7,169KS,,0,0,1592930772723,0,0
plugin_ios_activity_recognition,,0,2,0,f9daacfd-6043-4174-8af9-8936763acfd7,169KS,,0,0,1592930790941,0,0
plugin_ios_activity_recognition,,0,2,0,f9daacfd-6043-4174-8af9-8936763acfd7,169KS,supplement,0,0,1592930850941,0,0
plugin_ios_activity_recognition,,0,2,0,f9daacfd-6043-4174-8af9-8936763acfd7,169KS,,0,0,1592930850943,0,0
plugin_ios_activity_recognition,,0,2,0,f9daacfd-6043-4174-8af9-8936763acfd7,169KS,,0,0,1592930910941,0,0
plugin_ios_activity_recognition,,0,2,0,f9daacfd-6043-4174-8af9-8936763acfd7,169KS,supplement,0,0,1592930970941,0,0
plugin_ios_activity_recognition,,0,2,0,f9daacfd-6043-4174-8af9-8936763acfd7,169KS,,0,0,1592931030941,0,0
plugin_ios_activity_recognition,,0,2,0,f9daacfd-6043-4174-8af9-8936763acfd7,169KS,,0,0,1592931090941,0,0
plugin_ios_activity_recognition,,0,2,0,f9daacfd-6043-4174-8af9-8936763acfd7,169KS,,0,0,1592931150941,0,0
plugin_ios_activity_recognition,"[""stationary""]",0,2,0,f9daacfd-6043-4174-8af9-8936763acfd7,169KS,,0,1,1592931178592,0,0
plugin_ios_activity_recognition,,0,2,0,f9daacfd-6043-4174-8af9-8936763acfd7,169KS,,0,0,1592931183060,0,0
plugin_ios_activity_recognition,"[""stationary""]",0,2,0,f9daacfd-6043-4174-8af9-8936763acfd7,169KS,,0,1,1592931187841,0,0
plugin_ios_activity_recognition,"[""stationary""]",0,2,0,f9daacfd-6043-4174-8af9-8936763acfd7,169KS,,0,1,1592931210942,0,0
plugin_ios_activity_recognition,,0,2,0,f9daacfd-6043-4174-8af9-8936763acfd7,169KS,,0,0,1592931225024,0,0
plugin_ios_activity_recognition,,0,2,0,f9daacfd-6043-4174-8af9-8936763acfd7,169KS,,0,0,1592931271024,0,0
plugin_ios_activity_recognition,"[""walking""]",0,1,0,f9daacfd-6043-4174-8af9-8936763acfd7,169KS,,0,0,1592931316307,0,1
plugin_ios_activity_recognition,"[""walking""]",0,2,0,f9daacfd-6043-4174-8af9-8936763acfd7,169KS,,0,0,1592931329072,0,1
plugin_ios_activity_recognition,"[""walking""]",0,2,0,f9daacfd-6043-4174-8af9-8936763acfd7,169KS,,0,0,1592931330939,0,1
plugin_ios_activity_recognition,,0,2,0,f9daacfd-6043-4174-8af9-8936763acfd7,169KS,,0,0,1592931372471,0,0
plugin_ios_activity_recognition,,0,2,0,f9daacfd-6043-4174-8af9-8936763acfd7,169KS,,0,0,1592931390941,0,0
plugin_ios_activity_recognition,,0,2,0,f9daacfd-6043-4174-8af9-8936763acfd7,169KS,supplement,0,0,1592931450941,0,0
plugin_ios_activity_recognition,,0,2,0,f9daacfd-6043-4174-8af9-8936763acfd7,169KS,,0,0,1592931451017,0,0
plugin_ios_activity_recognition,"[""stationary""]",0,2,0,f9daacfd-6043-4174-8af9-8936763acfd7,169KS,,0,1,1592931481556,0,0
plugin_ios_activity_recognition,,0,2,0,f9daacfd-6043-4174-8af9-8936763acfd7,169KS,,0,0,1592931489199,0,0
plugin_ios_activity_recognition,"[""walking""]",0,1,0,f9daacfd-6043-4174-8af9-8936763acfd7,169KS,,0,0,1592931492430,0,1
plugin_ios_activity_recognition,"[""walking""]",0,2,0,f9daacfd-6043-4174-8af9-8936763acfd7,169KS,,0,0,1592931507746,0,1
plugin_ios_activity_recognition,"[""walking""]",0,2,0,f9daacfd-6043-4174-8af9-8936763acfd7,169KS,,0,0,1592931510941,0,1
plugin_ios_activity_recognition,"[""walking""]",0,2,0,f9daacfd-6043-4174-8af9-8936763acfd7,169KS,supplement,0,0,1592931570941,0,1
plugin_ios_activity_recognition,"[""walking""]",0,2,0,f9daacfd-6043-4174-8af9-8936763acfd7,169KS,,0,0,1592931570983,0,1
plugin_ios_activity_recognition,"[""stationary""]",0,2,0,f9daacfd-6043-4174-8af9-8936763acfd7,169KS,,0,1,1592931594815,0,0
plugin_ios_activity_recognition,"[""walking""]",0,2,0,f9daacfd-6043-4174-8af9-8936763acfd7,169KS,supplement,0,0,1592931630941,0,1
plugin_ios_activity_recognition,"[""stationary""]",0,2,0,f9daacfd-6043-4174-8af9-8936763acfd7,169KS,,0,1,1592931630961,0,0
plugin_ios_activity_recognition,,0,2,0,f9daacfd-6043-4174-8af9-8936763acfd7,169KS,,0,0,1592931645440,0,0
plugin_ios_activity_recognition,"[""walking""]",0,1,0,f9daacfd-6043-4174-8af9-8936763acfd7,169KS,,0,0,1592931658567,0,1
plugin_ios_activity_recognition,"[""walking""]",0,2,0,f9daacfd-6043-4174-8af9-8936763acfd7,169KS,,0,0,1592931661123,0,1
plugin_ios_activity_recognition,"[""walking""]",0,2,0,f9daacfd-6043-4174-8af9-8936763acfd7,169KS,,0,0,1592931691020,0,1
plugin_ios_activity_recognition,"[""stationary""]",0,2,0,f9daacfd-6043-4174-8af9-8936763acfd7,169KS,,0,1,1592931710224,0,0
plugin_ios_activity_recognition,,0,2,0,f9daacfd-6043-4174-8af9-8936763acfd7,169KS,,0,0,1592931729764,0,0
plugin_ios_activity_recognition,,0,2,0,f9daacfd-6043-4174-8af9-8936763acfd7,169KS,,0,0,1592931751023,0,0
plugin_ios_activity_recognition,"[""stationary""]",0,2,0,f9daacfd-6043-4174-8af9-8936763acfd7,169KS,,0,1,1592931754654,0,0
plugin_ios_activity_recognition,,0,2,0,f9daacfd-6043-4174-8af9-8936763acfd7,169KS,,0,0,1592931791424,0,0
plugin_ios_activity_recognition,,0,2,0,f9daacfd-6043-4174-8af9-8936763acfd7,169KS,,0,0,1592931810936,0,0
plugin_ios_activity_recognition,,0,2,0,f9daacfd-6043-4174-8af9-8936763acfd7,169KS,,0,0,1592931870933,0,0
plugin_ios_activity_recognition,"[""stationary""]",0,2,0,f9daacfd-6043-4174-8af9-8936763acfd7,169KS,,0,1,1592931896104,0,0
plugin_ios_activity_recognition,,0,2,0,f9daacfd-6043-4174-8af9-8936763acfd7,169KS,,0,0,1592931898935,0,0
plugin_ios_activity_recognition,,0,2,0,f9daacfd-6043-4174-8af9-8936763acfd7,169KS,,0,0,1592931930934,0,0
plugin_ios_activity_recognition,,0,2,0,f9daacfd-6043-4174-8af9-8936763acfd7,169KS,supplement,0,0,1592931990934,0,0
plugin_ios_activity_recognition,,0,2,0,f9daacfd-6043-4174-8af9-8936763acfd7,169KS,,0,0,1592931991027,0,0
plugin_ios_activity_recognition,,0,2,0,f9daacfd-6043-4174-8af9-8936763acfd7,169KS,supplement,0,0,1592932050934,0,0
plugin_ios_activity_recognition,,0,2,0,f9daacfd-6043-4174-8af9-8936763acfd7,169KS,,0,0,1592932050941,0,0
plugin_ios_activity_recognition,"[""walking""]",0,2,0,f9daacfd-6043-4174-8af9-8936763acfd7,169KS,,0,0,1592932054428,0,1
plugin_ios_activity_recognition,"[""walking""]",0,2,0,f9daacfd-6043-4174-8af9-8936763acfd7,169KS,,0,0,1592932110945,0,1
plugin_ios_activity_recognition,,0,2,0,f9daacfd-6043-4174-8af9-8936763acfd7,169KS,,0,0,1592932133548,0,0
plugin_ios_activity_recognition,,0,2,0,f9daacfd-6043-4174-8af9-8936763acfd7,169KS,,0,0,1592932170937,0,0
plugin_ios_activity_recognition,,0,2,0,f9daacfd-6043-4174-8af9-8936763acfd7,169KS,supplement,0,0,1592932230937,0,0
plugin_ios_activity_recognition,,0,2,0,f9daacfd-6043-4174-8af9-8936763acfd7,169KS,,0,0,1592932290936,0,0
plugin_ios_activity_recognition,,0,2,0,f9daacfd-6043-4174-8af9-8936763acfd7,169KS,supplement,0,0,1592932290937,0,0
plugin_ios_activity_recognition,,0,2,0,f9daacfd-6043-4174-8af9-8936763acfd7,169KS,supplement,0,0,1592932350936,0,0
plugin_ios_activity_recognition,,0,2,0,f9daacfd-6043-4174-8af9-8936763acfd7,169KS,,0,0,1592932350941,0,0
plugin_ios_activity_recognition,"[""stationary""]",0,2,0,f9daacfd-6043-4174-8af9-8936763acfd7,169KS,,0,1,1592932379139,0,0
plugin_ios_activity_recognition,,0,2,0,f9daacfd-6043-4174-8af9-8936763acfd7,169KS,,0,0,1592932384555,0,0
plugin_ios_activity_recognition,,0,2,0,f9daacfd-6043-4174-8af9-8936763acfd7,169KS,supplement,0,0,1592932410936,0,0
plugin_ios_activity_recognition,,0,2,0,f9daacfd-6043-4174-8af9-8936763acfd7,169KS,,0,0,1592932410937,0,0
plugin_ios_activity_recognition,,0,2,0,f9daacfd-6043-4174-8af9-8936763acfd7,169KS,supplement,0,0,1592932470937,0,0
plugin_ios_activity_recognition,,0,2,0,f9daacfd-6043-4174-8af9-8936763acfd7,169KS,,0,0,1592932470965,0,0
plugin_ios_activity_recognition,"[""automotive""]",1,2,0,f9daacfd-6043-4174-8af9-8936763acfd7,169KS,,0,0,1592932495970,0,0
plugin_ios_activity_recognition,"[""automotive""]",1,2,0,f9daacfd-6043-4174-8af9-8936763acfd7,169KS,,0,0,1592932526611,0,0
plugin_ios_activity_recognition,"[""automotive""]",1,2,0,f9daacfd-6043-4174-8af9-8936763acfd7,169KS,,0,0,1592932530931,0,0
plugin_ios_activity_recognition,,0,2,0,f9daacfd-6043-4174-8af9-8936763acfd7,169KS,supplement,0,0,1592932530937,0,0
plugin_ios_activity_recognition,"[""automotive""]",1,2,0,f9daacfd-6043-4174-8af9-8936763acfd7,169KS,,0,0,1592932577674,0,0
plugin_ios_activity_recognition,"[""automotive""]",1,2,0,f9daacfd-6043-4174-8af9-8936763acfd7,169KS,,0,0,1592932590444,0,0
plugin_ios_activity_recognition,"[""automotive""]",1,2,0,f9daacfd-6043-4174-8af9-8936763acfd7,169KS,,0,0,1592932590994,0,0
plugin_ios_activity_recognition,"[""automotive""]",1,2,0,f9daacfd-6043-4174-8af9-8936763acfd7,169KS,,0,0,1592932650936,0,0
plugin_ios_activity_recognition,,0,2,0,f9daacfd-6043-4174-8af9-8936763acfd7,169KS,,0,0,1592932654538,0,0
plugin_ios_activity_recognition,,0,2,0,f9daacfd-6043-4174-8af9-8936763acfd7,169KS,,0,0,1592932711366,0,0
plugin_ios_activity_recognition,,0,2,0,f9daacfd-6043-4174-8af9-8936763acfd7,169KS,,0,0,1592932770936,0,0
plugin_ios_activity_recognition,"[""walking""]",0,2,0,f9daacfd-6043-4174-8af9-8936763acfd7,169KS,,0,0,1592932820219,0,1
plugin_ios_activity_recognition,"[""walking""]",0,2,0,f9daacfd-6043-4174-8af9-8936763acfd7,169KS,,0,0,1592932830935,0,1
plugin_ios_activity_recognition,"[""walking""]",0,2,0,f9daacfd-6043-4174-8af9-8936763acfd7,169KS,,0,0,1592932890933,0,1
plugin_ios_activity_recognition,,0,2,0,f9daacfd-6043-4174-8af9-8936763acfd7,169KS,,0,0,1592932950448,0,0
plugin_ios_activity_recognition,,0,2,0,f9daacfd-6043-4174-8af9-8936763acfd7,169KS,,0,0,1592932950984,0,0
plugin_ios_activity_recognition,,0,2,0,f9daacfd-6043-4174-8af9-8936763acfd7,169KS,supplement,0,0,1592933010984,0,0
plugin_ios_activity_recognition,,0,2,0,f9daacfd-6043-4174-8af9-8936763acfd7,169KS,,0,0,1592933011022,0,0
plugin_ios_activity_recognition,"[""walking""]",0,1,0,f9daacfd-6043-4174-8af9-8936763acfd7,169KS,,0,0,1592933027015,0,1
plugin_ios_activity_recognition,"[""walking""]",0,2,0,f9daacfd-6043-4174-8af9-8936763acfd7,169KS,,0,0,1592933032122,0,1
plugin_ios_activity_recognition,"[""walking""]",0,2,0,f9daacfd-6043-4174-8af9-8936763acfd7,169KS,,0,0,1592933070935,0,1
plugin_ios_activity_recognition,,0,2,0,f9daacfd-6043-4174-8af9-8936763acfd7,169KS,supplement,0,0,1592933070984,0,0
plugin_ios_activity_recognition,,0,2,0,f9daacfd-6043-4174-8af9-8936763acfd7,169KS,,0,0,1592933098502,0,0
plugin_ios_activity_recognition,,0,2,0,f9daacfd-6043-4174-8af9-8936763acfd7,169KS,,0,0,1592933130941,0,0
plugin_ios_activity_recognition,"[""walking""]",0,1,0,f9daacfd-6043-4174-8af9-8936763acfd7,169KS,,0,0,1592933139361,0,1
plugin_ios_activity_recognition,"[""walking""]",0,2,0,f9daacfd-6043-4174-8af9-8936763acfd7,169KS,,0,0,1592933152114,0,1
plugin_ios_activity_recognition,"[""walking""]",0,2,0,f9daacfd-6043-4174-8af9-8936763acfd7,169KS,,0,0,1592933190937,0,1
plugin_ios_activity_recognition,"[""walking""]",0,2,0,f9daacfd-6043-4174-8af9-8936763acfd7,169KS,,0,0,1592933250937,0,1
plugin_ios_activity_recognition,,0,2,0,f9daacfd-6043-4174-8af9-8936763acfd7,169KS,,0,0,1592933274619,0,0
plugin_ios_activity_recognition,"[""walking""]",0,2,0,f9daacfd-6043-4174-8af9-8936763acfd7,169KS,,0,0,1592933297589,0,1
plugin_ios_activity_recognition,"[""walking""]",0,2,0,f9daacfd-6043-4174-8af9-8936763acfd7,169KS,,0,0,1592933310937,0,1
plugin_ios_activity_recognition,,0,2,0,f9daacfd-6043-4174-8af9-8936763acfd7,169KS,,0,0,1592933356308,0,0
plugin_ios_activity_recognition,,0,2,0,f9daacfd-6043-4174-8af9-8936763acfd7,169KS,,0,0,1592933370944,0,0
plugin_ios_activity_recognition,,0,2,0,f9daacfd-6043-4174-8af9-8936763acfd7,169KS,supplement,0,0,1592933430944,0,0
plugin_ios_activity_recognition,,0,2,0,f9daacfd-6043-4174-8af9-8936763acfd7,169KS,,0,0,1592933431007,0,0
plugin_ios_activity_recognition,,0,2,0,f9daacfd-6043-4174-8af9-8936763acfd7,169KS,supplement,0,0,1592933490944,0,0
plugin_ios_activity_recognition,,0,2,0,f9daacfd-6043-4174-8af9-8936763acfd7,169KS,supplement,0,0,1592933491007,0,0
plugin_ios_activity_recognition,,0,2,0,f9daacfd-6043-4174-8af9-8936763acfd7,169KS,,0,0,1592933491035,0,0
plugin_ios_activity_recognition,"[""stationary""]",0,2,0,f9daacfd-6043-4174-8af9-8936763acfd7,169KS,,0,1,1592933497632,0,0
plugin_ios_activity_recognition,,0,2,0,f9daacfd-6043-4174-8af9-8936763acfd7,169KS,,0,0,1592933498898,0,0
plugin_ios_activity_recognition,,0,2,0,f9daacfd-6043-4174-8af9-8936763acfd7,169KS,,0,0,1592933550938,0,0
plugin_ios_activity_recognition,,0,2,0,f9daacfd-6043-4174-8af9-8936763acfd7,169KS,supplement,0,0,1592933551007,0,0
plugin_ios_activity_recognition,"[""walking""]",0,1,0,f9daacfd-6043-4174-8af9-8936763acfd7,169KS,,0,0,1592933586044,0,1
plugin_ios_activity_recognition,"[""walking""]",0,2,0,f9daacfd-6043-4174-8af9-8936763acfd7,169KS,,0,0,1592933591153,0,1
plugin_ios_activity_recognition,"[""walking""]",0,2,0,f9daacfd-6043-4174-8af9-8936763acfd7,169KS,,0,0,1592933611032,0,1
plugin_ios_activity_recognition,,0,2,0,f9daacfd-6043-4174-8af9-8936763acfd7,169KS,,0,0,1592933634555,0,0
plugin_ios_activity_recognition,,0,2,0,f9daacfd-6043-4174-8af9-8936763acfd7,169KS,,0,0,1592933671032,0,0
plugin_ios_activity_recognition,"[""walking""]",0,1,0,f9daacfd-6043-4174-8af9-8936763acfd7,169KS,,0,0,1592933703462,0,1
plugin_ios_activity_recognition,"[""walking""]",0,2,0,f9daacfd-6043-4174-8af9-8936763acfd7,169KS,,0,0,1592933711114,0,1
plugin_ios_activity_recognition,"[""walking""]",0,2,0,f9daacfd-6043-4174-8af9-8936763acfd7,169KS,,0,0,1592933731034,0,1
plugin_ios_activity_recognition,"[""walking""]",0,2,0,f9daacfd-6043-4174-8af9-8936763acfd7,169KS,,0,0,1592933790977,0,1
plugin_ios_activity_recognition,,0,2,0,f9daacfd-6043-4174-8af9-8936763acfd7,169KS,,0,0,1592933797927,0,0
plugin_ios_activity_recognition,,0,2,0,f9daacfd-6043-4174-8af9-8936763acfd7,169KS,,0,0,1592933850929,0,0
plugin_ios_activity_recognition,"[""stationary""]",0,2,0,f9daacfd-6043-4174-8af9-8936763acfd7,169KS,,0,1,1592933905467,0,0
plugin_ios_activity_recognition,"[""stationary""]",0,2,0,f9daacfd-6043-4174-8af9-8936763acfd7,169KS,,0,1,1592933910934,0,0
plugin_ios_activity_recognition,,0,2,0,f9daacfd-6043-4174-8af9-8936763acfd7,169KS,,0,0,1592933911212,0,0
plugin_ios_activity_recognition,"[""stationary""]",0,2,0,f9daacfd-6043-4174-8af9-8936763acfd7,169KS,,0,1,1592933917277,0,0
plugin_ios_activity_recognition,,0,2,0,f9daacfd-6043-4174-8af9-8936763acfd7,169KS,,0,0,1592933936108,0,0
plugin_ios_activity_recognition,"[""stationary""]",0,2,0,f9daacfd-6043-4174-8af9-8936763acfd7,169KS,,0,1,1592933951147,0,0
plugin_ios_activity_recognition,,0,2,0,f9daacfd-6043-4174-8af9-8936763acfd7,169KS,,0,0,1592933964513,0,0
plugin_ios_activity_recognition,"[""stationary""]",0,2,0,f9daacfd-6043-4174-8af9-8936763acfd7,169KS,,0,1,1592933969939,0,0
plugin_ios_activity_recognition,"[""stationary""]",0,2,0,f9daacfd-6043-4174-8af9-8936763acfd7,169KS,,0,1,1592933971006,0,0
plugin_ios_activity_recognition,,0,2,0,f9daacfd-6043-4174-8af9-8936763acfd7,169KS,,0,0,1592933982386,0,0
plugin_ios_activity_recognition,,0,2,0,f9daacfd-6043-4174-8af9-8936763acfd7,169KS,,0,0,1592934030934,0,0
plugin_ios_activity_recognition,"[""stationary""]",0,2,0,f9daacfd-6043-4174-8af9-8936763acfd7,169KS,,0,1,1592934033138,0,0
plugin_ios_activity_recognition,"[""stationary""]",0,2,0,f9daacfd-6043-4174-8af9-8936763acfd7,169KS,,0,1,1592934090934,0,0
plugin_ios_activity_recognition,,0,2,0,f9daacfd-6043-4174-8af9-8936763acfd7,169KS,,0,0,1592934093140,0,0
plugin_ios_activity_recognition,,0,2,0,f9daacfd-6043-4174-8af9-8936763acfd7,169KS,,0,0,1592934150934,0,0
plugin_ios_activity_recognition,"[""stationary""]",0,2,0,f9daacfd-6043-4174-8af9-8936763acfd7,169KS,,0,1,1592934171649,0,0
plugin_ios_activity_recognition,,0,2,0,f9daacfd-6043-4174-8af9-8936763acfd7,169KS,,0,0,1592934174202,0,0
plugin_ios_activity_recognition,"[""automotive""]",1,2,0,f9daacfd-6043-4174-8af9-8936763acfd7,169KS,,0,0,1592934196264,0,0
plugin_ios_activity_recognition,"[""automotive""]",1,2,0,f9daacfd-6043-4174-8af9-8936763acfd7,169KS,,0,0,1592934211029,0,0
plugin_ios_activity_recognition,"[""automotive""]",1,2,0,f9daacfd-6043-4174-8af9-8936763acfd7,169KS,,0,0,1592934229459,0,0
plugin_ios_activity_recognition,"[""automotive""]",1,2,0,f9daacfd-6043-4174-8af9-8936763acfd7,169KS,,0,0,1592934247335,0,0
plugin_ios_activity_recognition,"[""automotive""]",1,2,0,f9daacfd-6043-4174-8af9-8936763acfd7,169KS,,0,0,1592934260101,0,0
plugin_ios_activity_recognition,"[""automotive""]",1,2,0,f9daacfd-6043-4174-8af9-8936763acfd7,169KS,,0,0,1592934270934,0,0
plugin_ios_activity_recognition,"[""automotive""]",1,2,0,f9daacfd-6043-4174-8af9-8936763acfd7,169KS,,0,0,1592934275421,0,0
plugin_ios_activity_recognition,"[""stationary"",""automotive""]",1,2,0,f9daacfd-6043-4174-8af9-8936763acfd7,169KS,,0,1,1592934301552,0,0
plugin_ios_activity_recognition,"[""automotive""]",1,2,0,f9daacfd-6043-4174-8af9-8936763acfd7,169KS,,0,0,1592934318148,0,0
plugin_ios_activity_recognition,"[""automotive""]",1,2,0,f9daacfd-6043-4174-8af9-8936763acfd7,169KS,,0,0,1592934318823,0,0
plugin_ios_activity_recognition,"[""automotive""]",1,2,0,f9daacfd-6043-4174-8af9-8936763acfd7,169KS,,0,0,1592934326483,0,0
plugin_ios_activity_recognition,,0,2,0,f9daacfd-6043-4174-8af9-8936763acfd7,169KS,,0,0,1592934329038,0,0
plugin_ios_activity_recognition,,0,2,0,f9daacfd-6043-4174-8af9-8936763acfd7,169KS,,0,0,1592934330935,0,0
plugin_ios_activity_recognition,"[""stationary""]",0,2,0,f9daacfd-6043-4174-8af9-8936763acfd7,169KS,,0,1,1592934377191,0,0
plugin_ios_activity_recognition,,0,2,0,f9daacfd-6043-4174-8af9-8936763acfd7,169KS,,0,0,1592934386765,0,0
plugin_ios_activity_recognition,,0,2,0,f9daacfd-6043-4174-8af9-8936763acfd7,169KS,,0,0,1592934390936,0,0
plugin_ios_activity_recognition,,0,2,0,f9daacfd-6043-4174-8af9-8936763acfd7,169KS,supplement,0,0,1592934450936,0,0
plugin_ios_activity_recognition,,0,2,0,f9daacfd-6043-4174-8af9-8936763acfd7,169KS,,0,0,1592934450981,0,0
plugin_ios_activity_recognition,,0,2,0,f9daacfd-6043-4174-8af9-8936763acfd7,169KS,,0,0,1592934510936,0,0
plugin_ios_activity_recognition,"[""automotive""]",1,2,0,f9daacfd-6043-4174-8af9-8936763acfd7,169KS,,0,0,1592934517971,0,0
plugin_ios_activity_recognition,"[""automotive""]",1,2,0,f9daacfd-6043-4174-8af9-8936763acfd7,169KS,,0,0,1592934563933,0,0
plugin_ios_activity_recognition,"[""automotive""]",1,2,0,f9daacfd-6043-4174-8af9-8936763acfd7,169KS,,0,0,1592934570935,0,0
plugin_ios_activity_recognition,"[""automotive""]",1,2,0,f9daacfd-6043-4174-8af9-8936763acfd7,169KS,,0,0,1592934576701,0,0
plugin_ios_activity_recognition,"[""automotive""]",1,2,0,f9daacfd-6043-4174-8af9-8936763acfd7,169KS,,0,0,1592934584361,0,0
plugin_ios_activity_recognition,"[""automotive""]",1,2,0,f9daacfd-6043-4174-8af9-8936763acfd7,169KS,,0,0,1592934609896,0,0
plugin_ios_activity_recognition,"[""automotive""]",1,2,0,f9daacfd-6043-4174-8af9-8936763acfd7,169KS,,0,0,1592934630960,0,0
plugin_ios_activity_recognition,"[""automotive""]",1,2,0,f9daacfd-6043-4174-8af9-8936763acfd7,169KS,,0,0,1592934645643,0,0
plugin_ios_activity_recognition,"[""automotive""]",1,2,0,f9daacfd-6043-4174-8af9-8936763acfd7,169KS,,0,0,1592934678839,0,0
plugin_ios_activity_recognition,"[""automotive""]",1,2,0,f9daacfd-6043-4174-8af9-8936763acfd7,169KS,,0,0,1592934690938,0,0
plugin_ios_activity_recognition,"[""automotive""]",1,2,0,f9daacfd-6043-4174-8af9-8936763acfd7,169KS,,0,0,1592934750936,0,0
plugin_ios_activity_recognition,"[""stationary"",""automotive""]",1,2,0,f9daacfd-6043-4174-8af9-8936763acfd7,169KS,,0,1,1592934778413,0,0
plugin_ios_activity_recognition,"[""automotive""]",1,2,0,f9daacfd-6043-4174-8af9-8936763acfd7,169KS,,0,0,1592934779971,0,0
plugin_ios_activity_recognition,,0,2,0,f9daacfd-6043-4174-8af9-8936763acfd7,169KS,,0,0,1592934780967,0,0
plugin_ios_activity_recognition,,0,2,0,f9daacfd-6043-4174-8af9-8936763acfd7,169KS,,0,0,1592934810936,0,0
plugin_ios_activity_recognition,"[""stationary""]",0,2,0,f9daacfd-6043-4174-8af9-8936763acfd7,169KS,,0,1,1592934846014,0,0
plugin_ios_activity_recognition,,0,2,0,f9daacfd-6043-4174-8af9-8936763acfd7,169KS,,0,0,1592934853025,0,0
plugin_ios_activity_recognition,"[""stationary""]",0,2,0,f9daacfd-6043-4174-8af9-8936763acfd7,169KS,,0,1,1592934870298,0,0
plugin_ios_activity_recognition,"[""stationary""]",0,2,0,f9daacfd-6043-4174-8af9-8936763acfd7,169KS,,0,1,1592934870940,0,0
plugin_ios_activity_recognition,,0,2,0,f9daacfd-6043-4174-8af9-8936763acfd7,169KS,,0,0,1592934872494,0,0
plugin_ios_activity_recognition,"[""stationary""]",0,2,0,f9daacfd-6043-4174-8af9-8936763acfd7,169KS,,0,1,1592934925152,0,0
plugin_ios_activity_recognition,,0,2,0,f9daacfd-6043-4174-8af9-8936763acfd7,169KS,,0,0,1592934929301,0,0
plugin_ios_activity_recognition,,0,2,0,f9daacfd-6043-4174-8af9-8936763acfd7,169KS,,0,0,1592934930967,0,0
plugin_ios_activity_recognition,"[""stationary""]",0,2,0,f9daacfd-6043-4174-8af9-8936763acfd7,169KS,,0,1,1592934934125,0,0
plugin_ios_activity_recognition,,0,2,0,f9daacfd-6043-4174-8af9-8936763acfd7,169KS,,0,0,1592934938556,0,0
plugin_ios_activity_recognition,,0,2,0,f9daacfd-6043-4174-8af9-8936763acfd7,169KS,,0,0,1592934990934,0,0
plugin_ios_activity_recognition,,0,2,0,f9daacfd-6043-4174-8af9-8936763acfd7,169KS,supplement,0,0,1592935050934,0,0
plugin_ios_activity_recognition,,0,2,0,f9daacfd-6043-4174-8af9-8936763acfd7,169KS,,0,0,1592935050937,0,0
plugin_ios_activity_recognition,"[""walking""]",0,1,0,f9daacfd-6043-4174-8af9-8936763acfd7,169KS,,0,0,1592935092434,0,1
plugin_ios_activity_recognition,,0,2,0,f9daacfd-6043-4174-8af9-8936763acfd7,169KS,,0,0,1592935102647,0,0
plugin_ios_activity_recognition,,0,2,0,f9daacfd-6043-4174-8af9-8936763acfd7,169KS,supplement,0,0,1592935110934,0,0
plugin_ios_activity_recognition,,0,2,0,f9daacfd-6043-4174-8af9-8936763acfd7,169KS,,0,0,1592935110937,0,0
plugin_ios_activity_recognition,"[""automotive""]",1,2,0,f9daacfd-6043-4174-8af9-8936763acfd7,169KS,,0,0,1592935143498,0,0
plugin_ios_activity_recognition,"[""automotive""]",1,2,0,f9daacfd-6043-4174-8af9-8936763acfd7,169KS,,0,0,1592935170987,0,0
plugin_ios_activity_recognition,"[""automotive""]",1,2,0,f9daacfd-6043-4174-8af9-8936763acfd7,169KS,,0,0,1592935171591,0,0
plugin_ios_activity_recognition,,0,2,0,f9daacfd-6043-4174-8af9-8936763acfd7,169KS,,0,0,1592935184358,0,0
plugin_ios_activity_recognition,"[""walking""]",0,1,0,f9daacfd-6043-4174-8af9-8936763acfd7,169KS,,0,0,1592935186912,0,1
plugin_ios_activity_recognition,"[""walking""]",0,2,0,f9daacfd-6043-4174-8af9-8936763acfd7,169KS,,0,0,1592935194571,0,1
plugin_ios_activity_recognition,"[""walking""]",0,2,0,f9daacfd-6043-4174-8af9-8936763acfd7,169KS,,0,0,1592935230947,0,1
plugin_ios_activity_recognition,,0,2,0,f9daacfd-6043-4174-8af9-8936763acfd7,169KS,,0,0,1592935258398,0,0
plugin_ios_activity_recognition,"[""stationary""]",0,2,0,f9daacfd-6043-4174-8af9-8936763acfd7,169KS,,0,1,1592935271154,0,0
plugin_ios_activity_recognition,,0,2,0,f9daacfd-6043-4174-8af9-8936763acfd7,169KS,,0,0,1592935278809,0,0
plugin_ios_activity_recognition,,0,2,0,f9daacfd-6043-4174-8af9-8936763acfd7,169KS,,0,0,1592935290937,0,0
plugin_ios_activity_recognition,"[""stationary""]",0,2,0,f9daacfd-6043-4174-8af9-8936763acfd7,169KS,,0,1,1592935317701,0,0
plugin_ios_activity_recognition,,0,2,0,f9daacfd-6043-4174-8af9-8936763acfd7,169KS,,0,0,1592935322803,0,0
plugin_ios_activity_recognition,"[""stationary""]",0,2,0,f9daacfd-6043-4174-8af9-8936763acfd7,169KS,,0,1,1592935349292,0,0
plugin_ios_activity_recognition,"[""stationary""]",0,2,0,f9daacfd-6043-4174-8af9-8936763acfd7,169KS,,0,1,1592935350944,0,0
plugin_ios_activity_recognition,,0,2,0,f9daacfd-6043-4174-8af9-8936763acfd7,169KS,,0,0,1592935362027,0,0
plugin_ios_activity_recognition,"[""stationary""]",0,2,0,f9daacfd-6043-4174-8af9-8936763acfd7,169KS,,0,1,1592935401914,0,0
plugin_ios_activity_recognition,,0,2,0,f9daacfd-6043-4174-8af9-8936763acfd7,169KS,,0,0,1592935408968,0,0
plugin_ios_activity_recognition,,0,2,0,f9daacfd-6043-4174-8af9-8936763acfd7,169KS,,0,0,1592935410935,0,0
plugin_ios_activity_recognition,"[""stationary""]",0,2,0,f9daacfd-6043-4174-8af9-8936763acfd7,169KS,,0,1,1592935435418,0,0
plugin_ios_activity_recognition,,0,2,0,f9daacfd-6043-4174-8af9-8936763acfd7,169KS,,0,0,1592935450446,0,0
plugin_ios_activity_recognition,,0,2,0,f9daacfd-6043-4174-8af9-8936763acfd7,169KS,,0,0,1592935470937,0,0
plugin_ios_activity_recognition,"[""stationary""]",0,2,0,f9daacfd-6043-4174-8af9-8936763acfd7,169KS,,0,1,1592935475973,0,0
plugin_ios_activity_recognition,,0,2,0,f9daacfd-6043-4174-8af9-8936763acfd7,169KS,,0,0,1592935510699,0,0
plugin_ios_activity_recognition,"[""stationary""]",0,2,0,f9daacfd-6043-4174-8af9-8936763acfd7,169KS,,0,1,1592935527608,0,0
plugin_ios_activity_recognition,"[""stationary""]",0,2,0,f9daacfd-6043-4174-8af9-8936763acfd7,169KS,,0,1,1592935530946,0,0
plugin_ios_activity_recognition,,0,2,0,f9daacfd-6043-4174-8af9-8936763acfd7,169KS,,0,0,1592935575203,0,0
plugin_ios_activity_recognition,"[""stationary""]",0,2,0,f9daacfd-6043-4174-8af9-8936763acfd7,169KS,,0,1,1592935589878,0,0
plugin_ios_activity_recognition,"[""stationary""]",0,2,0,f9daacfd-6043-4174-8af9-8936763acfd7,169KS,,0,1,1592935590945,0,0
plugin_ios_activity_recognition,"[""stationary""]",0,2,0,f9daacfd-6043-4174-8af9-8936763acfd7,169KS,supplement,0,1,1592935650945,0,0
plugin_ios_activity_recognition,"[""stationary""]",0,2,0,f9daacfd-6043-4174-8af9-8936763acfd7,169KS,,0,1,1592935651012,0,0
plugin_ios_activity_recognition,,0,2,0,f9daacfd-6043-4174-8af9-8936763acfd7,169KS,,0,0,1592935686714,0,0
plugin_ios_activity_recognition,"[""stationary""]",0,2,0,f9daacfd-6043-4174-8af9-8936763acfd7,169KS,,0,1,1592935707119,0,0
plugin_ios_activity_recognition,,0,2,0,f9daacfd-6043-4174-8af9-8936763acfd7,169KS,,0,0,1592935708710,0,0
plugin_ios_activity_recognition,,0,2,0,f9daacfd-6043-4174-8af9-8936763acfd7,169KS,,0,0,1592935710939,0,0
plugin_ios_activity_recognition,"[""stationary""]",0,2,0,f9daacfd-6043-4174-8af9-8936763acfd7,169KS,supplement,0,1,1592935710945,0,0
plugin_ios_activity_recognition,"[""stationary""]",0,2,0,f9daacfd-6043-4174-8af9-8936763acfd7,169KS,,0,1,1592935731054,0,0
plugin_ios_activity_recognition,"[""stationary""]",0,2,0,f9daacfd-6043-4174-8af9-8936763acfd7,169KS,,0,1,1592935770939,0,0
plugin_ios_activity_recognition,,0,2,0,f9daacfd-6043-4174-8af9-8936763acfd7,169KS,,0,0,1592935787215,0,0
plugin_ios_activity_recognition,,0,2,0,f9daacfd-6043-4174-8af9-8936763acfd7,169KS,,0,0,1592935831027,0,0
plugin_ios_activity_recognition,"[""stationary""]",0,2,0,f9daacfd-6043-4174-8af9-8936763acfd7,169KS,,0,1,1592935844985,0,0
plugin_ios_activity_recognition,,0,2,0,f9daacfd-6043-4174-8af9-8936763acfd7,169KS,,0,0,1592935846262,0,0
plugin_ios_activity_recognition,"[""walking""]",0,1,0,f9daacfd-6043-4174-8af9-8936763acfd7,169KS,,0,0,1592935871197,0,1
plugin_ios_activity_recognition,"[""walking""]",0,2,0,f9daacfd-6043-4174-8af9-8936763acfd7,169KS,,0,0,1592935873750,0,1
plugin_ios_activity_recognition,"[""walking""]",0,2,0,f9daacfd-6043-4174-8af9-8936763acfd7,169KS,,0,0,1592935891026,0,1
plugin_ios_activity_recognition,"[""walking""]",0,2,0,f9daacfd-6043-4174-8af9-8936763acfd7,169KS,,0,0,1592935950945,0,1
plugin_ios_activity_recognition,"[""stationary""]",0,2,0,f9daacfd-6043-4174-8af9-8936763acfd7,169KS,,0,1,1592935958263,0,0
plugin_ios_activity_recognition,"[""walking""]",0,2,0,f9daacfd-6043-4174-8af9-8936763acfd7,169KS,,0,0,1592935966216,0,1
plugin_ios_activity_recognition,,0,2,0,f9daacfd-6043-4174-8af9-8936763acfd7,169KS,,0,0,1592935996256,0,0
plugin_ios_activity_recognition,"[""stationary""]",0,2,0,f9daacfd-6043-4174-8af9-8936763acfd7,169KS,,0,1,1592936000041,0,0
plugin_ios_activity_recognition,,0,2,0,f9daacfd-6043-4174-8af9-8936763acfd7,169KS,,0,0,1592936004808,0,0
plugin_ios_activity_recognition,,0,2,0,f9daacfd-6043-4174-8af9-8936763acfd7,169KS,,0,0,1592936010939,0,0
plugin_ios_activity_recognition,"[""stationary""]",0,2,0,f9daacfd-6043-4174-8af9-8936763acfd7,169KS,,0,1,1592936022017,0,0
plugin_ios_activity_recognition,,0,2,0,f9daacfd-6043-4174-8af9-8936763acfd7,169KS,,0,0,1592936027111,0,0
plugin_ios_activity_recognition,"[""stationary""]",0,2,0,f9daacfd-6043-4174-8af9-8936763acfd7,169KS,,0,1,1592936033169,0,0
plugin_ios_activity_recognition,,0,2,0,f9daacfd-6043-4174-8af9-8936763acfd7,169KS,,0,0,1592936041468,0,0
plugin_ios_activity_recognition,"[""stationary""]",0,2,0,f9daacfd-6043-4174-8af9-8936763acfd7,169KS,,0,1,1592936052638,0,0
plugin_ios_activity_recognition,,0,2,0,f9daacfd-6043-4174-8af9-8936763acfd7,169KS,,0,0,1592936055520,0,0
plugin_ios_activity_recognition,,0,2,0,f9daacfd-6043-4174-8af9-8936763acfd7,169KS,,0,0,1592936070961,0,0
plugin_ios_activity_recognition,"[""stationary""]",0,2,0,f9daacfd-6043-4174-8af9-8936763acfd7,169KS,,0,1,1592936071154,0,0
plugin_ios_activity_recognition,,0,2,0,f9daacfd-6043-4174-8af9-8936763acfd7,169KS,,0,0,1592936083029,0,0
plugin_ios_activity_recognition,"[""stationary""]",0,2,0,f9daacfd-6043-4174-8af9-8936763acfd7,169KS,,0,1,1592936090005,0,0
plugin_ios_activity_recognition,,0,2,0,f9daacfd-6043-4174-8af9-8936763acfd7,169KS,,0,0,1592936102155,0,0
plugin_ios_activity_recognition,"[""stationary""]",0,2,0,f9daacfd-6043-4174-8af9-8936763acfd7,169KS,,0,1,1592936107895,0,0
plugin_ios_activity_recognition,"[""stationary""]",0,2,0,f9daacfd-6043-4174-8af9-8936763acfd7,169KS,,0,1,1592936131034,0,0
plugin_ios_activity_recognition,,0,2,0,f9daacfd-6043-4174-8af9-8936763acfd7,169KS,,0,0,1592936132534,0,0
plugin_ios_activity_recognition,"[""stationary""]",0,2,0,f9daacfd-6043-4174-8af9-8936763acfd7,169KS,,0,1,1592936156149,0,0
plugin_ios_activity_recognition,,0,2,0,f9daacfd-6043-4174-8af9-8936763acfd7,169KS,,0,0,1592936161251,0,0
plugin_ios_activity_recognition,"[""stationary""]",0,2,0,f9daacfd-6043-4174-8af9-8936763acfd7,169KS,,0,1,1592936167618,0,0
plugin_ios_activity_recognition,,0,2,0,f9daacfd-6043-4174-8af9-8936763acfd7,169KS,,0,0,1592936170486,0,0
plugin_ios_activity_recognition,"[""stationary""]",0,2,0,f9daacfd-6043-4174-8af9-8936763acfd7,169KS,,0,1,1592936183889,0,0
plugin_ios_activity_recognition,,0,2,0,f9daacfd-6043-4174-8af9-8936763acfd7,169KS,,0,0,1592936188991,0,0
plugin_ios_activity_recognition,,0,2,0,f9daacfd-6043-4174-8af9-8936763acfd7,169KS,,0,0,1592936190944,0,0
plugin_ios_activity_recognition,"[""stationary""]",0,2,0,f9daacfd-6043-4174-8af9-8936763acfd7,169KS,,0,1,1592936193768,0,0
plugin_ios_activity_recognition,,0,2,0,f9daacfd-6043-4174-8af9-8936763acfd7,169KS,,0,0,1592936204949,0,0
plugin_ios_activity_recognition,"[""stationary""]",0,2,0,f9daacfd-6043-4174-8af9-8936763acfd7,169KS,,0,1,1592936238446,0,0
plugin_ios_activity_recognition,"[""stationary""]",0,2,0,f9daacfd-6043-4174-8af9-8936763acfd7,169KS,,0,1,1592936250943,0,0
plugin_ios_activity_recognition,,0,2,0,f9daacfd-6043-4174-8af9-8936763acfd7,169KS,,0,0,1592936268472,0,0
plugin_ios_activity_recognition,"[""stationary""]",0,2,0,f9daacfd-6043-4174-8af9-8936763acfd7,169KS,,0,1,1592936291107,0,0
plugin_ios_activity_recognition,"[""stationary""]",0,2,0,f9daacfd-6043-4174-8af9-8936763acfd7,169KS,,0,1,1592936310944,0,0
plugin_ios_activity_recognition,,0,2,0,f9daacfd-6043-4174-8af9-8936763acfd7,169KS,,0,0,1592936317710,0,0
plugin_ios_activity_recognition,"[""stationary""]",0,2,0,f9daacfd-6043-4174-8af9-8936763acfd7,169KS,,0,1,1592936346421,0,0
plugin_ios_activity_recognition,,0,2,0,f9daacfd-6043-4174-8af9-8936763acfd7,169KS,,0,0,1592936364924,0,0
plugin_ios_activity_recognition,"[""stationary""]",0,2,0,f9daacfd-6043-4174-8af9-8936763acfd7,169KS,,0,1,1592936369104,0,0
plugin_ios_activity_recognition,"[""stationary""]",0,2,0,f9daacfd-6043-4174-8af9-8936763acfd7,169KS,,0,1,1592936370971,0,0
plugin_ios_activity_recognition,,0,2,0,f9daacfd-6043-4174-8af9-8936763acfd7,169KS,,0,0,1592936377691,0,0
plugin_ios_activity_recognition,"[""stationary""]",0,2,0,f9daacfd-6043-4174-8af9-8936763acfd7,169KS,,0,1,1592936391411,0,0
plugin_ios_activity_recognition,,0,2,0,f9daacfd-6043-4174-8af9-8936763acfd7,169KS,,0,0,1592936395869,0,0
plugin_ios_activity_recognition,"[""stationary""]",0,2,0,f9daacfd-6043-4174-8af9-8936763acfd7,169KS,,0,1,1592936412762,0,0
plugin_ios_activity_recognition,,0,2,0,f9daacfd-6043-4174-8af9-8936763acfd7,169KS,,0,0,1592936417866,0,0
plugin_ios_activity_recognition,,0,2,0,f9daacfd-6043-4174-8af9-8936763acfd7,169KS,,0,0,1592936430953,0,0
plugin_ios_activity_recognition,"[""stationary""]",0,2,0,f9daacfd-6043-4174-8af9-8936763acfd7,169KS,,0,1,1592936433832,0,0
plugin_ios_activity_recognition,,0,2,0,f9daacfd-6043-4174-8af9-8936763acfd7,169KS,,0,0,1592936437338,0,0
plugin_ios_activity_recognition,"[""stationary""]",0,2,0,f9daacfd-6043-4174-8af9-8936763acfd7,169KS,,0,1,1592936461251,0,0
plugin_ios_activity_recognition,"[""stationary""]",0,2,0,f9daacfd-6043-4174-8af9-8936763acfd7,169KS,,0,1,1592936490941,0,0
plugin_ios_activity_recognition,,0,2,0,f9daacfd-6043-4174-8af9-8936763acfd7,169KS,,0,0,1592936491086,0,0
plugin_ios_activity_recognition,"[""stationary""]",0,2,0,f9daacfd-6043-4174-8af9-8936763acfd7,169KS,,0,1,1592936513442,0,0
plugin_ios_activity_recognition,,0,2,0,f9daacfd-6043-4174-8af9-8936763acfd7,169KS,,0,0,1592936534271,0,0
plugin_ios_activity_recognition,,0,2,0,f9daacfd-6043-4174-8af9-8936763acfd7,169KS,,0,0,1592936550948,0,0
plugin_ios_activity_recognition,"[""stationary""]",0,2,0,f9daacfd-6043-4174-8af9-8936763acfd7,169KS,,0,1,1592936554385,0,0
plugin_ios_activity_recognition,,0,2,0,f9daacfd-6043-4174-8af9-8936763acfd7,169KS,,0,0,1592936556295,0,0
plugin_ios_activity_recognition,"[""stationary""]",0,2,0,f9daacfd-6043-4174-8af9-8936763acfd7,169KS,,0,1,1592936563949,0,0
plugin_ios_activity_recognition,,0,2,0,f9daacfd-6043-4174-8af9-8936763acfd7,169KS,,0,0,1592936579649,0,0
plugin_ios_activity_recognition,"[""stationary""]",0,2,0,f9daacfd-6043-4174-8af9-8936763acfd7,169KS,,0,1,1592936589851,0,0
plugin_ios_activity_recognition,,0,2,0,f9daacfd-6043-4174-8af9-8936763acfd7,169KS,,0,0,1592936591756,0,0
plugin_ios_activity_recognition,"[""stationary""]",0,2,0,f9daacfd-6043-4174-8af9-8936763acfd7,169KS,,0,1,1592936599410,0,0
plugin_ios_activity_recognition,,0,2,0,f9daacfd-6043-4174-8af9-8936763acfd7,169KS,,0,0,1592936600044,0,0
plugin_ios_activity_recognition,,0,2,0,f9daacfd-6043-4174-8af9-8936763acfd7,169KS,,0,0,1592936611025,0,0
plugin_ios_activity_recognition,"[""stationary""]",0,2,0,f9daacfd-6043-4174-8af9-8936763acfd7,169KS,,0,1,1592936625550,0,0
plugin_ios_activity_recognition,,0,2,0,f9daacfd-6043-4174-8af9-8936763acfd7,169KS,,0,0,1592936638031,0,0
plugin_ios_activity_recognition,"[""stationary""]",0,2,0,f9daacfd-6043-4174-8af9-8936763acfd7,169KS,,0,1,1592936652749,0,0
plugin_ios_activity_recognition,,0,2,0,f9daacfd-6043-4174-8af9-8936763acfd7,169KS,,0,0,1592936661330,0,0
plugin_ios_activity_recognition,,0,2,0,f9daacfd-6043-4174-8af9-8936763acfd7,169KS,,0,0,1592936670947,0,0
plugin_ios_activity_recognition,"[""stationary""]",0,2,0,f9daacfd-6043-4174-8af9-8936763acfd7,169KS,,0,1,1592936674752,0,0
plugin_ios_activity_recognition,,0,2,0,f9daacfd-6043-4174-8af9-8936763acfd7,169KS,,0,0,1592936677933,0,0
plugin_ios_activity_recognition,"[""stationary""]",0,2,0,f9daacfd-6043-4174-8af9-8936763acfd7,169KS,,0,1,1592936691961,0,0
plugin_ios_activity_recognition,"[""stationary""]",0,2,0,f9daacfd-6043-4174-8af9-8936763acfd7,169KS,,0,1,1592936730948,0,0
plugin_ios_activity_recognition,,0,2,0,f9daacfd-6043-4174-8af9-8936763acfd7,169KS,,0,0,1592936740637,0,0
plugin_ios_activity_recognition,"[""stationary""]",0,2,0,f9daacfd-6043-4174-8af9-8936763acfd7,169KS,,0,1,1592936761984,0,0
plugin_ios_activity_recognition,,0,2,0,f9daacfd-6043-4174-8af9-8936763acfd7,169KS,,0,0,1592936764862,0,0
plugin_ios_activity_recognition,"[""stationary""]",0,2,0,f9daacfd-6043-4174-8af9-8936763acfd7,169KS,,0,1,1592936771256,0,0
plugin_ios_activity_recognition,,0,2,0,f9daacfd-6043-4174-8af9-8936763acfd7,169KS,,0,0,1592936776032,0,0
plugin_ios_activity_recognition,,0,2,0,f9daacfd-6043-4174-8af9-8936763acfd7,169KS,,0,0,1592936790994,0,0
plugin_ios_activity_recognition,,0,2,0,f9daacfd-6043-4174-8af9-8936763acfd7,169KS,supplement,0,0,1592936850994,0,0
plugin_ios_activity_recognition,,0,2,0,f9daacfd-6043-4174-8af9-8936763acfd7,169KS,,0,0,1592936851043,0,0
plugin_ios_activity_recognition,"[""stationary""]",0,2,0,f9daacfd-6043-4174-8af9-8936763acfd7,169KS,,0,1,1592936895277,0,0
plugin_ios_activity_recognition,,0,2,0,f9daacfd-6043-4174-8af9-8936763acfd7,169KS,,0,0,1592936900374,0,0
plugin_ios_activity_recognition,"[""stationary""]",0,2,0,f9daacfd-6043-4174-8af9-8936763acfd7,169KS,,0,1,1592936903847,0,0
plugin_ios_activity_recognition,,0,2,0,f9daacfd-6043-4174-8af9-8936763acfd7,169KS,,0,0,1592936906720,0,0
plugin_ios_activity_recognition,,0,2,0,f9daacfd-6043-4174-8af9-8936763acfd7,169KS,,0,0,1592936910953,0,0
plugin_ios_activity_recognition,,0,2,0,f9daacfd-6043-4174-8af9-8936763acfd7,169KS,supplement,0,0,1592936910994,0,0
plugin_ios_activity_recognition,,0,2,0,f9daacfd-6043-4174-8af9-8936763acfd7,169KS,,0,0,1592936970944,0,0
plugin_ios_activity_recognition,,0,2,0,f9daacfd-6043-4174-8af9-8936763acfd7,169KS,supplement,0,0,1592937030944,0,0
plugin_ios_activity_recognition,,0,2,0,f9daacfd-6043-4174-8af9-8936763acfd7,169KS,,0,0,1592937030955,0,0
plugin_ios_activity_recognition,,0,2,0,f9daacfd-6043-4174-8af9-8936763acfd7,169KS,supplement,0,0,1592937090944,0,0
plugin_ios_activity_recognition,,0,2,0,f9daacfd-6043-4174-8af9-8936763acfd7,169KS,supplement,0,0,1592937090955,0,0
plugin_ios_activity_recognition,,0,2,0,f9daacfd-6043-4174-8af9-8936763acfd7,169KS,,0,0,1592937091043,0,0
plugin_ios_activity_recognition,,0,2,0,f9daacfd-6043-4174-8af9-8936763acfd7,169KS,,0,0,1592937150952,0,0
plugin_ios_activity_recognition,,0,2,0,f9daacfd-6043-4174-8af9-8936763acfd7,169KS,supplement,0,0,1592937150955,0,0
plugin_ios_activity_recognition,,0,2,0,f9daacfd-6043-4174-8af9-8936763acfd7,169KS,,0,0,1592937210943,0,0
plugin_ios_activity_recognition,"[""stationary""]",0,2,0,f9daacfd-6043-4174-8af9-8936763acfd7,169KS,,0,1,1592937223911,0,0
plugin_ios_activity_recognition,,0,2,0,f9daacfd-6043-4174-8af9-8936763acfd7,169KS,,0,0,1592937241808,0,0
plugin_ios_activity_recognition,"[""stationary""]",0,2,0,f9daacfd-6043-4174-8af9-8936763acfd7,169KS,,0,1,1592937265101,0,0
plugin_ios_activity_recognition,,0,2,0,f9daacfd-6043-4174-8af9-8936763acfd7,169KS,,0,0,1592937270848,0,0
plugin_ios_activity_recognition,,0,2,0,f9daacfd-6043-4174-8af9-8936763acfd7,169KS,,0,0,1592937270962,0,0
plugin_ios_activity_recognition,"[""stationary""]",0,2,0,f9daacfd-6043-4174-8af9-8936763acfd7,169KS,,0,1,1592937279769,0,0
plugin_ios_activity_recognition,,0,2,0,f9daacfd-6043-4174-8af9-8936763acfd7,169KS,,0,0,1592937281041,0,0
plugin_ios_activity_recognition,"[""stationary""]",0,2,0,f9daacfd-6043-4174-8af9-8936763acfd7,169KS,,0,1,1592937288043,0,0
plugin_ios_activity_recognition,,0,2,0,f9daacfd-6043-4174-8af9-8936763acfd7,169KS,,0,0,1592937310117,0,0
plugin_ios_activity_recognition,"[""stationary""]",0,2,0,f9daacfd-6043-4174-8af9-8936763acfd7,169KS,,0,1,1592937322214,0,0
plugin_ios_activity_recognition,"[""stationary""]",0,2,0,f9daacfd-6043-4174-8af9-8936763acfd7,169KS,,0,1,1592937331027,0,0
plugin_ios_activity_recognition,,0,2,0,f9daacfd-6043-4174-8af9-8936763acfd7,169KS,,0,0,1592937338516,0,0
plugin_ios_activity_recognition,"[""stationary""]",0,2,0,f9daacfd-6043-4174-8af9-8936763acfd7,169KS,,0,1,1592937342058,0,0
plugin_ios_activity_recognition,"[""stationary""]",0,2,0,f9daacfd-6043-4174-8af9-8936763acfd7,169KS,,0,1,1592937390949,0,0
plugin_ios_activity_recognition,,0,2,0,f9daacfd-6043-4174-8af9-8936763acfd7,169KS,,0,0,1592937422955,0,0
plugin_ios_activity_recognition,"[""stationary""]",0,2,0,f9daacfd-6043-4174-8af9-8936763acfd7,169KS,,0,1,1592937426497,0,0
plugin_ios_activity_recognition,"[""stationary""]",0,2,0,f9daacfd-6043-4174-8af9-8936763acfd7,169KS,,0,1,1592937450952,0,0
plugin_ios_activity_recognition,,0,2,0,f9daacfd-6043-4174-8af9-8936763acfd7,169KS,,0,0,1592937468776,0,0
plugin_ios_activity_recognition,"[""stationary""]",0,2,0,f9daacfd-6043-4174-8af9-8936763acfd7,169KS,,0,1,1592937472914,0,0
plugin_ios_activity_recognition,"[""stationary""]",0,2,0,f9daacfd-6043-4174-8af9-8936763acfd7,169KS,,0,1,1592937510947,0,0
plugin_ios_activity_recognition,,0,2,0,f9daacfd-6043-4174-8af9-8936763acfd7,169KS,,0,0,1592937532533,0,0
plugin_ios_activity_recognition,"[""stationary""]",0,2,0,f9daacfd-6043-4174-8af9-8936763acfd7,169KS,,0,1,1592937539543,0,0
plugin_ios_activity_recognition,,0,2,0,f9daacfd-6043-4174-8af9-8936763acfd7,169KS,,0,0,1592937545618,0,0
plugin_ios_activity_recognition,"[""stationary""]",0,2,0,f9daacfd-6043-4174-8af9-8936763acfd7,169KS,,0,1,1592937549761,0,0
plugin_ios_activity_recognition,"[""stationary""]",0,2,0,f9daacfd-6043-4174-8af9-8936763acfd7,169KS,,0,1,1592937571047,0,0
plugin_ios_activity_recognition,"[""stationary""]",0,2,0,f9daacfd-6043-4174-8af9-8936763acfd7,169KS,,0,1,1592937630949,0,0
plugin_ios_activity_recognition,"[""stationary""]",0,2,0,f9daacfd-6043-4174-8af9-8936763acfd7,169KS,supplement,0,1,1592937690949,0,0
plugin_ios_activity_recognition,"[""stationary""]",0,2,0,f9daacfd-6043-4174-8af9-8936763acfd7,169KS,,0,1,1592937690952,0,0
plugin_ios_activity_recognition,,0,2,0,f9daacfd-6043-4174-8af9-8936763acfd7,169KS,,0,0,1592937696160,0,0
plugin_ios_activity_recognition,"[""stationary""]",0,2,0,f9daacfd-6043-4174-8af9-8936763acfd7,169KS,,0,1,1592937717218,0,0
plugin_ios_activity_recognition,,0,2,0,f9daacfd-6043-4174-8af9-8936763acfd7,169KS,,0,0,1592937719766,0,0
plugin_ios_activity_recognition,"[""stationary""]",0,2,0,f9daacfd-6043-4174-8af9-8936763acfd7,169KS,,0,1,1592937726460,0,0
plugin_ios_activity_recognition,,0,2,0,f9daacfd-6043-4174-8af9-8936763acfd7,169KS,,0,0,1592937747568,0,0
plugin_ios_activity_recognition,"[""stationary""]",0,2,0,f9daacfd-6043-4174-8af9-8936763acfd7,169KS,supplement,0,1,1592937750949,0,0
plugin_ios_activity_recognition,,0,2,0,f9daacfd-6043-4174-8af9-8936763acfd7,169KS,,0,0,1592937750959,0,0
plugin_ios_activity_recognition,"[""stationary""]",0,2,0,f9daacfd-6043-4174-8af9-8936763acfd7,169KS,,0,1,1592937761266,0,0
plugin_ios_activity_recognition,,0,2,0,f9daacfd-6043-4174-8af9-8936763acfd7,169KS,,0,0,1592937771791,0,0
plugin_ios_activity_recognition,"[""stationary""]",0,2,0,f9daacfd-6043-4174-8af9-8936763acfd7,169KS,,0,1,1592937778805,0,0
plugin_ios_activity_recognition,,0,2,0,f9daacfd-6043-4174-8af9-8936763acfd7,169KS,,0,0,1592937793214,0,0
plugin_ios_activity_recognition,"[""stationary""]",0,2,0,f9daacfd-6043-4174-8af9-8936763acfd7,169KS,,0,1,1592937801507,0,0
plugin_ios_activity_recognition,"[""stationary""]",0,2,0,f9daacfd-6043-4174-8af9-8936763acfd7,169KS,,0,1,1592937811043,0,0
plugin_ios_activity_recognition,,0,2,0,f9daacfd-6043-4174-8af9-8936763acfd7,169KS,,0,0,1592937856160,0,0
plugin_ios_activity_recognition,"[""stationary""]",0,2,0,f9daacfd-6043-4174-8af9-8936763acfd7,169KS,,0,1,1592937859655,0,0
plugin_ios_activity_recognition,,0,2,0,f9daacfd-6043-4174-8af9-8936763acfd7,169KS,,0,0,1592937870513,0,0
plugin_ios_activity_recognition,,0,2,0,f9daacfd-6043-4174-8af9-8936763acfd7,169KS,,0,0,1592937870951,0,0
plugin_ios_activity_recognition,"[""stationary""]",0,2,0,f9daacfd-6043-4174-8af9-8936763acfd7,169KS,,0,1,1592937886153,0,0
plugin_ios_activity_recognition,,0,2,0,f9daacfd-6043-4174-8af9-8936763acfd7,169KS,,0,0,1592937889995,0,0
plugin_ios_activity_recognition,"[""stationary""]",0,2,0,f9daacfd-6043-4174-8af9-8936763acfd7,169KS,,0,1,1592937895735,0,0
plugin_ios_activity_recognition,,0,2,0,f9daacfd-6043-4174-8af9-8936763acfd7,169KS,,0,0,1592937898283,0,0
plugin_ios_activity_recognition,"[""stationary""]",0,2,0,f9daacfd-6043-4174-8af9-8936763acfd7,169KS,,0,1,1592937908470,0,0
plugin_ios_activity_recognition,,0,2,0,f9daacfd-6043-4174-8af9-8936763acfd7,169KS,,0,0,1592937919993,0,0
plugin_ios_activity_recognition,"[""stationary""]",0,2,0,f9daacfd-6043-4174-8af9-8936763acfd7,169KS,,0,1,1592937923498,0,0
plugin_ios_activity_recognition,,0,2,0,f9daacfd-6043-4174-8af9-8936763acfd7,169KS,,0,0,1592937930199,0,0
plugin_ios_activity_recognition,,0,2,0,f9daacfd-6043-4174-8af9-8936763acfd7,169KS,,0,0,1592937930949,0,0
plugin_ios_activity_recognition,"[""stationary""]",0,2,0,f9daacfd-6043-4174-8af9-8936763acfd7,169KS,,0,1,1592937935646,0,0
plugin_ios_activity_recognition,,0,2,0,f9daacfd-6043-4174-8af9-8936763acfd7,169KS,,0,0,1592937961842,0,0
plugin_ios_activity_recognition,"[""stationary""]",0,2,0,f9daacfd-6043-4174-8af9-8936763acfd7,169KS,,0,1,1592937967557,0,0
plugin_ios_activity_recognition,"[""stationary""]",0,2,0,f9daacfd-6043-4174-8af9-8936763acfd7,169KS,,0,1,1592937990953,0,0
plugin_ios_activity_recognition,,0,2,0,f9daacfd-6043-4174-8af9-8936763acfd7,169KS,,0,0,1592938003033,0,0
plugin_ios_activity_recognition,"[""stationary""]",0,2,0,f9daacfd-6043-4174-8af9-8936763acfd7,169KS,,0,1,1592938006858,0,0
plugin_ios_activity_recognition,,0,2,0,f9daacfd-6043-4174-8af9-8936763acfd7,169KS,,0,0,1592938043959,0,0
plugin_ios_activity_recognition,,0,2,0,f9daacfd-6043-4174-8af9-8936763acfd7,169KS,,0,0,1592938051058,0,0
plugin_ios_activity_recognition,"[""stationary""]",0,2,0,f9daacfd-6043-4174-8af9-8936763acfd7,169KS,,0,1,1592938081014,0,0
plugin_ios_activity_recognition,"[""stationary""]",0,2,0,f9daacfd-6043-4174-8af9-8936763acfd7,169KS,,0,1,1592938110954,0,0
plugin_ios_activity_recognition,,0,2,0,f9daacfd-6043-4174-8af9-8936763acfd7,169KS,,0,0,1592938126251,0,0
plugin_ios_activity_recognition,"[""stationary""]",0,2,0,f9daacfd-6043-4174-8af9-8936763acfd7,169KS,,0,1,1592938129778,0,0
plugin_ios_activity_recognition,,0,2,0,f9daacfd-6043-4174-8af9-8936763acfd7,169KS,,0,0,1592938135543,0,0
plugin_ios_activity_recognition,"[""stationary""]",0,2,0,f9daacfd-6043-4174-8af9-8936763acfd7,169KS,,0,1,1592938168728,0,0
plugin_ios_activity_recognition,"[""stationary""]",0,2,0,f9daacfd-6043-4174-8af9-8936763acfd7,169KS,,0,1,1592938170955,0,0
plugin_ios_activity_recognition,,0,2,0,f9daacfd-6043-4174-8af9-8936763acfd7,169KS,,0,0,1592938179883,0,0
plugin_ios_activity_recognition,"[""stationary""]",0,2,0,f9daacfd-6043-4174-8af9-8936763acfd7,169KS,,0,1,1592938196124,0,0
plugin_ios_activity_recognition,,0,2,0,f9daacfd-6043-4174-8af9-8936763acfd7,169KS,,0,0,1592938199630,0,0
plugin_ios_activity_recognition,"[""stationary""]",0,2,0,f9daacfd-6043-4174-8af9-8936763acfd7,169KS,,0,1,1592938205688,0,0
plugin_ios_activity_recognition,"[""stationary""]",0,2,0,f9daacfd-6043-4174-8af9-8936763acfd7,169KS,,0,1,1592938230956,0,0
plugin_ios_activity_recognition,,0,2,0,f9daacfd-6043-4174-8af9-8936763acfd7,169KS,,0,0,1592938272786,0,0
plugin_ios_activity_recognition,,0,2,0,f9daacfd-6043-4174-8af9-8936763acfd7,169KS,,0,0,1592938291047,0,0
plugin_ios_activity_recognition,"[""stationary""]",0,2,0,f9daacfd-6043-4174-8af9-8936763acfd7,169KS,,0,1,1592938299240,0,0
plugin_ios_activity_recognition,,0,2,0,f9daacfd-6043-4174-8af9-8936763acfd7,169KS,,0,0,1592938304364,0,0
plugin_ios_activity_recognition,"[""stationary""]",0,2,0,f9daacfd-6043-4174-8af9-8936763acfd7,169KS,,0,1,1592938310742,0,0
plugin_ios_activity_recognition,,0,2,0,f9daacfd-6043-4174-8af9-8936763acfd7,169KS,,0,0,1592938317445,0,0
plugin_ios_activity_recognition,"[""stationary""]",0,2,0,f9daacfd-6043-4174-8af9-8936763acfd7,169KS,,0,1,1592938329876,0,0
plugin_ios_activity_recognition,,0,2,0,f9daacfd-6043-4174-8af9-8936763acfd7,169KS,,0,0,1592938331467,0,0
plugin_ios_activity_recognition,,0,2,0,f9daacfd-6043-4174-8af9-8936763acfd7,169KS,,0,0,1592938350954,0,0
plugin_ios_activity_recognition,"[""stationary""]",0,2,0,f9daacfd-6043-4174-8af9-8936763acfd7,169KS,,0,1,1592938361474,0,0
plugin_ios_activity_recognition,,0,2,0,f9daacfd-6043-4174-8af9-8936763acfd7,169KS,,0,0,1592938363380,0,0
plugin_ios_activity_recognition,"[""stationary""]",0,2,0,f9daacfd-6043-4174-8af9-8936763acfd7,169KS,,0,1,1592938369125,0,0
plugin_ios_activity_recognition,,0,2,0,f9daacfd-6043-4174-8af9-8936763acfd7,169KS,,0,0,1592938376468,0,0
plugin_ios_activity_recognition,"[""stationary""]",0,2,0,f9daacfd-6043-4174-8af9-8936763acfd7,169KS,,0,1,1592938379974,0,0
plugin_ios_activity_recognition,,0,2,0,f9daacfd-6043-4174-8af9-8936763acfd7,169KS,,0,0,1592938381884,0,0
plugin_ios_activity_recognition,"[""stationary""]",0,2,0,f9daacfd-6043-4174-8af9-8936763acfd7,169KS,,0,1,1592938385426,0,0
plugin_ios_activity_recognition,,0,2,0,f9daacfd-6043-4174-8af9-8936763acfd7,169KS,,0,0,1592938389534,0,0
plugin_ios_activity_recognition,"[""stationary""]",0,2,0,f9daacfd-6043-4174-8af9-8936763acfd7,169KS,,0,1,1592938393085,0,0
plugin_ios_activity_recognition,,0,2,0,f9daacfd-6043-4174-8af9-8936763acfd7,169KS,,0,0,1592938399141,0,0
plugin_ios_activity_recognition,"[""stationary""]",0,2,0,f9daacfd-6043-4174-8af9-8936763acfd7,169KS,,0,1,1592938403599,0,0
plugin_ios_activity_recognition,,0,2,0,f9daacfd-6043-4174-8af9-8936763acfd7,169KS,,0,0,1592938403918,0,0
plugin_ios_activity_recognition,,0,2,0,f9daacfd-6043-4174-8af9-8936763acfd7,169KS,,0,0,1592938410953,0,0
plugin_ios_activity_recognition,"[""stationary""]",0,2,0,f9daacfd-6043-4174-8af9-8936763acfd7,169KS,,0,1,1592938412201,0,0
plugin_ios_activity_recognition,,0,2,0,f9daacfd-6043-4174-8af9-8936763acfd7,169KS,,0,0,1592938448371,0,0
plugin_ios_activity_recognition,"[""stationary""]",0,2,0,f9daacfd-6043-4174-8af9-8936763acfd7,169KS,,0,1,1592938453153,0,0
plugin_ios_activity_recognition,"[""stationary""]",0,2,0,f9daacfd-6043-4174-8af9-8936763acfd7,169KS,,0,1,1592938471006,0,0
plugin_ios_activity_recognition,,0,2,0,f9daacfd-6043-4174-8af9-8936763acfd7,169KS,,0,0,1592938477175,0,0
plugin_ios_activity_recognition,"[""stationary""]",0,2,0,f9daacfd-6043-4174-8af9-8936763acfd7,169KS,,0,1,1592938481957,0,0
plugin_ios_activity_recognition,,0,2,0,f9daacfd-6043-4174-8af9-8936763acfd7,169KS,,0,0,1592938483548,0,0
plugin_ios_activity_recognition,"[""stationary""]",0,2,0,f9daacfd-6043-4174-8af9-8936763acfd7,169KS,,0,1,1592938491840,0,0
plugin_ios_activity_recognition,,0,2,0,f9daacfd-6043-4174-8af9-8936763acfd7,169KS,,0,0,1592938494707,0,0
plugin_ios_activity_recognition,"[""stationary""]",0,2,0,f9daacfd-6043-4174-8af9-8936763acfd7,169KS,,0,1,1592938511288,0,0
plugin_ios_activity_recognition,,0,2,0,f9daacfd-6043-4174-8af9-8936763acfd7,169KS,,0,0,1592938520237,0,0
plugin_ios_activity_recognition,,0,2,0,f9daacfd-6043-4174-8af9-8936763acfd7,169KS,,0,0,1592938531021,0,0
plugin_ios_activity_recognition,"[""stationary""]",0,2,0,f9daacfd-6043-4174-8af9-8936763acfd7,169KS,,0,1,1592938535545,0,0
plugin_ios_activity_recognition,,0,2,0,f9daacfd-6043-4174-8af9-8936763acfd7,169KS,,0,0,1592938560144,0,0
plugin_ios_activity_recognition,"[""stationary""]",0,2,0,f9daacfd-6043-4174-8af9-8936763acfd7,169KS,,0,1,1592938566878,0,0
plugin_ios_activity_recognition,,0,2,0,f9daacfd-6043-4174-8af9-8936763acfd7,169KS,,0,0,1592938579683,0,0
plugin_ios_activity_recognition,"[""stationary""]",0,2,0,f9daacfd-6043-4174-8af9-8936763acfd7,169KS,,0,1,1592938585066,0,0
plugin_ios_activity_recognition,"[""stationary""]",0,2,0,f9daacfd-6043-4174-8af9-8936763acfd7,169KS,,0,1,1592938590948,0,0
plugin_ios_activity_recognition,,0,2,0,f9daacfd-6043-4174-8af9-8936763acfd7,169KS,,0,0,1592938591125,0,0
plugin_ios_activity_recognition,"[""stationary""]",0,2,0,f9daacfd-6043-4174-8af9-8936763acfd7,169KS,,0,1,1592938597515,0,0
plugin_ios_activity_recognition,,0,2,0,f9daacfd-6043-4174-8af9-8936763acfd7,169KS,,0,0,1592938604181,0,0
plugin_ios_activity_recognition,"[""stationary""]",0,2,0,f9daacfd-6043-4174-8af9-8936763acfd7,169KS,,0,1,1592938608679,0,0
plugin_ios_activity_recognition,,0,2,0,f9daacfd-6043-4174-8af9-8936763acfd7,169KS,,0,0,1592938640753,0,0
plugin_ios_activity_recognition,"[""stationary""]",0,2,0,f9daacfd-6043-4174-8af9-8936763acfd7,169KS,,0,1,1592938648078,0,0
plugin_ios_activity_recognition,"[""stationary""]",0,2,0,f9daacfd-6043-4174-8af9-8936763acfd7,169KS,,0,1,1592938650954,0,0
plugin_ios_activity_recognition,,0,2,0,f9daacfd-6043-4174-8af9-8936763acfd7,169KS,,0,0,1592938658984,0,0
plugin_ios_activity_recognition,"[""stationary""]",0,2,0,f9daacfd-6043-4174-8af9-8936763acfd7,169KS,,0,1,1592938668521,0,0
plugin_ios_activity_recognition,,0,2,0,f9daacfd-6043-4174-8af9-8936763acfd7,169KS,,0,0,1592938692383,0,0
plugin_ios_activity_recognition,,0,2,0,f9daacfd-6043-4174-8af9-8936763acfd7,169KS,,0,0,1592938710958,0,0
plugin_ios_activity_recognition,"[""stationary""]",0,2,0,f9daacfd-6043-4174-8af9-8936763acfd7,169KS,,0,1,1592938714729,0,0
plugin_ios_activity_recognition,,0,2,0,f9daacfd-6043-4174-8af9-8936763acfd7,169KS,,0,0,1592938716958,0,0
plugin_ios_activity_recognition,"[""stationary""]",0,2,0,f9daacfd-6043-4174-8af9-8936763acfd7,169KS,,0,1,1592938724932,0,0
plugin_ios_activity_recognition,,0,2,0,f9daacfd-6043-4174-8af9-8936763acfd7,169KS,,0,0,1592938730395,0,0
plugin_ios_activity_recognition,"[""stationary""]",0,2,0,f9daacfd-6043-4174-8af9-8936763acfd7,169KS,,0,1,1592938742796,0,0
plugin_ios_activity_recognition,,0,2,0,f9daacfd-6043-4174-8af9-8936763acfd7,169KS,,0,0,1592938745357,0,0
plugin_ios_activity_recognition,"[""stationary""]",0,2,0,f9daacfd-6043-4174-8af9-8936763acfd7,169KS,,0,1,1592938761917,0,0
plugin_ios_activity_recognition,,0,2,0,f9daacfd-6043-4174-8af9-8936763acfd7,169KS,,0,0,1592938765742,0,0
plugin_ios_activity_recognition,,0,2,0,f9daacfd-6043-4174-8af9-8936763acfd7,169KS,,0,0,1592938771049,0,0
plugin_ios_activity_recognition,"[""stationary""]",0,2,0,f9daacfd-6043-4174-8af9-8936763acfd7,169KS,,0,1,1592938791638,0,0
plugin_ios_activity_recognition,,0,2,0,f9daacfd-6043-4174-8af9-8936763acfd7,169KS,,0,0,1592938796410,0,0
plugin_ios_activity_recognition,"[""stationary""]",0,2,0,f9daacfd-6043-4174-8af9-8936763acfd7,169KS,,0,1,1592938805980,0,0
plugin_ios_activity_recognition,,0,2,0,f9daacfd-6043-4174-8af9-8936763acfd7,169KS,,0,0,1592938810136,0,0
plugin_ios_activity_recognition,"[""stationary""]",0,2,0,f9daacfd-6043-4174-8af9-8936763acfd7,169KS,,0,1,1592938830885,0,0
plugin_ios_activity_recognition,"[""stationary""]",0,2,0,f9daacfd-6043-4174-8af9-8936763acfd7,169KS,,0,1,1592938830961,0,0
plugin_ios_activity_recognition,,0,2,0,f9daacfd-6043-4174-8af9-8936763acfd7,169KS,,0,0,1592938836944,0,0
plugin_ios_activity_recognition,"[""stationary""]",0,2,0,f9daacfd-6043-4174-8af9-8936763acfd7,169KS,,0,1,1592938850037,0,0
plugin_ios_activity_recognition,,0,2,0,f9daacfd-6043-4174-8af9-8936763acfd7,169KS,,0,0,1592938850389,0,0
plugin_ios_activity_recognition,"[""stationary""]",0,2,0,f9daacfd-6043-4174-8af9-8936763acfd7,169KS,,0,1,1592938875948,0,0
plugin_ios_activity_recognition,"[""stationary""]",0,2,0,f9daacfd-6043-4174-8af9-8936763acfd7,169KS,,0,1,1592938890949,0,0
plugin_ios_activity_recognition,,0,2,0,f9daacfd-6043-4174-8af9-8936763acfd7,169KS,,0,0,1592938914903,0,0
plugin_ios_activity_recognition,"[""stationary""]",0,2,0,f9daacfd-6043-4174-8af9-8936763acfd7,169KS,,0,1,1592938936289,0,0
plugin_ios_activity_recognition,"[""stationary""]",0,2,0,f9daacfd-6043-4174-8af9-8936763acfd7,169KS,,0,1,1592938950980,0,0
plugin_ios_activity_recognition,,0,2,0,f9daacfd-6043-4174-8af9-8936763acfd7,169KS,,0,0,1592938955512,0,0
plugin_ios_activity_recognition,"[""stationary""]",0,2,0,f9daacfd-6043-4174-8af9-8936763acfd7,169KS,,0,1,1592938968597,0,0
plugin_ios_activity_recognition,,0,2,0,f9daacfd-6043-4174-8af9-8936763acfd7,169KS,,0,0,1592938969869,0,0
plugin_ios_activity_recognition,"[""stationary""]",0,2,0,f9daacfd-6043-4174-8af9-8936763acfd7,169KS,,0,1,1592938982947,0,0
plugin_ios_activity_recognition,,0,2,0,f9daacfd-6043-4174-8af9-8936763acfd7,169KS,,0,0,1592938996392,0,0
plugin_ios_activity_recognition,,0,2,0,f9daacfd-6043-4174-8af9-8936763acfd7,169KS,,0,0,1592939011064,0,0
plugin_ios_activity_recognition,"[""stationary""]",0,2,0,f9daacfd-6043-4174-8af9-8936763acfd7,169KS,,0,1,1592939019096,0,0
plugin_ios_activity_recognition,,0,2,0,f9daacfd-6043-4174-8af9-8936763acfd7,169KS,,0,0,1592939024198,0,0
plugin_ios_activity_recognition,"[""stationary""]",0,2,0,f9daacfd-6043-4174-8af9-8936763acfd7,169KS,,0,1,1592939028304,0,0
plugin_ios_activity_recognition,,0,2,0,f9daacfd-6043-4174-8af9-8936763acfd7,169KS,,0,0,1592939062893,0,0
plugin_ios_activity_recognition,,0,2,0,f9daacfd-6043-4174-8af9-8936763acfd7,169KS,,0,0,1592939070949,0,0
plugin_ios_activity_recognition,"[""stationary""]",0,2,0,f9daacfd-6043-4174-8af9-8936763acfd7,169KS,,0,1,1592939071175,0,0
plugin_ios_activity_recognition,,0,2,0,f9daacfd-6043-4174-8af9-8936763acfd7,169KS,,0,0,1592939088168,0,0
plugin_ios_activity_recognition,"[""stationary""]",0,2,0,f9daacfd-6043-4174-8af9-8936763acfd7,169KS,,0,1,1592939093268,0,0
plugin_ios_activity_recognition,,0,2,0,f9daacfd-6043-4174-8af9-8936763acfd7,169KS,,0,0,1592939100259,0,0
plugin_ios_activity_recognition,"[""stationary""]",0,2,0,f9daacfd-6043-4174-8af9-8936763acfd7,169KS,,0,1,1592939105350,0,0
plugin_ios_activity_recognition,,0,2,0,f9daacfd-6043-4174-8af9-8936763acfd7,169KS,,0,0,1592939115896,0,0
plugin_ios_activity_recognition,,0,2,0,f9daacfd-6043-4174-8af9-8936763acfd7,169KS,,0,0,1592939130970,0,0
plugin_ios_activity_recognition,"[""stationary""]",0,2,0,f9daacfd-6043-4174-8af9-8936763acfd7,169KS,,0,1,1592939134129,0,0
plugin_ios_activity_recognition,,0,2,0,f9daacfd-6043-4174-8af9-8936763acfd7,169KS,,0,0,1592939151669,0,0
plugin_ios_activity_recognition,"[""stationary""]",0,2,0,f9daacfd-6043-4174-8af9-8936763acfd7,169KS,,0,1,1592939188384,0,0
plugin_ios_activity_recognition,"[""stationary""]",0,2,0,f9daacfd-6043-4174-8af9-8936763acfd7,169KS,,0,1,1592939190967,0,0
plugin_ios_activity_recognition,,0,2,0,f9daacfd-6043-4174-8af9-8936763acfd7,169KS,,0,0,1592939192528,0,0
plugin_ios_activity_recognition,"[""stationary""]",0,2,0,f9daacfd-6043-4174-8af9-8936763acfd7,169KS,,0,1,1592939203113,0,0
plugin_ios_activity_recognition,,0,2,0,f9daacfd-6043-4174-8af9-8936763acfd7,169KS,,0,0,1592939204027,0,0
plugin_ios_activity_recognition,"[""stationary""]",0,2,0,f9daacfd-6043-4174-8af9-8936763acfd7,169KS,,0,1,1592939209128,0,0
plugin_ios_activity_recognition,,0,2,0,f9daacfd-6043-4174-8af9-8936763acfd7,169KS,,0,0,1592939211995,0,0
plugin_ios_activity_recognition,"[""stationary""]",0,2,0,f9daacfd-6043-4174-8af9-8936763acfd7,169KS,,0,1,1592939216134,0,0
plugin_ios_activity_recognition,,0,2,0,f9daacfd-6043-4174-8af9-8936763acfd7,169KS,,0,0,1592939233388,0,0
plugin_ios_activity_recognition,"[""stationary""]",0,2,0,f9daacfd-6043-4174-8af9-8936763acfd7,169KS,,0,1,1592939237531,0,0
plugin_ios_activity_recognition,"[""stationary""]",0,2,0,f9daacfd-6043-4174-8af9-8936763acfd7,169KS,,0,1,1592939251027,0,0
plugin_ios_activity_recognition,,0,2,0,f9daacfd-6043-4174-8af9-8936763acfd7,169KS,,0,0,1592939266061,0,0
plugin_ios_activity_recognition,"[""walking""]",0,1,0,f9daacfd-6043-4174-8af9-8936763acfd7,169KS,,0,0,1592939272176,0,1
plugin_ios_activity_recognition,"[""walking""]",0,2,0,f9daacfd-6043-4174-8af9-8936763acfd7,169KS,,0,0,1592939277277,0,1
plugin_ios_activity_recognition,"[""stationary""]",0,2,0,f9daacfd-6043-4174-8af9-8936763acfd7,169KS,,0,1,1592939286170,0,0
plugin_ios_activity_recognition,"[""walking""]",0,2,0,f9daacfd-6043-4174-8af9-8936763acfd7,169KS,,0,0,1592939295161,0,1
plugin_ios_activity_recognition,,0,2,0,f9daacfd-6043-4174-8af9-8936763acfd7,169KS,,0,0,1592939306273,0,0
plugin_ios_activity_recognition,"[""stationary""]",0,2,0,f9daacfd-6043-4174-8af9-8936763acfd7,169KS,,0,1,1592939309784,0,0
plugin_ios_activity_recognition,"[""stationary""]",0,2,0,f9daacfd-6043-4174-8af9-8936763acfd7,169KS,,0,1,1592939310958,0,0
plugin_ios_activity_recognition,,0,2,0,f9daacfd-6043-4174-8af9-8936763acfd7,169KS,,0,0,1592939326776,0,0
plugin_ios_activity_recognition,"[""stationary""]",0,2,0,f9daacfd-6043-4174-8af9-8936763acfd7,169KS,,0,1,1592939343344,0,0
plugin_ios_activity_recognition,,0,2,0,f9daacfd-6043-4174-8af9-8936763acfd7,169KS,,0,0,1592939345249,0,0
plugin_ios_activity_recognition,"[""stationary""]",0,2,0,f9daacfd-6043-4174-8af9-8936763acfd7,169KS,,0,1,1592939350031,0,0
plugin_ios_activity_recognition,,0,2,0,f9daacfd-6043-4174-8af9-8936763acfd7,169KS,,0,0,1592939357699,0,0
plugin_ios_activity_recognition,"[""stationary""]",0,2,0,f9daacfd-6043-4174-8af9-8936763acfd7,169KS,,0,1,1592939366301,0,0
plugin_ios_activity_recognition,"[""stationary""]",0,2,0,f9daacfd-6043-4174-8af9-8936763acfd7,169KS,,0,1,1592939370971,0,0
plugin_ios_activity_recognition,,0,2,0,f9daacfd-6043-4174-8af9-8936763acfd7,169KS,,0,0,1592939376527,0,0
plugin_ios_activity_recognition,"[""stationary""]",0,2,0,f9daacfd-6043-4174-8af9-8936763acfd7,169KS,,0,1,1592939380661,0,0
plugin_ios_activity_recognition,,0,2,0,f9daacfd-6043-4174-8af9-8936763acfd7,169KS,,0,0,1592939387689,0,0
plugin_ios_activity_recognition,"[""stationary""]",0,2,0,f9daacfd-6043-4174-8af9-8936763acfd7,169KS,,0,1,1592939392814,0,0
plugin_ios_activity_recognition,,0,2,0,f9daacfd-6043-4174-8af9-8936763acfd7,169KS,,0,0,1592939400185,0,0
plugin_ios_activity_recognition,"[""stationary""]",0,2,0,f9daacfd-6043-4174-8af9-8936763acfd7,169KS,,0,1,1592939407543,0,0
plugin_ios_activity_recognition,,0,2,0,f9daacfd-6043-4174-8af9-8936763acfd7,169KS,,0,0,1592939416434,0,0
plugin_ios_activity_recognition,"[""stationary""]",0,2,0,f9daacfd-6043-4174-8af9-8936763acfd7,169KS,,0,1,1592939420578,0,0
plugin_ios_activity_recognition,,0,2,0,f9daacfd-6043-4174-8af9-8936763acfd7,169KS,,0,0,1592939424722,0,0
plugin_ios_activity_recognition,"[""stationary""]",0,2,0,f9daacfd-6043-4174-8af9-8936763acfd7,169KS,,0,1,1592939430770,0,0
plugin_ios_activity_recognition,"[""stationary""]",0,2,0,f9daacfd-6043-4174-8af9-8936763acfd7,169KS,,0,1,1592939430957,0,0
plugin_ios_activity_recognition,,0,2,0,f9daacfd-6043-4174-8af9-8936763acfd7,169KS,,0,0,1592939432366,0,0
plugin_ios_activity_recognition,"[""stationary""]",0,2,0,f9daacfd-6043-4174-8af9-8936763acfd7,169KS,,0,1,1592939439406,0,0
plugin_ios_activity_recognition,,0,2,0,f9daacfd-6043-4174-8af9-8936763acfd7,169KS,,0,0,1592939441321,0,0
plugin_ios_activity_recognition,"[""stationary""]",0,2,0,f9daacfd-6043-4174-8af9-8936763acfd7,169KS,,0,1,1592939467793,0,0
plugin_ios_activity_recognition,,0,2,0,f9daacfd-6043-4174-8af9-8936763acfd7,169KS,,0,0,1592939478663,0,0
plugin_ios_activity_recognition,"[""stationary""]",0,2,0,f9daacfd-6043-4174-8af9-8936763acfd7,169KS,,0,1,1592939483755,0,0
plugin_ios_activity_recognition,,0,2,0,f9daacfd-6043-4174-8af9-8936763acfd7,169KS,,0,0,1592939490459,0,0
plugin_ios_activity_recognition,,0,2,0,f9daacfd-6043-4174-8af9-8936763acfd7,169KS,,0,0,1592939491009,0,0
plugin_ios_activity_recognition,"[""stationary""]",0,2,0,f9daacfd-6043-4174-8af9-8936763acfd7,169KS,,0,1,1592939512789,0,0
plugin_ios_activity_recognition,,0,2,0,f9daacfd-6043-4174-8af9-8936763acfd7,169KS,,0,0,1592939513108,0,0
plugin_ios_activity_recognition,"[""stationary""]",0,2,0,f9daacfd-6043-4174-8af9-8936763acfd7,169KS,,0,1,1592939524572,0,0
plugin_ios_activity_recognition,"[""stationary""]",0,2,0,f9daacfd-6043-4174-8af9-8936763acfd7,169KS,,0,1,1592939550958,0,0
plugin_ios_activity_recognition,,0,2,0,f9daacfd-6043-4174-8af9-8936763acfd7,169KS,,0,0,1592939606608,0,0
plugin_ios_activity_recognition,"[""stationary""]",0,2,0,f9daacfd-6043-4174-8af9-8936763acfd7,169KS,,0,1,1592939610113,0,0
plugin_ios_activity_recognition,"[""stationary""]",0,2,0,f9daacfd-6043-4174-8af9-8936763acfd7,169KS,,0,1,1592939610958,0,0
plugin_ios_activity_recognition,,0,2,0,f9daacfd-6043-4174-8af9-8936763acfd7,169KS,,0,0,1592939623206,0,0
plugin_ios_activity_recognition,"[""stationary""]",0,2,0,f9daacfd-6043-4174-8af9-8936763acfd7,169KS,,0,1,1592939626712,0,0
plugin_ios_activity_recognition,,0,2,0,f9daacfd-6043-4174-8af9-8936763acfd7,169KS,,0,0,1592939658760,0,0
plugin_ios_activity_recognition,"[""stationary""]",0,2,0,f9daacfd-6043-4174-8af9-8936763acfd7,169KS,,0,1,1592939662904,0,0
plugin_ios_activity_recognition,"[""stationary""]",0,2,0,f9daacfd-6043-4174-8af9-8936763acfd7,169KS,,0,1,1592939670957,0,0
plugin_ios_activity_recognition,,0,2,0,f9daacfd-6043-4174-8af9-8936763acfd7,169KS,,0,0,1592939713486,0,0
plugin_ios_activity_recognition,"[""stationary""]",0,2,0,f9daacfd-6043-4174-8af9-8936763acfd7,169KS,,0,1,1592939717635,0,0
plugin_ios_activity_recognition,"[""stationary""]",0,2,0,f9daacfd-6043-4174-8af9-8936763acfd7,169KS,,0,1,1592939731018,0,0
plugin_ios_activity_recognition,,0,2,0,f9daacfd-6043-4174-8af9-8936763acfd7,169KS,,0,0,1592939740676,0,0
plugin_ios_activity_recognition,"[""stationary""]",0,2,0,f9daacfd-6043-4174-8af9-8936763acfd7,169KS,,0,1,1592939747053,0,0
plugin_ios_activity_recognition,,0,2,0,f9daacfd-6043-4174-8af9-8936763acfd7,169KS,,0,0,1592939757266,0,0
plugin_ios_activity_recognition,"[""stationary""]",0,2,0,f9daacfd-6043-4174-8af9-8936763acfd7,169KS,,0,1,1592939763648,0,0
plugin_ios_activity_recognition,,0,2,0,f9daacfd-6043-4174-8af9-8936763acfd7,169KS,,0,0,1592939770979,0,0
plugin_ios_activity_recognition,"[""stationary""]",0,2,0,f9daacfd-6043-4174-8af9-8936763acfd7,169KS,,0,1,1592939775123,0,0
plugin_ios_activity_recognition,,0,2,0,f9daacfd-6043-4174-8af9-8936763acfd7,169KS,,0,0,1592939782465,0,0
plugin_ios_activity_recognition,,0,2,0,f9daacfd-6043-4174-8af9-8936763acfd7,169KS,,0,0,1592939790960,0,0
plugin_ios_activity_recognition,"[""stationary""]",0,2,0,f9daacfd-6043-4174-8af9-8936763acfd7,169KS,,0,1,1592939800951,0,0
plugin_ios_activity_recognition,,0,2,0,f9daacfd-6043-4174-8af9-8936763acfd7,169KS,,0,0,1592939801304,0,0
plugin_ios_activity_recognition,"[""stationary""]",0,2,0,f9daacfd-6043-4174-8af9-8936763acfd7,169KS,,0,1,1592939816914,0,0
plugin_ios_activity_recognition,,0,2,0,f9daacfd-6043-4174-8af9-8936763acfd7,169KS,,0,0,1592939828386,0,0
plugin_ios_activity_recognition,"[""stationary""]",0,2,0,f9daacfd-6043-4174-8af9-8936763acfd7,169KS,,0,1,1592939838583,0,0
plugin_ios_activity_recognition,,0,2,0,f9daacfd-6043-4174-8af9-8936763acfd7,169KS,,0,0,1592939840493,0,0
plugin_ios_activity_recognition,,0,2,0,f9daacfd-6043-4174-8af9-8936763acfd7,169KS,,0,0,1592939850964,0,0
plugin_ios_activity_recognition,"[""stationary""]",0,2,0,f9daacfd-6043-4174-8af9-8936763acfd7,169KS,,0,1,1592939857410,0,0
plugin_ios_activity_recognition,,0,2,0,f9daacfd-6043-4174-8af9-8936763acfd7,169KS,,0,0,1592939866030,0,0
plugin_ios_activity_recognition,"[""stationary""]",0,2,0,f9daacfd-6043-4174-8af9-8936763acfd7,169KS,,0,1,1592939877502,0,0
plugin_ios_activity_recognition,,0,2,0,f9daacfd-6043-4174-8af9-8936763acfd7,169KS,,0,0,1592939886484,0,0
plugin_ios_activity_recognition,"[""stationary""]",0,2,0,f9daacfd-6043-4174-8af9-8936763acfd7,169KS,,0,1,1592939895415,0,0
plugin_ios_activity_recognition,,0,2,0,f9daacfd-6043-4174-8af9-8936763acfd7,169KS,,0,0,1592939899878,0,0
plugin_ios_activity_recognition,"[""stationary""]",0,2,0,f9daacfd-6043-4174-8af9-8936763acfd7,169KS,,0,1,1592939906574,0,0
plugin_ios_activity_recognition,,0,2,0,f9daacfd-6043-4174-8af9-8936763acfd7,169KS,,0,0,1592939907208,0,0
plugin_ios_activity_recognition,,0,2,0,f9daacfd-6043-4174-8af9-8936763acfd7,169KS,,0,0,1592939910957,0,0
plugin_ios_activity_recognition,"[""stationary""]",0,2,0,f9daacfd-6043-4174-8af9-8936763acfd7,169KS,,0,1,1592939929851,0,0
plugin_ios_activity_recognition,,0,2,0,f9daacfd-6043-4174-8af9-8936763acfd7,169KS,,0,0,1592939961557,0,0
plugin_ios_activity_recognition,"[""stationary""]",0,2,0,f9daacfd-6043-4174-8af9-8936763acfd7,169KS,,0,1,1592939965701,0,0
plugin_ios_activity_recognition,"[""stationary""]",0,2,0,f9daacfd-6043-4174-8af9-8936763acfd7,169KS,,0,1,1592939971052,0,0
plugin_ios_activity_recognition,,0,2,0,f9daacfd-6043-4174-8af9-8936763acfd7,169KS,,0,0,1592939973687,0,0
plugin_ios_activity_recognition,"[""stationary""]",0,2,0,f9daacfd-6043-4174-8af9-8936763acfd7,169KS,,0,1,1592940003094,0,0
plugin_ios_activity_recognition,,0,2,0,f9daacfd-6043-4174-8af9-8936763acfd7,169KS,,0,0,1592940004970,0,0
plugin_ios_activity_recognition,,0,2,0,f9daacfd-6043-4174-8af9-8936763acfd7,169KS,,0,0,1592940030961,0,0
plugin_ios_activity_recognition,"[""walking""]",0,1,0,f9daacfd-6043-4174-8af9-8936763acfd7,169KS,,0,0,1592940046478,0,1
plugin_ios_activity_recognition,"[""stationary""]",0,2,0,f9daacfd-6043-4174-8af9-8936763acfd7,169KS,,0,1,1592940051231,0,0
plugin_ios_activity_recognition,"[""walking""]",0,2,0,f9daacfd-6043-4174-8af9-8936763acfd7,169KS,,0,0,1592940055375,0,1
plugin_ios_activity_recognition,"[""stationary""]",0,2,0,f9daacfd-6043-4174-8af9-8936763acfd7,169KS,,0,1,1592940063014,0,0
plugin_ios_activity_recognition,"[""walking""]",0,2,0,f9daacfd-6043-4174-8af9-8936763acfd7,169KS,,0,0,1592940069706,0,1
plugin_ios_activity_recognition,"[""walking""]",0,2,0,f9daacfd-6043-4174-8af9-8936763acfd7,169KS,,0,0,1592940090963,0,1
plugin_ios_activity_recognition,"[""stationary""]",0,2,0,f9daacfd-6043-4174-8af9-8936763acfd7,169KS,,0,1,1592940095251,0,0
plugin_ios_activity_recognition,"[""walking""]",0,2,0,f9daacfd-6043-4174-8af9-8936763acfd7,169KS,,0,0,1592940096527,0,1
plugin_ios_activity_recognition,,0,2,0,f9daacfd-6043-4174-8af9-8936763acfd7,169KS,,0,0,1592940097804,0,0
plugin_ios_activity_recognition,"[""stationary""]",0,2,0,f9daacfd-6043-4174-8af9-8936763acfd7,169KS,,0,1,1592940107735,0,0
plugin_ios_activity_recognition,,0,2,0,f9daacfd-6043-4174-8af9-8936763acfd7,169KS,,0,0,1592940112165,0,0
plugin_ios_activity_recognition,"[""stationary""]",0,2,0,f9daacfd-6043-4174-8af9-8936763acfd7,169KS,,0,1,1592940119824,0,0
plugin_ios_activity_recognition,,0,2,0,f9daacfd-6043-4174-8af9-8936763acfd7,169KS,,0,0,1592940128760,0,0
plugin_ios_activity_recognition,"[""stationary""]",0,2,0,f9daacfd-6043-4174-8af9-8936763acfd7,169KS,,0,1,1592940135456,0,0
plugin_ios_activity_recognition,,0,2,0,f9daacfd-6043-4174-8af9-8936763acfd7,169KS,,0,0,1592940141837,0,0
plugin_ios_activity_recognition,,0,2,0,f9daacfd-6043-4174-8af9-8936763acfd7,169KS,,0,0,1592940150957,0,0
plugin_ios_activity_recognition,"[""stationary""]",0,2,0,f9daacfd-6043-4174-8af9-8936763acfd7,169KS,,0,1,1592940167051,0,0
plugin_ios_activity_recognition,,0,2,0,f9daacfd-6043-4174-8af9-8936763acfd7,169KS,,0,0,1592940169605,0,0
plugin_ios_activity_recognition,"[""stationary""]",0,2,0,f9daacfd-6043-4174-8af9-8936763acfd7,169KS,,0,1,1592940173115,0,0
plugin_ios_activity_recognition,,0,2,0,f9daacfd-6043-4174-8af9-8936763acfd7,169KS,,0,0,1592940197689,0,0
plugin_ios_activity_recognition,"[""stationary""]",0,2,0,f9daacfd-6043-4174-8af9-8936763acfd7,169KS,,0,1,1592940202189,0,0
plugin_ios_activity_recognition,,0,2,0,f9daacfd-6043-4174-8af9-8936763acfd7,169KS,,0,0,1592940206296,0,0
plugin_ios_activity_recognition,"[""stationary""]",0,2,0,f9daacfd-6043-4174-8af9-8936763acfd7,169KS,,0,1,1592940210439,0,0
plugin_ios_activity_recognition,"[""stationary""]",0,2,0,f9daacfd-6043-4174-8af9-8936763acfd7,169KS,,0,1,1592940211054,0,0
plugin_ios_activity_recognition,,0,2,0,f9daacfd-6043-4174-8af9-8936763acfd7,169KS,,0,0,1592940215545,0,0
plugin_ios_activity_recognition,"[""stationary""]",0,2,0,f9daacfd-6043-4174-8af9-8936763acfd7,169KS,,0,1,1592940222885,0,0
plugin_ios_activity_recognition,,0,2,0,f9daacfd-6043-4174-8af9-8936763acfd7,169KS,,0,0,1592940225151,0,0
plugin_ios_activity_recognition,"[""stationary""]",0,2,0,f9daacfd-6043-4174-8af9-8936763acfd7,169KS,,0,1,1592940228620,0,0
plugin_ios_activity_recognition,,0,2,0,f9daacfd-6043-4174-8af9-8936763acfd7,169KS,,0,0,1592940251046,0,0
plugin_ios_activity_recognition,"[""stationary""]",0,2,0,f9daacfd-6043-4174-8af9-8936763acfd7,169KS,,0,1,1592940264733,0,0
plugin_ios_activity_recognition,"[""stationary""]",0,2,0,f9daacfd-6043-4174-8af9-8936763acfd7,169KS,,0,1,1592940270959,0,0
plugin_ios_activity_recognition,,0,2,0,f9daacfd-6043-4174-8af9-8936763acfd7,169KS,,0,0,1592940287816,0,0
plugin_ios_activity_recognition,"[""stationary""]",0,2,0,f9daacfd-6043-4174-8af9-8936763acfd7,169KS,,0,1,1592940293555,0,0
plugin_ios_activity_recognition,"[""stationary""]",0,2,0,f9daacfd-6043-4174-8af9-8936763acfd7,169KS,,0,1,1592940330962,0,0
plugin_ios_activity_recognition,,0,2,0,f9daacfd-6043-4174-8af9-8936763acfd7,169KS,,0,0,1592940351524,0,0
plugin_ios_activity_recognition,"[""stationary""]",0,2,0,f9daacfd-6043-4174-8af9-8936763acfd7,169KS,,0,1,1592940355029,0,0
plugin_ios_activity_recognition,,0,2,0,f9daacfd-6043-4174-8af9-8936763acfd7,169KS,,0,0,1592940361716,0,0
plugin_ios_activity_recognition,"[""stationary""]",0,2,0,f9daacfd-6043-4174-8af9-8936763acfd7,169KS,,0,1,1592940365255,0,0
plugin_ios_activity_recognition,,0,2,0,f9daacfd-6043-4174-8af9-8936763acfd7,169KS,,0,0,1592940369072,0,0
plugin_ios_activity_recognition,"[""stationary""]",0,2,0,f9daacfd-6043-4174-8af9-8936763acfd7,169KS,,0,1,1592940372582,0,0
plugin_ios_activity_recognition,,0,2,0,f9daacfd-6043-4174-8af9-8936763acfd7,169KS,,0,0,1592940376726,0,0
plugin_ios_activity_recognition,"[""stationary""]",0,2,0,f9daacfd-6043-4174-8af9-8936763acfd7,169KS,,0,1,1592940381498,0,0
plugin_ios_activity_recognition,,0,2,0,f9daacfd-6043-4174-8af9-8936763acfd7,169KS,,0,0,1592940386599,0,0
plugin_ios_activity_recognition,"[""stationary""]",0,2,0,f9daacfd-6043-4174-8af9-8936763acfd7,169KS,,0,1,1592940390742,0,0
plugin_ios_activity_recognition,"[""stationary""]",0,2,0,f9daacfd-6043-4174-8af9-8936763acfd7,169KS,,0,1,1592940390958,0,0
plugin_ios_activity_recognition,,0,2,0,f9daacfd-6043-4174-8af9-8936763acfd7,169KS,,0,0,1592940402898,0,0
plugin_ios_activity_recognition,"[""stationary""]",0,2,0,f9daacfd-6043-4174-8af9-8936763acfd7,169KS,,0,1,1592940408957,0,0
plugin_ios_activity_recognition,,0,2,0,f9daacfd-6043-4174-8af9-8936763acfd7,169KS,,0,0,1592940411861,0,0
plugin_ios_activity_recognition,"[""stationary""]",0,2,0,f9daacfd-6043-4174-8af9-8936763acfd7,169KS,,0,1,1592940425860,0,0
plugin_ios_activity_recognition,,0,2,0,f9daacfd-6043-4174-8af9-8936763acfd7,169KS,,0,0,1592940431615,0,0
plugin_ios_activity_recognition,"[""stationary""]",0,2,0,f9daacfd-6043-4174-8af9-8936763acfd7,169KS,,0,1,1592940437391,0,0
plugin_ios_activity_recognition,,0,2,0,f9daacfd-6043-4174-8af9-8936763acfd7,169KS,,0,0,1592940447906,0,0
plugin_ios_activity_recognition,,0,2,0,f9daacfd-6043-4174-8af9-8936763acfd7,169KS,,0,0,1592940450999,0,0
plugin_ios_activity_recognition,"[""stationary""]",0,2,0,f9daacfd-6043-4174-8af9-8936763acfd7,169KS,,0,1,1592940452368,0,0
plugin_ios_activity_recognition,,0,2,0,f9daacfd-6043-4174-8af9-8936763acfd7,169KS,,0,0,1592940460386,0,0
plugin_ios_activity_recognition,"[""stationary""]",0,2,0,f9daacfd-6043-4174-8af9-8936763acfd7,169KS,,0,1,1592940469893,0,0
plugin_ios_activity_recognition,,0,2,0,f9daacfd-6043-4174-8af9-8936763acfd7,169KS,,0,0,1592940482005,0,0
plugin_ios_activity_recognition,"[""stationary""]",0,2,0,f9daacfd-6043-4174-8af9-8936763acfd7,169KS,,0,1,1592940486777,0,0
plugin_ios_activity_recognition,,0,2,0,f9daacfd-6043-4174-8af9-8936763acfd7,169KS,,0,0,1592940490958,0,0
plugin_ios_activity_recognition,"[""stationary""]",0,2,0,f9daacfd-6043-4174-8af9-8936763acfd7,169KS,,0,1,1592940501152,0,0
plugin_ios_activity_recognition,"[""stationary""]",0,2,0,f9daacfd-6043-4174-8af9-8936763acfd7,169KS,,0,1,1592940510963,0,0
plugin_ios_activity_recognition,,0,2,0,f9daacfd-6043-4174-8af9-8936763acfd7,169KS,,0,0,1592940516147,0,0
plugin_ios_activity_recognition,"[""stationary""]",0,2,0,f9daacfd-6043-4174-8af9-8936763acfd7,169KS,,0,1,1592940529243,0,0
plugin_ios_activity_recognition,,0,2,0,f9daacfd-6043-4174-8af9-8936763acfd7,169KS,,0,0,1592940536225,0,0
plugin_ios_activity_recognition,"[""stationary""]",0,2,0,f9daacfd-6043-4174-8af9-8936763acfd7,169KS,,0,1,1592940543241,0,0
plugin_ios_activity_recognition,,0,2,0,f9daacfd-6043-4174-8af9-8936763acfd7,169KS,,0,0,1592940546417,0,0
plugin_ios_activity_recognition,,0,2,0,f9daacfd-6043-4174-8af9-8936763acfd7,169KS,,0,0,1592940570966,0,0
plugin_ios_activity_recognition,"[""stationary""]",0,2,0,f9daacfd-6043-4174-8af9-8936763acfd7,169KS,,0,1,1592940571009,0,0
plugin_ios_activity_recognition,,0,2,0,f9daacfd-6043-4174-8af9-8936763acfd7,169KS,,0,0,1592940573243,0,0
plugin_ios_activity_recognition,"[""stationary""]",0,2,0,f9daacfd-6043-4174-8af9-8936763acfd7,169KS,,0,1,1592940585408,0,0
plugin_ios_activity_recognition,,0,2,0,f9daacfd-6043-4174-8af9-8936763acfd7,169KS,,0,0,1592940607775,0,0
plugin_ios_activity_recognition,"[""stationary""]",0,2,0,f9daacfd-6043-4174-8af9-8936763acfd7,169KS,,0,1,1592940611280,0,0
plugin_ios_activity_recognition,,0,2,0,f9daacfd-6043-4174-8af9-8936763acfd7,169KS,,0,0,1592940616099,0,0
plugin_ios_activity_recognition,"[""stationary""]",0,2,0,f9daacfd-6043-4174-8af9-8936763acfd7,169KS,,0,1,1592940619567,0,0
plugin_ios_activity_recognition,,0,2,0,f9daacfd-6043-4174-8af9-8936763acfd7,169KS,,0,0,1592940625302,0,0
plugin_ios_activity_recognition,"[""stationary""]",0,2,0,f9daacfd-6043-4174-8af9-8936763acfd7,169KS,,0,1,1592940628849,0,0
plugin_ios_activity_recognition,,0,2,0,f9daacfd-6043-4174-8af9-8936763acfd7,169KS,,0,0,1592940629131,0,0
plugin_ios_activity_recognition,,0,2,0,f9daacfd-6043-4174-8af9-8936763acfd7,169KS,,0,0,1592940630963,0,0
plugin_ios_activity_recognition,"[""stationary""]",0,2,0,f9daacfd-6043-4174-8af9-8936763acfd7,169KS,,0,1,1592940641589,0,0
plugin_ios_activity_recognition,,0,2,0,f9daacfd-6043-4174-8af9-8936763acfd7,169KS,,0,0,1592940651132,0,0
plugin_ios_activity_recognition,"[""stationary""]",0,2,0,f9daacfd-6043-4174-8af9-8936763acfd7,169KS,,0,1,1592940661010,0,0
plugin_ios_activity_recognition,,0,2,0,f9daacfd-6043-4174-8af9-8936763acfd7,169KS,,0,0,1592940668354,0,0
plugin_ios_activity_recognition,"[""stationary""]",0,2,0,f9daacfd-6043-4174-8af9-8936763acfd7,169KS,,0,1,1592940671860,0,0
plugin_ios_activity_recognition,"[""stationary""]",0,2,0,f9daacfd-6043-4174-8af9-8936763acfd7,169KS,,0,1,1592940691005,0,0
plugin_ios_activity_recognition,,0,2,0,f9daacfd-6043-4174-8af9-8936763acfd7,169KS,,0,0,1592940705480,0,0
plugin_ios_activity_recognition,"[""stationary""]",0,2,0,f9daacfd-6043-4174-8af9-8936763acfd7,169KS,,0,1,1592940708956,0,0
plugin_ios_activity_recognition,,0,2,0,f9daacfd-6043-4174-8af9-8936763acfd7,169KS,,0,0,1592940726283,0,0
plugin_ios_activity_recognition,"[""stationary""]",0,2,0,f9daacfd-6043-4174-8af9-8936763acfd7,169KS,,0,1,1592940739999,0,0
plugin_ios_activity_recognition,,0,2,0,f9daacfd-6043-4174-8af9-8936763acfd7,169KS,,0,0,1592940742552,0,0
plugin_ios_activity_recognition,,0,2,0,f9daacfd-6043-4174-8af9-8936763acfd7,169KS,,0,0,1592940750956,0,0
plugin_ios_activity_recognition,"[""stationary""]",0,2,0,f9daacfd-6043-4174-8af9-8936763acfd7,169KS,,0,1,1592940754641,0,0
plugin_ios_activity_recognition,,0,2,0,f9daacfd-6043-4174-8af9-8936763acfd7,169KS,,0,0,1592940757509,0,0
plugin_ios_activity_recognition,"[""stationary""]",0,2,0,f9daacfd-6043-4174-8af9-8936763acfd7,169KS,,0,1,1592940766133,0,0
plugin_ios_activity_recognition,,0,2,0,f9daacfd-6043-4174-8af9-8936763acfd7,169KS,,0,0,1592940781161,0,0
plugin_ios_activity_recognition,"[""stationary""]",0,2,0,f9daacfd-6043-4174-8af9-8936763acfd7,169KS,,0,1,1592940784703,0,0
plugin_ios_activity_recognition,"[""stationary""]",0,2,0,f9daacfd-6043-4174-8af9-8936763acfd7,169KS,,0,1,1592940810965,0,0
plugin_ios_activity_recognition,,0,2,0,f9daacfd-6043-4174-8af9-8936763acfd7,169KS,,0,0,1592940825873,0,0
plugin_ios_activity_recognition,"[""stationary""]",0,2,0,f9daacfd-6043-4174-8af9-8936763acfd7,169KS,,0,1,1592940834465,0,0
plugin_ios_activity_recognition,,0,2,0,f9daacfd-6043-4174-8af9-8936763acfd7,169KS,,0,0,1592940835098,0,0
plugin_ios_activity_recognition,"[""stationary""]",0,2,0,f9daacfd-6043-4174-8af9-8936763acfd7,169KS,,0,1,1592940841156,0,0
plugin_ios_activity_recognition,,0,2,0,f9daacfd-6043-4174-8af9-8936763acfd7,169KS,,0,0,1592940855190,0,0
plugin_ios_activity_recognition,"[""stationary""]",0,2,0,f9daacfd-6043-4174-8af9-8936763acfd7,169KS,,0,1,1592940860296,0,0
plugin_ios_activity_recognition,"[""stationary""]",0,2,0,f9daacfd-6043-4174-8af9-8936763acfd7,169KS,,0,1,1592940870964,0,0
plugin_ios_activity_recognition,,0,2,0,f9daacfd-6043-4174-8af9-8936763acfd7,169KS,,0,0,1592940878492,0,0
plugin_ios_activity_recognition,"[""stationary""]",0,2,0,f9daacfd-6043-4174-8af9-8936763acfd7,169KS,,0,1,1592940887731,0,0
plugin_ios_activity_recognition,,0,2,0,f9daacfd-6043-4174-8af9-8936763acfd7,169KS,,0,0,1592940889359,0,0
plugin_ios_activity_recognition,"[""stationary""]",0,2,0,f9daacfd-6043-4174-8af9-8936763acfd7,169KS,,0,1,1592940900795,0,0
plugin_ios_activity_recognition,,0,2,0,f9daacfd-6043-4174-8af9-8936763acfd7,169KS,,0,0,1592940905577,0,0
plugin_ios_activity_recognition,"[""stationary""]",0,2,0,f9daacfd-6043-4174-8af9-8936763acfd7,169KS,,0,1,1592940915774,0,0
plugin_ios_activity_recognition,,0,2,0,f9daacfd-6043-4174-8af9-8936763acfd7,169KS,,0,0,1592940922807,0,0
plugin_ios_activity_recognition,"[""stationary""]",0,2,0,f9daacfd-6043-4174-8af9-8936763acfd7,169KS,,0,1,1592940928865,0,0
plugin_ios_activity_recognition,"[""stationary""]",0,2,0,f9daacfd-6043-4174-8af9-8936763acfd7,169KS,,0,1,1592940931026,0,0
plugin_ios_activity_recognition,,0,2,0,f9daacfd-6043-4174-8af9-8936763acfd7,169KS,,0,0,1592940933009,0,0
plugin_ios_activity_recognition,"[""stationary""]",0,2,0,f9daacfd-6043-4174-8af9-8936763acfd7,169KS,,0,1,1592940947666,0,0
plugin_ios_activity_recognition,,0,2,0,f9daacfd-6043-4174-8af9-8936763acfd7,169KS,,0,0,1592940953114,0,0
plugin_ios_activity_recognition,"[""stationary""]",0,2,0,f9daacfd-6043-4174-8af9-8936763acfd7,169KS,,0,1,1592940985922,0,0
plugin_ios_activity_recognition,,0,2,0,f9daacfd-6043-4174-8af9-8936763acfd7,169KS,,0,0,1592940987193,0,0
plugin_ios_activity_recognition,,0,2,0,f9daacfd-6043-4174-8af9-8936763acfd7,169KS,,0,0,1592940990956,0,0
plugin_ios_activity_recognition,,0,2,0,f9daacfd-6043-4174-8af9-8936763acfd7,169KS,supplement,0,0,1592941050956,0,0
plugin_ios_activity_recognition,,0,2,0,f9daacfd-6043-4174-8af9-8936763acfd7,169KS,,0,0,1592941050964,0,0
plugin_ios_activity_recognition,,0,2,0,f9daacfd-6043-4174-8af9-8936763acfd7,169KS,supplement,0,0,1592941110956,0,0
plugin_ios_activity_recognition,,0,2,0,f9daacfd-6043-4174-8af9-8936763acfd7,169KS,,0,0,1592941110961,0,0
plugin_ios_activity_recognition,"[""stationary""]",0,2,0,f9daacfd-6043-4174-8af9-8936763acfd7,169KS,,0,1,1592941113053,0,0
plugin_ios_activity_recognition,,0,2,0,f9daacfd-6043-4174-8af9-8936763acfd7,169KS,,0,0,1592941121656,0,0
plugin_ios_activity_recognition,,0,2,0,f9daacfd-6043-4174-8af9-8936763acfd7,169KS,,0,0,1592941171048,0,0
plugin_ios_activity_recognition,"[""stationary""]",0,2,0,f9daacfd-6043-4174-8af9-8936763acfd7,169KS,,0,1,1592941176797,0,0
plugin_ios_activity_recognition,"[""stationary""]",0,2,0,f9daacfd-6043-4174-8af9-8936763acfd7,169KS,,0,1,1592941230963,0,0
plugin_ios_activity_recognition,"[""stationary""]",0,2,0,f9daacfd-6043-4174-8af9-8936763acfd7,169KS,,0,1,1592941290961,0,0
plugin_ios_activity_recognition,"[""stationary""]",0,2,0,f9daacfd-6043-4174-8af9-8936763acfd7,169KS,supplement,0,1,1592941350961,0,0
plugin_ios_activity_recognition,"[""stationary""]",0,2,0,f9daacfd-6043-4174-8af9-8936763acfd7,169KS,supplement,0,1,1592941410961,0,0
plugin_ios_activity_recognition,"[""stationary""]",0,2,0,f9daacfd-6043-4174-8af9-8936763acfd7,169KS,,0,1,1592941410986,0,0
plugin_ios_activity_recognition,"[""stationary""]",0,2,0,f9daacfd-6043-4174-8af9-8936763acfd7,169KS,,0,1,1592941470958,0,0
plugin_ios_activity_recognition,"[""stationary""]",0,2,0,f9daacfd-6043-4174-8af9-8936763acfd7,169KS,supplement,0,1,1592941470961,0,0
plugin_ios_activity_recognition,,0,2,0,f9daacfd-6043-4174-8af9-8936763acfd7,169KS,,0,0,1592941483168,0,0
plugin_ios_activity_recognition,"[""stationary""]",0,2,0,f9daacfd-6043-4174-8af9-8936763acfd7,169KS,,0,1,1592941501036,0,0
plugin_ios_activity_recognition,"[""stationary""]",0,2,0,f9daacfd-6043-4174-8af9-8936763acfd7,169KS,,0,1,1592941530965,0,0
plugin_ios_activity_recognition,"[""stationary""]",0,2,0,f9daacfd-6043-4174-8af9-8936763acfd7,169KS,,0,1,1592941590963,0,0
plugin_ios_activity_recognition,"[""stationary""]",0,2,0,f9daacfd-6043-4174-8af9-8936763acfd7,169KS,supplement,0,1,1592941650963,0,0
plugin_ios_activity_recognition,"[""stationary""]",0,2,0,f9daacfd-6043-4174-8af9-8936763acfd7,169KS,,0,1,1592941651043,0,0
plugin_ios_activity_recognition,"[""stationary""]",0,2,0,f9daacfd-6043-4174-8af9-8936763acfd7,169KS,,0,1,1592941710963,0,0
plugin_ios_activity_recognition,"[""stationary""]",0,2,0,f9daacfd-6043-4174-8af9-8936763acfd7,169KS,,0,1,1592941770962,0,0
plugin_ios_activity_recognition,"[""stationary""]",0,2,0,f9daacfd-6043-4174-8af9-8936763acfd7,169KS,,0,1,1592941830962,0,0
plugin_ios_activity_recognition,"[""stationary""]",0,2,0,f9daacfd-6043-4174-8af9-8936763acfd7,169KS,supplement,0,1,1592941890962,0,0
plugin_ios_activity_recognition,"[""stationary""]",0,2,0,f9daacfd-6043-4174-8af9-8936763acfd7,169KS,,0,1,1592941891025,0,0
plugin_ios_activity_recognition,"[""stationary""]",0,2,0,f9daacfd-6043-4174-8af9-8936763acfd7,169KS,supplement,0,1,1592941950962,0,0
plugin_ios_activity_recognition,"[""stationary""]",0,2,0,f9daacfd-6043-4174-8af9-8936763acfd7,169KS,,0,1,1592941950963,0,0
plugin_ios_activity_recognition,,0,2,0,f9daacfd-6043-4174-8af9-8936763acfd7,169KS,,0,0,1592941984689,0,0
plugin_ios_activity_recognition,,0,2,0,f9daacfd-6043-4174-8af9-8936763acfd7,169KS,,0,0,1592942010959,0,0
plugin_ios_activity_recognition,"[""stationary""]",0,2,0,f9daacfd-6043-4174-8af9-8936763acfd7,169KS,,0,1,1592942040483,0,0
plugin_ios_activity_recognition,,0,2,0,f9daacfd-6043-4174-8af9-8936763acfd7,169KS,,0,0,1592942042079,0,0
plugin_ios_activity_recognition,,0,2,0,f9daacfd-6043-4174-8af9-8936763acfd7,169KS,,0,0,1592942070964,0,0
plugin_ios_activity_recognition,"[""stationary""]",0,2,0,f9daacfd-6043-4174-8af9-8936763acfd7,169KS,,0,1,1592942076587,0,0
plugin_ios_activity_recognition,,0,2,0,f9daacfd-6043-4174-8af9-8936763acfd7,169KS,,0,0,1592942081328,0,0
plugin_ios_activity_recognition,"[""stationary""]",0,2,0,f9daacfd-6043-4174-8af9-8936763acfd7,169KS,,0,1,1592942085157,0,0
plugin_ios_activity_recognition,,0,2,0,f9daacfd-6043-4174-8af9-8936763acfd7,169KS,,0,0,1592942085795,0,0
plugin_ios_activity_recognition,"[""stationary""]",0,2,0,f9daacfd-6043-4174-8af9-8936763acfd7,169KS,,0,1,1592942090263,0,0
plugin_ios_activity_recognition,,0,2,0,f9daacfd-6043-4174-8af9-8936763acfd7,169KS,,0,0,1592942093454,0,0
plugin_ios_activity_recognition,"[""stationary""]",0,2,0,f9daacfd-6043-4174-8af9-8936763acfd7,169KS,,0,1,1592942097921,0,0
plugin_ios_activity_recognition,,0,2,0,f9daacfd-6043-4174-8af9-8936763acfd7,169KS,,0,0,1592942107813,0,0
plugin_ios_activity_recognition,,0,2,0,f9daacfd-6043-4174-8af9-8936763acfd7,169KS,,0,0,1592942130963,0,0
plugin_ios_activity_recognition,,0,2,0,f9daacfd-6043-4174-8af9-8936763acfd7,169KS,,0,0,1592942190958,0,0
plugin_ios_activity_recognition,"[""stationary""]",0,2,0,f9daacfd-6043-4174-8af9-8936763acfd7,169KS,,0,1,1592942204230,0,0
plugin_ios_activity_recognition,"[""stationary""]",0,2,0,f9daacfd-6043-4174-8af9-8936763acfd7,169KS,,0,1,1592942250969,0,0
plugin_ios_activity_recognition,"[""stationary""]",0,2,0,f9daacfd-6043-4174-8af9-8936763acfd7,169KS,supplement,0,1,1592942310969,0,0
plugin_ios_activity_recognition,"[""stationary""]",0,2,0,f9daacfd-6043-4174-8af9-8936763acfd7,169KS,,0,1,1592942310971,0,0
plugin_ios_activity_recognition,,0,2,0,f9daacfd-6043-4174-8af9-8936763acfd7,169KS,,0,0,1592942328317,0,0
plugin_ios_activity_recognition,"[""walking""]",0,1,0,f9daacfd-6043-4174-8af9-8936763acfd7,169KS,,0,0,1592942336970,0,1
plugin_ios_activity_recognition,"[""walking""]",0,2,0,f9daacfd-6043-4174-8af9-8936763acfd7,169KS,,0,0,1592942347183,0,1
plugin_ios_activity_recognition,"[""stationary""]",0,2,0,f9daacfd-6043-4174-8af9-8936763acfd7,169KS,,0,1,1592942350648,0,0
plugin_ios_activity_recognition,"[""walking""]",0,2,0,f9daacfd-6043-4174-8af9-8936763acfd7,169KS,,0,0,1592942359229,0,1
plugin_ios_activity_recognition,"[""stationary""]",0,2,0,f9daacfd-6043-4174-8af9-8936763acfd7,169KS,supplement,0,1,1592942370969,0,0
plugin_ios_activity_recognition,"[""walking""]",0,2,0,f9daacfd-6043-4174-8af9-8936763acfd7,169KS,,0,0,1592942371050,0,1
plugin_ios_activity_recognition,"[""stationary""]",0,2,0,f9daacfd-6043-4174-8af9-8936763acfd7,169KS,,0,1,1592942399760,0,0
plugin_ios_activity_recognition,,0,2,0,f9daacfd-6043-4174-8af9-8936763acfd7,169KS,,0,0,1592942400755,0,0
plugin_ios_activity_recognition,"[""stationary""]",0,2,0,f9daacfd-6043-4174-8af9-8936763acfd7,169KS,,0,1,1592942426519,0,0
plugin_ios_activity_recognition,"[""stationary""]",0,2,0,f9daacfd-6043-4174-8af9-8936763acfd7,169KS,,0,1,1592942430964,0,0
plugin_ios_activity_recognition,,0,2,0,f9daacfd-6043-4174-8af9-8936763acfd7,169KS,,0,0,1592942434787,0,0
plugin_ios_activity_recognition,,0,2,0,f9daacfd-6043-4174-8af9-8936763acfd7,169KS,,0,0,1592942490957,0,0
plugin_ios_activity_recognition,"[""walking""]",0,1,0,f9daacfd-6043-4174-8af9-8936763acfd7,169KS,,0,0,1592942500207,0,1
plugin_ios_activity_recognition,"[""walking""]",0,2,0,f9daacfd-6043-4174-8af9-8936763acfd7,169KS,,0,0,1592942502759,0,1
plugin_ios_activity_recognition,"[""walking""]",0,2,0,f9daacfd-6043-4174-8af9-8936763acfd7,169KS,,0,0,1592942550987,0,1
plugin_ios_activity_recognition,"[""walking""]",0,2,0,f9daacfd-6043-4174-8af9-8936763acfd7,169KS,supplement,0,0,1592942610987,0,1
plugin_ios_activity_recognition,"[""walking""]",0,2,0,f9daacfd-6043-4174-8af9-8936763acfd7,169KS,,0,0,1592942611060,0,1
plugin_ios_activity_recognition,,0,2,0,f9daacfd-6043-4174-8af9-8936763acfd7,169KS,,0,0,1592942645740,0,0
plugin_ios_activity_recognition,"[""walking""]",0,2,0,f9daacfd-6043-4174-8af9-8936763acfd7,169KS,supplement,0,0,1592942670987,0,1
plugin_ios_activity_recognition,,0,2,0,f9daacfd-6043-4174-8af9-8936763acfd7,169KS,,0,0,1592942671036,0,0
plugin_ios_activity_recognition,,0,2,0,f9daacfd-6043-4174-8af9-8936763acfd7,169KS,,0,0,1592942731019,0,0
plugin_ios_activity_recognition,,0,2,0,f9daacfd-6043-4174-8af9-8936763acfd7,169KS,,0,0,1592942790971,0,0
plugin_ios_activity_recognition,"[""walking""]",0,2,0,f9daacfd-6043-4174-8af9-8936763acfd7,169KS,,0,0,1592942811731,0,1
plugin_ios_activity_recognition,"[""walking""]",0,2,0,f9daacfd-6043-4174-8af9-8936763acfd7,169KS,,0,0,1592942850972,0,1
plugin_ios_activity_recognition,,0,2,0,f9daacfd-6043-4174-8af9-8936763acfd7,169KS,,0,0,1592942878132,0,0
plugin_ios_activity_recognition,,0,2,0,f9daacfd-6043-4174-8af9-8936763acfd7,169KS,,0,0,1592942910965,0,0
plugin_ios_activity_recognition,"[""walking""]",0,1,0,f9daacfd-6043-4174-8af9-8936763acfd7,169KS,,0,0,1592942921554,0,1
plugin_ios_activity_recognition,"[""walking""]",0,2,0,f9daacfd-6043-4174-8af9-8936763acfd7,169KS,,0,0,1592942924108,0,1
plugin_ios_activity_recognition,"[""walking""]",0,2,0,f9daacfd-6043-4174-8af9-8936763acfd7,169KS,,0,0,1592942970962,0,1
plugin_ios_activity_recognition,,0,2,0,f9daacfd-6043-4174-8af9-8936763acfd7,169KS,,0,0,1592942990495,0,0
plugin_ios_activity_recognition,,0,2,0,f9daacfd-6043-4174-8af9-8936763acfd7,169KS,,0,0,1592943030963,0,0
plugin_ios_activity_recognition,"[""walking""]",0,1,0,f9daacfd-6043-4174-8af9-8936763acfd7,169KS,,0,0,1592943074756,0,1
plugin_ios_activity_recognition,"[""walking""]",0,2,0,f9daacfd-6043-4174-8af9-8936763acfd7,169KS,,0,0,1592943077309,0,1
plugin_ios_activity_recognition,"[""walking""]",0,2,0,f9daacfd-6043-4174-8af9-8936763acfd7,169KS,,0,0,1592943091056,0,1
plugin_ios_activity_recognition,,0,2,0,f9daacfd-6043-4174-8af9-8936763acfd7,169KS,,0,0,1592943128378,0,0
plugin_ios_activity_recognition,"[""stationary""]",0,2,0,f9daacfd-6043-4174-8af9-8936763acfd7,169KS,,0,1,1592943145583,0,0
plugin_ios_activity_recognition,,0,2,0,f9daacfd-6043-4174-8af9-8936763acfd7,169KS,,0,0,1592943149737,0,0
plugin_ios_activity_recognition,,0,2,0,f9daacfd-6043-4174-8af9-8936763acfd7,169KS,,0,0,1592943150966,0,0
plugin_ios_activity_recognition,"[""stationary""]",0,2,0,f9daacfd-6043-4174-8af9-8936763acfd7,169KS,,0,1,1592943184832,0,0
plugin_ios_activity_recognition,"[""stationary""]",0,2,0,f9daacfd-6043-4174-8af9-8936763acfd7,169KS,,0,1,1592943210970,0,0
plugin_ios_activity_recognition,,0,2,0,f9daacfd-6043-4174-8af9-8936763acfd7,169KS,,0,0,1592943261730,0,0
plugin_ios_activity_recognition,"[""stationary""]",0,2,0,f9daacfd-6043-4174-8af9-8936763acfd7,169KS,,0,1,1592943266530,0,0
plugin_ios_activity_recognition,"[""stationary""]",0,2,0,f9daacfd-6043-4174-8af9-8936763acfd7,169KS,,0,1,1592943270969,0,0
plugin_ios_activity_recognition,,0,2,0,f9daacfd-6043-4174-8af9-8936763acfd7,169KS,,0,0,1592943308678,0,0
plugin_ios_activity_recognition,,0,2,0,f9daacfd-6043-4174-8af9-8936763acfd7,169KS,,0,0,1592943331068,0,0
plugin_ios_activity_recognition,"[""stationary""]",0,2,0,f9daacfd-6043-4174-8af9-8936763acfd7,169KS,,0,1,1592943346003,0,0
plugin_ios_activity_recognition,,0,2,0,f9daacfd-6043-4174-8af9-8936763acfd7,169KS,,0,0,1592943351723,0,0
plugin_ios_activity_recognition,"[""stationary""]",0,2,0,f9daacfd-6043-4174-8af9-8936763acfd7,169KS,,0,1,1592943355548,0,0
plugin_ios_activity_recognition,,0,2,0,f9daacfd-6043-4174-8af9-8936763acfd7,169KS,,0,0,1592943361005,0,0
plugin_ios_activity_recognition,,0,2,0,f9daacfd-6043-4174-8af9-8936763acfd7,169KS,,0,0,1592943390967,0,0
plugin_ios_activity_recognition,,0,2,0,f9daacfd-6043-4174-8af9-8936763acfd7,169KS,supplement,0,0,1592943450967,0,0
plugin_ios_activity_recognition,,0,2,0,f9daacfd-6043-4174-8af9-8936763acfd7,169KS,,0,0,1592943450972,0,0
plugin_ios_activity_recognition,,0,2,0,f9daacfd-6043-4174-8af9-8936763acfd7,169KS,supplement,0,0,1592943510967,0,0
plugin_ios_activity_recognition,,0,2,0,f9daacfd-6043-4174-8af9-8936763acfd7,169KS,supplement,0,0,1592943510972,0,0
plugin_ios_activity_recognition,,0,2,0,f9daacfd-6043-4174-8af9-8936763acfd7,169KS,,0,0,1592943510980,0,0
plugin_ios_activity_recognition,,0,2,0,f9daacfd-6043-4174-8af9-8936763acfd7,169KS,supplement,0,0,1592943570972,0,0
plugin_ios_activity_recognition,,0,2,0,f9daacfd-6043-4174-8af9-8936763acfd7,169KS,supplement,0,0,1592943570980,0,0
plugin_ios_activity_recognition,,0,2,0,f9daacfd-6043-4174-8af9-8936763acfd7,169KS,,0,0,1592943571062,0,0
plugin_ios_activity_recognition,,0,2,0,f9daacfd-6043-4174-8af9-8936763acfd7,169KS,,0,0,1592943630967,0,0
plugin_ios_activity_recognition,,0,2,0,f9daacfd-6043-4174-8af9-8936763acfd7,169KS,supplement,0,0,1592943630980,0,0
plugin_ios_activity_recognition,,0,2,0,f9daacfd-6043-4174-8af9-8936763acfd7,169KS,supplement,0,0,1592943690967,0,0
plugin_ios_activity_recognition,,0,2,0,f9daacfd-6043-4174-8af9-8936763acfd7,169KS,,0,0,1592943690980,0,0
plugin_ios_activity_recognition,,0,2,0,f9daacfd-6043-4174-8af9-8936763acfd7,169KS,supplement,0,0,1592943750967,0,0
plugin_ios_activity_recognition,,0,2,0,f9daacfd-6043-4174-8af9-8936763acfd7,169KS,,0,0,1592943750970,0,0
plugin_ios_activity_recognition,,0,2,0,f9daacfd-6043-4174-8af9-8936763acfd7,169KS,supplement,0,0,1592943810970,0,0
plugin_ios_activity_recognition,,0,2,0,f9daacfd-6043-4174-8af9-8936763acfd7,169KS,,0,0,1592943810981,0,0
plugin_ios_activity_recognition,,0,2,0,f9daacfd-6043-4174-8af9-8936763acfd7,169KS,,0,0,1592943870968,0,0
plugin_ios_activity_recognition,,0,2,0,f9daacfd-6043-4174-8af9-8936763acfd7,169KS,supplement,0,0,1592943870970,0,0
plugin_ios_activity_recognition,,0,2,0,f9daacfd-6043-4174-8af9-8936763acfd7,169KS,supplement,0,0,1592943930968,0,0
plugin_ios_activity_recognition,,0,2,0,f9daacfd-6043-4174-8af9-8936763acfd7,169KS,,0,0,1592943930975,0,0
plugin_ios_activity_recognition,,0,2,0,f9daacfd-6043-4174-8af9-8936763acfd7,169KS,supplement,0,0,1592943990968,0,0
plugin_ios_activity_recognition,,0,2,0,f9daacfd-6043-4174-8af9-8936763acfd7,169KS,,0,0,1592943990973,0,0
plugin_ios_activity_recognition,,0,2,0,f9daacfd-6043-4174-8af9-8936763acfd7,169KS,supplement,0,0,1592944050973,0,0
plugin_ios_activity_recognition,,0,2,0,f9daacfd-6043-4174-8af9-8936763acfd7,169KS,,0,0,1592944051091,0,0
plugin_ios_activity_recognition,,0,2,0,f9daacfd-6043-4174-8af9-8936763acfd7,169KS,supplement,0,0,1592944110973,0,0
plugin_ios_activity_recognition,,0,2,0,f9daacfd-6043-4174-8af9-8936763acfd7,169KS,,0,0,1592944111086,0,0
plugin_ios_activity_recognition,,0,2,0,f9daacfd-6043-4174-8af9-8936763acfd7,169KS,,0,0,1592944171080,0,0
plugin_ios_activity_recognition,,0,2,0,f9daacfd-6043-4174-8af9-8936763acfd7,169KS,,0,0,1592944231069,0,0
plugin_ios_activity_recognition,,0,2,0,f9daacfd-6043-4174-8af9-8936763acfd7,169KS,,0,0,1592944291063,0,0
plugin_ios_activity_recognition,"[""stationary""]",0,2,0,f9daacfd-6043-4174-8af9-8936763acfd7,169KS,,0,1,1592944341910,0,0
plugin_ios_activity_recognition,"[""stationary""]",0,2,0,f9daacfd-6043-4174-8af9-8936763acfd7,169KS,,0,1,1592944350976,0,0
plugin_ios_activity_recognition,,0,2,0,f9daacfd-6043-4174-8af9-8936763acfd7,169KS,,0,0,1592944397284,0,0
plugin_ios_activity_recognition,,0,2,0,f9daacfd-6043-4174-8af9-8936763acfd7,169KS,,0,0,1592944410991,0,0
plugin_ios_activity_recognition,"[""stationary""]",0,2,0,f9daacfd-6043-4174-8af9-8936763acfd7,169KS,,0,1,1592944435264,0,0
plugin_ios_activity_recognition,"[""stationary""]",0,2,0,f9daacfd-6043-4174-8af9-8936763acfd7,169KS,,0,1,1592944470978,0,0
plugin_ios_activity_recognition,,0,2,0,f9daacfd-6043-4174-8af9-8936763acfd7,169KS,,0,0,1592944475944,0,0
plugin_ios_activity_recognition,,0,2,0,f9daacfd-6043-4174-8af9-8936763acfd7,169KS,,0,0,1592944531085,0,0
plugin_ios_activity_recognition,,0,2,0,f9daacfd-6043-4174-8af9-8936763acfd7,169KS,,0,0,1592944590976,0,0
plugin_ios_activity_recognition,,0,2,0,f9daacfd-6043-4174-8af9-8936763acfd7,169KS,supplement,0,0,1592944650976,0,0
plugin_ios_activity_recognition,,0,2,0,f9daacfd-6043-4174-8af9-8936763acfd7,169KS,,0,0,1592944650978,0,0
plugin_ios_activity_recognition,,0,2,0,f9daacfd-6043-4174-8af9-8936763acfd7,169KS,supplement,0,0,1592944710976,0,0
plugin_ios_activity_recognition,,0,2,0,f9daacfd-6043-4174-8af9-8936763acfd7,169KS,supplement,0,0,1592944710978,0,0
plugin_ios_activity_recognition,,0,2,0,f9daacfd-6043-4174-8af9-8936763acfd7,169KS,,0,0,1592944710984,0,0
plugin_ios_activity_recognition,,0,2,0,f9daacfd-6043-4174-8af9-8936763acfd7,169KS,supplement,0,0,1592944770978,0,0
plugin_ios_activity_recognition,,0,2,0,f9daacfd-6043-4174-8af9-8936763acfd7,169KS,supplement,0,0,1592944770984,0,0
plugin_ios_activity_recognition,,0,2,0,f9daacfd-6043-4174-8af9-8936763acfd7,169KS,,0,0,1592944771077,0,0
plugin_ios_activity_recognition,,0,2,0,f9daacfd-6043-4174-8af9-8936763acfd7,169KS,supplement,0,0,1592944830984,0,0
plugin_ios_activity_recognition,,0,2,0,f9daacfd-6043-4174-8af9-8936763acfd7,169KS,,0,0,1592944830986,0,0
plugin_ios_activity_recognition,"[""stationary""]",0,2,0,f9daacfd-6043-4174-8af9-8936763acfd7,169KS,,0,1,1592944855725,0,0
plugin_ios_activity_recognition,,0,2,0,f9daacfd-6043-4174-8af9-8936763acfd7,169KS,,0,0,1592944859550,0,0
plugin_ios_activity_recognition,"[""stationary""]",0,2,0,f9daacfd-6043-4174-8af9-8936763acfd7,169KS,,0,1,1592944863695,0,0
plugin_ios_activity_recognition,,0,2,0,f9daacfd-6043-4174-8af9-8936763acfd7,169KS,,0,0,1592944866561,0,0
plugin_ios_activity_recognition,,0,2,0,f9daacfd-6043-4174-8af9-8936763acfd7,169KS,,0,0,1592944890990,0,0
plugin_ios_activity_recognition,"[""stationary""]",0,2,0,f9daacfd-6043-4174-8af9-8936763acfd7,169KS,,0,1,1592944932950,0,0
plugin_ios_activity_recognition,"[""stationary""]",0,2,0,f9daacfd-6043-4174-8af9-8936763acfd7,169KS,,0,1,1592944950993,0,0
plugin_ios_activity_recognition,,0,2,0,f9daacfd-6043-4174-8af9-8936763acfd7,169KS,,0,0,1592944957357,0,0
plugin_ios_activity_recognition,"[""stationary""]",0,2,0,f9daacfd-6043-4174-8af9-8936763acfd7,169KS,,0,1,1592945010987,0,0
plugin_ios_activity_recognition,"[""stationary""]",0,2,0,f9daacfd-6043-4174-8af9-8936763acfd7,169KS,,0,1,1592945011010,0,0
plugin_ios_activity_recognition,,0,2,0,f9daacfd-6043-4174-8af9-8936763acfd7,169KS,,0,0,1592945053906,0,0
plugin_ios_activity_recognition,,0,2,0,f9daacfd-6043-4174-8af9-8936763acfd7,169KS,,0,0,1592945070983,0,0
plugin_ios_activity_recognition,"[""stationary""]",0,2,0,f9daacfd-6043-4174-8af9-8936763acfd7,169KS,,0,1,1592945114574,0,0
plugin_ios_activity_recognition,,0,2,0,f9daacfd-6043-4174-8af9-8936763acfd7,169KS,,0,0,1592945124146,0,0
plugin_ios_activity_recognition,,0,2,0,f9daacfd-6043-4174-8af9-8936763acfd7,169KS,,0,0,1592945130983,0,0
plugin_ios_activity_recognition,"[""stationary""]",0,2,0,f9daacfd-6043-4174-8af9-8936763acfd7,169KS,,0,1,1592945160518,0,0
plugin_ios_activity_recognition,,0,2,0,f9daacfd-6043-4174-8af9-8936763acfd7,169KS,,0,0,1592945169486,0,0
plugin_ios_activity_recognition,"[""stationary""]",0,2,0,f9daacfd-6043-4174-8af9-8936763acfd7,169KS,,0,1,1592945174219,0,0
plugin_ios_activity_recognition,,0,2,0,f9daacfd-6043-4174-8af9-8936763acfd7,169KS,,0,0,1592945176772,0,0
plugin_ios_activity_recognition,"[""stationary""]",0,2,0,f9daacfd-6043-4174-8af9-8936763acfd7,169KS,,0,1,1592945182517,0,0
plugin_ios_activity_recognition,"[""stationary""]",0,2,0,f9daacfd-6043-4174-8af9-8936763acfd7,169KS,,0,1,1592945190993,0,0
plugin_ios_activity_recognition,,0,2,0,f9daacfd-6043-4174-8af9-8936763acfd7,169KS,,0,0,1592945194629,0,0
plugin_ios_activity_recognition,"[""stationary""]",0,2,0,f9daacfd-6043-4174-8af9-8936763acfd7,169KS,,0,1,1592945224284,0,0
plugin_ios_activity_recognition,,0,2,0,f9daacfd-6043-4174-8af9-8936763acfd7,169KS,,0,0,1592945231302,0,0
plugin_ios_activity_recognition,"[""stationary""]",0,2,0,f9daacfd-6043-4174-8af9-8936763acfd7,169KS,,0,1,1592945237366,0,0
plugin_ios_activity_recognition,,0,2,0,f9daacfd-6043-4174-8af9-8936763acfd7,169KS,,0,0,1592945238952,0,0
plugin_ios_activity_recognition,"[""stationary""]",0,2,0,f9daacfd-6043-4174-8af9-8936763acfd7,169KS,,0,1,1592945244059,0,0
plugin_ios_activity_recognition,,0,2,0,f9daacfd-6043-4174-8af9-8936763acfd7,169KS,,0,0,1592945246612,0,0
plugin_ios_activity_recognition,,0,2,0,f9daacfd-6043-4174-8af9-8936763acfd7,169KS,,0,0,1592945250984,0,0
plugin_ios_activity_recognition,"[""stationary""]",0,2,0,f9daacfd-6043-4174-8af9-8936763acfd7,169KS,,0,1,1592945265762,0,0
plugin_ios_activity_recognition,,0,2,0,f9daacfd-6043-4174-8af9-8936763acfd7,169KS,,0,0,1592945282944,0,0
plugin_ios_activity_recognition,,0,2,0,f9daacfd-6043-4174-8af9-8936763acfd7,169KS,,0,0,1592945310995,0,0
plugin_ios_activity_recognition,,0,2,0,f9daacfd-6043-4174-8af9-8936763acfd7,169KS,,0,0,1592945370986,0,0
plugin_ios_activity_recognition,,0,2,0,f9daacfd-6043-4174-8af9-8936763acfd7,169KS,supplement,0,0,1592945430986,0,0
plugin_ios_activity_recognition,,0,2,0,f9daacfd-6043-4174-8af9-8936763acfd7,169KS,,0,0,1592945430998,0,0
plugin_ios_activity_recognition,"[""stationary""]",0,2,0,f9daacfd-6043-4174-8af9-8936763acfd7,169KS,,0,1,1592945437654,0,0
plugin_ios_activity_recognition,,0,2,0,f9daacfd-6043-4174-8af9-8936763acfd7,169KS,,0,0,1592945439919,0,0
plugin_ios_activity_recognition,"[""stationary""]",0,2,0,f9daacfd-6043-4174-8af9-8936763acfd7,169KS,,0,1,1592945455816,0,0
plugin_ios_activity_recognition,,0,2,0,f9daacfd-6043-4174-8af9-8936763acfd7,169KS,,0,0,1592945456135,0,0
plugin_ios_activity_recognition,"[""stationary""]",0,2,0,f9daacfd-6043-4174-8af9-8936763acfd7,169KS,,0,1,1592945484519,0,0
plugin_ios_activity_recognition,,0,2,0,f9daacfd-6043-4174-8af9-8936763acfd7,169KS,,0,0,1592945486424,0,0
plugin_ios_activity_recognition,,0,2,0,f9daacfd-6043-4174-8af9-8936763acfd7,169KS,supplement,0,0,1592945490986,0,0
plugin_ios_activity_recognition,,0,2,0,f9daacfd-6043-4174-8af9-8936763acfd7,169KS,,0,0,1592945491088,0,0
plugin_ios_activity_recognition,,0,2,0,f9daacfd-6043-4174-8af9-8936763acfd7,169KS,,0,0,1592945550990,0,0
plugin_ios_activity_recognition,"[""walking""]",0,1,0,f9daacfd-6043-4174-8af9-8936763acfd7,169KS,,0,0,1592945577709,0,1
plugin_ios_activity_recognition,"[""walking""]",0,2,0,f9daacfd-6043-4174-8af9-8936763acfd7,169KS,,0,0,1592945580264,0,1
plugin_ios_activity_recognition,"[""walking""]",0,2,0,f9daacfd-6043-4174-8af9-8936763acfd7,169KS,,0,0,1592945610988,0,1
plugin_ios_activity_recognition,,0,2,0,f9daacfd-6043-4174-8af9-8936763acfd7,169KS,,0,0,1592945631338,0,0
plugin_ios_activity_recognition,,0,2,0,f9daacfd-6043-4174-8af9-8936763acfd7,169KS,,0,0,1592945670999,0,0
plugin_ios_activity_recognition,"[""walking""]",0,1,0,f9daacfd-6043-4174-8af9-8936763acfd7,169KS,,0,0,1592945700263,0,1
plugin_ios_activity_recognition,,0,2,0,f9daacfd-6043-4174-8af9-8936763acfd7,169KS,,0,0,1592945702820,0,0
plugin_ios_activity_recognition,"[""stationary""]",0,2,0,f9daacfd-6043-4174-8af9-8936763acfd7,169KS,,0,1,1592945714591,0,0
plugin_ios_activity_recognition,,0,2,0,f9daacfd-6043-4174-8af9-8936763acfd7,169KS,,0,0,1592945720331,0,0
plugin_ios_activity_recognition,,0,2,0,f9daacfd-6043-4174-8af9-8936763acfd7,169KS,,0,0,1592945731090,0,0
plugin_ios_activity_recognition,"[""walking""]",0,1,0,f9daacfd-6043-4174-8af9-8936763acfd7,169KS,,0,0,1592945736021,0,1
plugin_ios_activity_recognition,"[""walking""]",0,2,0,f9daacfd-6043-4174-8af9-8936763acfd7,169KS,,0,0,1592945738564,0,1
plugin_ios_activity_recognition,,0,2,0,f9daacfd-6043-4174-8af9-8936763acfd7,169KS,,0,0,1592945758987,0,0
plugin_ios_activity_recognition,,0,2,0,f9daacfd-6043-4174-8af9-8936763acfd7,169KS,,0,0,1592945790995,0,0
plugin_ios_activity_recognition,"[""walking""]",0,2,0,f9daacfd-6043-4174-8af9-8936763acfd7,169KS,,0,0,1592945845805,0,1
plugin_ios_activity_recognition,"[""walking""]",0,2,0,f9daacfd-6043-4174-8af9-8936763acfd7,169KS,,0,0,1592945850996,0,1
plugin_ios_activity_recognition,,0,2,0,f9daacfd-6043-4174-8af9-8936763acfd7,169KS,,0,0,1592945901973,0,0
plugin_ios_activity_recognition,"[""walking""]",0,2,0,f9daacfd-6043-4174-8af9-8936763acfd7,169KS,,0,0,1592945904528,0,1
plugin_ios_activity_recognition,"[""walking""]",0,2,0,f9daacfd-6043-4174-8af9-8936763acfd7,169KS,,0,0,1592945910998,0,1
plugin_ios_activity_recognition,"[""walking""]",0,2,0,f9daacfd-6043-4174-8af9-8936763acfd7,169KS,supplement,0,0,1592945970998,0,1
plugin_ios_activity_recognition,"[""walking""]",0,2,0,f9daacfd-6043-4174-8af9-8936763acfd7,169KS,,0,0,1592945971084,0,1
plugin_ios_activity_recognition,,0,2,0,f9daacfd-6043-4174-8af9-8936763acfd7,169KS,,0,0,1592946001822,0,0
plugin_ios_activity_recognition,"[""walking""]",0,2,0,f9daacfd-6043-4174-8af9-8936763acfd7,169KS,,0,0,1592946021969,0,1
plugin_ios_activity_recognition,"[""walking""]",0,2,0,f9daacfd-6043-4174-8af9-8936763acfd7,169KS,supplement,0,0,1592946030998,0,1
plugin_ios_activity_recognition,"[""walking""]",0,2,0,f9daacfd-6043-4174-8af9-8936763acfd7,169KS,,0,0,1592946031002,0,1
plugin_ios_activity_recognition,"[""walking""]",0,2,0,f9daacfd-6043-4174-8af9-8936763acfd7,169KS,,0,0,1592946090997,0,1
plugin_ios_activity_recognition,,0,2,0,f9daacfd-6043-4174-8af9-8936763acfd7,169KS,,0,0,1592946131732,0,0
plugin_ios_activity_recognition,,0,2,0,f9daacfd-6043-4174-8af9-8936763acfd7,169KS,,0,0,1592946151018,0,0
plugin_ios_activity_recognition,"[""walking""]",0,1,0,f9daacfd-6043-4174-8af9-8936763acfd7,169KS,,0,0,1592946159830,0,1
plugin_ios_activity_recognition,"[""walking""]",0,2,0,f9daacfd-6043-4174-8af9-8936763acfd7,169KS,,0,0,1592946162380,0,1
plugin_ios_activity_recognition,"[""walking""]",0,2,0,f9daacfd-6043-4174-8af9-8936763acfd7,169KS,,0,0,1592946211088,0,1
plugin_ios_activity_recognition,,0,2,0,f9daacfd-6043-4174-8af9-8936763acfd7,169KS,,0,0,1592946226233,0,0
plugin_ios_activity_recognition,,0,2,0,f9daacfd-6043-4174-8af9-8936763acfd7,169KS,,0,0,1592946270998,0,0
plugin_ios_activity_recognition,"[""automotive""]",1,2,0,f9daacfd-6043-4174-8af9-8936763acfd7,169KS,,0,0,1592946300286,0,0
plugin_ios_activity_recognition,"[""automotive""]",1,2,0,f9daacfd-6043-4174-8af9-8936763acfd7,169KS,,0,0,1592946328385,0,0
plugin_ios_activity_recognition,"[""automotive""]",1,2,0,f9daacfd-6043-4174-8af9-8936763acfd7,169KS,,0,0,1592946330987,0,0
plugin_ios_activity_recognition,"[""automotive""]",1,2,0,f9daacfd-6043-4174-8af9-8936763acfd7,169KS,supplement,0,0,1592946390987,0,0
plugin_ios_activity_recognition,"[""automotive""]",1,2,0,f9daacfd-6043-4174-8af9-8936763acfd7,169KS,,0,0,1592946391014,0,0
plugin_ios_activity_recognition,"[""automotive""]",1,2,0,f9daacfd-6043-4174-8af9-8936763acfd7,169KS,supplement,0,0,1592946450987,0,0
plugin_ios_activity_recognition,"[""automotive""]",1,2,0,f9daacfd-6043-4174-8af9-8936763acfd7,169KS,supplement,0,0,1592946451014,0,0
plugin_ios_activity_recognition,"[""automotive""]",1,2,0,f9daacfd-6043-4174-8af9-8936763acfd7,169KS,,0,0,1592946451098,0,0
plugin_ios_activity_recognition,"[""automotive""]",1,2,0,f9daacfd-6043-4174-8af9-8936763acfd7,169KS,,0,0,1592946499523,0,0
plugin_ios_activity_recognition,"[""automotive""]",1,2,0,f9daacfd-6043-4174-8af9-8936763acfd7,169KS,,0,0,1592946509750,0,0
plugin_ios_activity_recognition,"[""automotive""]",1,2,0,f9daacfd-6043-4174-8af9-8936763acfd7,169KS,,0,0,1592946511006,0,0
plugin_ios_activity_recognition,"[""automotive""]",1,2,0,f9daacfd-6043-4174-8af9-8936763acfd7,169KS,supplement,0,0,1592946511014,0,0
plugin_ios_activity_recognition,"[""automotive""]",1,2,0,f9daacfd-6043-4174-8af9-8936763acfd7,169KS,,0,0,1592946570998,0,0
plugin_ios_activity_recognition,"[""automotive""]",1,2,0,f9daacfd-6043-4174-8af9-8936763acfd7,169KS,supplement,0,0,1592946630998,0,0
plugin_ios_activity_recognition,"[""automotive""]",1,2,0,f9daacfd-6043-4174-8af9-8936763acfd7,169KS,,0,0,1592946631026,0,0
plugin_ios_activity_recognition,"[""automotive""]",1,2,0,f9daacfd-6043-4174-8af9-8936763acfd7,169KS,,0,0,1592946642570,0,0
plugin_ios_activity_recognition,"[""automotive""]",1,2,0,f9daacfd-6043-4174-8af9-8936763acfd7,169KS,,0,0,1592946647677,0,0
plugin_ios_activity_recognition,"[""automotive""]",1,2,0,f9daacfd-6043-4174-8af9-8936763acfd7,169KS,,0,0,1592946657893,0,0
plugin_ios_activity_recognition,"[""automotive""]",1,1,0,f9daacfd-6043-4174-8af9-8936763acfd7,169KS,,0,0,1592946670666,0,0
plugin_ios_activity_recognition,"[""automotive""]",1,2,0,f9daacfd-6043-4174-8af9-8936763acfd7,169KS,,0,0,1592946677323,0,0
plugin_ios_activity_recognition,"[""automotive""]",1,2,0,f9daacfd-6043-4174-8af9-8936763acfd7,169KS,supplement,0,0,1592946690998,0,0
plugin_ios_activity_recognition,"[""automotive""]",1,2,0,f9daacfd-6043-4174-8af9-8936763acfd7,169KS,,0,0,1592946691069,0,0
plugin_ios_activity_recognition,"[""automotive""]",1,2,0,f9daacfd-6043-4174-8af9-8936763acfd7,169KS,,0,0,1592946750993,0,0
plugin_ios_activity_recognition,"[""automotive""]",1,2,0,f9daacfd-6043-4174-8af9-8936763acfd7,169KS,,0,0,1592946772813,0,0
plugin_ios_activity_recognition,"[""automotive""]",1,2,0,f9daacfd-6043-4174-8af9-8936763acfd7,169KS,,0,0,1592946793248,0,0
plugin_ios_activity_recognition,"[""automotive""]",1,2,0,f9daacfd-6043-4174-8af9-8936763acfd7,169KS,,0,0,1592946795802,0,0
plugin_ios_activity_recognition,"[""automotive""]",1,2,0,f9daacfd-6043-4174-8af9-8936763acfd7,169KS,,0,0,1592946803463,0,0
plugin_ios_activity_recognition,"[""automotive""]",1,2,0,f9daacfd-6043-4174-8af9-8936763acfd7,169KS,,0,0,1592946811002,0,0
plugin_ios_activity_recognition,"[""automotive""]",1,2,0,f9daacfd-6043-4174-8af9-8936763acfd7,169KS,,0,0,1592946821344,0,0
plugin_ios_activity_recognition,"[""automotive""]",1,2,0,f9daacfd-6043-4174-8af9-8936763acfd7,169KS,,0,0,1592946862217,0,0
plugin_ios_activity_recognition,"[""automotive""]",1,2,0,f9daacfd-6043-4174-8af9-8936763acfd7,169KS,,0,0,1592946871011,0,0
plugin_ios_activity_recognition,,0,2,0,f9daacfd-6043-4174-8af9-8936763acfd7,169KS,,0,0,1592946918392,0,0
plugin_ios_activity_recognition,"[""cycling""]",0,2,1,f9daacfd-6043-4174-8af9-8936763acfd7,169KS,,0,0,1592946920946,0,0
plugin_ios_activity_recognition,"[""cycling""]",0,2,1,f9daacfd-6043-4174-8af9-8936763acfd7,169KS,,0,0,1592946931095,0,0
plugin_ios_activity_recognition,"[""cycling""]",0,2,1,f9daacfd-6043-4174-8af9-8936763acfd7,169KS,,0,0,1592946990993,0,0
plugin_ios_activity_recognition,,0,2,0,f9daacfd-6043-4174-8af9-8936763acfd7,169KS,,0,0,1592947013492,0,0
plugin_ios_activity_recognition,,0,2,0,f9daacfd-6043-4174-8af9-8936763acfd7,169KS,,0,0,1592947050995,0,0
plugin_ios_activity_recognition,"[""stationary""]",0,2,0,f9daacfd-6043-4174-8af9-8936763acfd7,169KS,,0,1,1592947055316,0,0
plugin_ios_activity_recognition,,0,2,0,f9daacfd-6043-4174-8af9-8936763acfd7,169KS,,0,0,1592947087910,0,0
plugin_ios_activity_recognition,,0,2,0,f9daacfd-6043-4174-8af9-8936763acfd7,169KS,,0,0,1592947111069,0,0
plugin_ios_activity_recognition,"[""cycling""]",0,2,1,f9daacfd-6043-4174-8af9-8936763acfd7,169KS,,0,0,1592947122748,0,0
plugin_ios_activity_recognition,"[""cycling""]",0,2,1,f9daacfd-6043-4174-8af9-8936763acfd7,169KS,,0,0,1592947171093,0,0
plugin_ios_activity_recognition,,0,2,0,f9daacfd-6043-4174-8af9-8936763acfd7,169KS,,0,0,1592947171266,0,0
plugin_ios_activity_recognition,"[""stationary""]",0,2,0,f9daacfd-6043-4174-8af9-8936763acfd7,169KS,,0,1,1592947178924,0,0
plugin_ios_activity_recognition,,0,2,0,f9daacfd-6043-4174-8af9-8936763acfd7,169KS,,0,0,1592947194869,0,0
plugin_ios_activity_recognition,"[""stationary""]",0,2,0,f9daacfd-6043-4174-8af9-8936763acfd7,169KS,,0,1,1592947198704,0,0
plugin_ios_activity_recognition,"[""stationary""]",0,2,0,f9daacfd-6043-4174-8af9-8936763acfd7,169KS,,0,1,1592947230996,0,0
plugin_ios_activity_recognition,"[""stationary""]",0,2,0,f9daacfd-6043-4174-8af9-8936763acfd7,169KS,supplement,0,1,1592947290996,0,0
plugin_ios_activity_recognition,"[""stationary""]",0,2,0,f9daacfd-6043-4174-8af9-8936763acfd7,169KS,,0,1,1592947290999,0,0
plugin_ios_activity_recognition,,0,2,0,f9daacfd-6043-4174-8af9-8936763acfd7,169KS,,0,0,1592947319983,0,0
plugin_ios_activity_recognition,"[""cycling""]",0,2,1,f9daacfd-6043-4174-8af9-8936763acfd7,169KS,,0,0,1592947322541,0,0
plugin_ios_activity_recognition,,0,2,0,f9daacfd-6043-4174-8af9-8936763acfd7,169KS,,0,0,1592947327649,0,0
plugin_ios_activity_recognition,"[""stationary""]",0,2,0,f9daacfd-6043-4174-8af9-8936763acfd7,169KS,supplement,0,1,1592947350996,0,0
plugin_ios_activity_recognition,,0,2,0,f9daacfd-6043-4174-8af9-8936763acfd7,169KS,,0,0,1592947350997,0,0
plugin_ios_activity_recognition,"[""cycling""]",0,2,1,f9daacfd-6043-4174-8af9-8936763acfd7,169KS,,0,0,1592947386383,0,0
plugin_ios_activity_recognition,"[""cycling""]",0,2,1,f9daacfd-6043-4174-8af9-8936763acfd7,169KS,,0,0,1592947411048,0,0
plugin_ios_activity_recognition,"[""stationary""]",0,2,0,f9daacfd-6043-4174-8af9-8936763acfd7,169KS,,0,1,1592947414108,0,0
plugin_ios_activity_recognition,,0,2,0,f9daacfd-6043-4174-8af9-8936763acfd7,169KS,,0,0,1592947447447,0,0
plugin_ios_activity_recognition,,0,2,0,f9daacfd-6043-4174-8af9-8936763acfd7,169KS,,0,0,1592947471001,0,0
plugin_ios_activity_recognition,"[""stationary""]",0,2,0,f9daacfd-6043-4174-8af9-8936763acfd7,169KS,,0,1,1592947471381,0,0
plugin_ios_activity_recognition,,0,2,0,f9daacfd-6043-4174-8af9-8936763acfd7,169KS,,0,0,1592947480986,0,0
plugin_ios_activity_recognition,,0,2,0,f9daacfd-6043-4174-8af9-8936763acfd7,169KS,,0,0,1592947531006,0,0
plugin_ios_activity_recognition,,0,2,0,f9daacfd-6043-4174-8af9-8936763acfd7,169KS,,0,0,1592947590996,0,0
plugin_ios_activity_recognition,"[""stationary""]",0,2,0,f9daacfd-6043-4174-8af9-8936763acfd7,169KS,,0,1,1592947598722,0,0
plugin_ios_activity_recognition,,0,2,0,f9daacfd-6043-4174-8af9-8936763acfd7,169KS,,0,0,1592947613406,0,0
plugin_ios_activity_recognition,"[""stationary""]",0,2,0,f9daacfd-6043-4174-8af9-8936763acfd7,169KS,,0,1,1592947621428,0,0
plugin_ios_activity_recognition,"[""stationary""]",0,2,0,f9daacfd-6043-4174-8af9-8936763acfd7,169KS,,0,1,1592947651009,0,0
plugin_ios_activity_recognition,"[""stationary""]",0,2,0,f9daacfd-6043-4174-8af9-8936763acfd7,169KS,,0,1,1592947711002,0,0
plugin_ios_activity_recognition,"[""stationary""]",0,2,0,f9daacfd-6043-4174-8af9-8936763acfd7,169KS,,0,1,1592947771001,0,0
plugin_ios_activity_recognition,"[""stationary""]",0,2,0,f9daacfd-6043-4174-8af9-8936763acfd7,169KS,supplement,0,1,1592947831001,0,0
plugin_ios_activity_recognition,"[""stationary""]",0,2,0,f9daacfd-6043-4174-8af9-8936763acfd7,169KS,,0,1,1592947831008,0,0
plugin_ios_activity_recognition,"[""stationary""]",0,2,0,f9daacfd-6043-4174-8af9-8936763acfd7,169KS,supplement,0,1,1592947891001,0,0
plugin_ios_activity_recognition,"[""stationary""]",0,2,0,f9daacfd-6043-4174-8af9-8936763acfd7,169KS,,0,1,1592947891004,0,0
plugin_ios_activity_recognition,"[""stationary""]",0,2,0,f9daacfd-6043-4174-8af9-8936763acfd7,169KS,,0,1,1592947950999,0,0
plugin_ios_activity_recognition,"[""stationary""]",0,2,0,f9daacfd-6043-4174-8af9-8936763acfd7,169KS,supplement,0,1,1592948010999,0,0
plugin_ios_activity_recognition,"[""stationary""]",0,2,0,f9daacfd-6043-4174-8af9-8936763acfd7,169KS,,0,1,1592948011004,0,0
plugin_ios_activity_recognition,"[""stationary""]",0,2,0,f9daacfd-6043-4174-8af9-8936763acfd7,169KS,supplement,0,1,1592948070999,0,0
plugin_ios_activity_recognition,"[""stationary""]",0,2,0,f9daacfd-6043-4174-8af9-8936763acfd7,169KS,supplement,0,1,1592948071004,0,0
plugin_ios_activity_recognition,"[""stationary""]",0,2,0,f9daacfd-6043-4174-8af9-8936763acfd7,169KS,,0,1,1592948071005,0,0
plugin_ios_activity_recognition,"[""stationary""]",0,2,0,f9daacfd-6043-4174-8af9-8936763acfd7,169KS,supplement,0,1,1592948131004,0,0
plugin_ios_activity_recognition,"[""stationary""]",0,2,0,f9daacfd-6043-4174-8af9-8936763acfd7,169KS,supplement,0,1,1592948131005,0,0
plugin_ios_activity_recognition,"[""stationary""]",0,2,0,f9daacfd-6043-4174-8af9-8936763acfd7,169KS,,0,1,1592948131011,0,0
plugin_ios_activity_recognition,"[""stationary""]",0,2,0,f9daacfd-6043-4174-8af9-8936763acfd7,169KS,supplement,0,1,1592948191005,0,0
plugin_ios_activity_recognition,"[""stationary""]",0,2,0,f9daacfd-6043-4174-8af9-8936763acfd7,169KS,,0,1,1592948191006,0,0
plugin_ios_activity_recognition,"[""stationary""]",0,2,0,f9daacfd-6043-4174-8af9-8936763acfd7,169KS,supplement,0,1,1592948251006,0,0
plugin_ios_activity_recognition,"[""stationary""]",0,2,0,f9daacfd-6043-4174-8af9-8936763acfd7,169KS,,0,1,1592948311005,0,0
plugin_ios_activity_recognition,"[""stationary""]",0,2,0,f9daacfd-6043-4174-8af9-8936763acfd7,169KS,supplement,0,1,1592948311006,0,0
plugin_ios_activity_recognition,"[""stationary""]",0,2,0,f9daacfd-6043-4174-8af9-8936763acfd7,169KS,supplement,0,1,1592948371005,0,0
plugin_ios_activity_recognition,"[""stationary""]",0,2,0,f9daacfd-6043-4174-8af9-8936763acfd7,169KS,,0,1,1592948371007,0,0
plugin_ios_activity_recognition,"[""stationary""]",0,2,0,f9daacfd-6043-4174-8af9-8936763acfd7,169KS,supplement,0,1,1592948431005,0,0
plugin_ios_activity_recognition,"[""stationary""]",0,2,0,f9daacfd-6043-4174-8af9-8936763acfd7,169KS,,0,1,1592948431007,0,0
plugin_ios_activity_recognition,"[""stationary""]",0,2,0,f9daacfd-6043-4174-8af9-8936763acfd7,169KS,,0,1,1592948491003,0,0
plugin_ios_activity_recognition,"[""stationary""]",0,2,0,f9daacfd-6043-4174-8af9-8936763acfd7,169KS,supplement,0,1,1592948491007,0,0
plugin_ios_activity_recognition,"[""stationary""]",0,2,0,f9daacfd-6043-4174-8af9-8936763acfd7,169KS,supplement,0,1,1592948551003,0,0
plugin_ios_activity_recognition,"[""stationary""]",0,2,0,f9daacfd-6043-4174-8af9-8936763acfd7,169KS,,0,1,1592948551007,0,0
plugin_ios_activity_recognition,"[""stationary""]",0,2,0,f9daacfd-6043-4174-8af9-8936763acfd7,169KS,supplement,0,1,1592948611003,0,0
plugin_ios_activity_recognition,"[""stationary""]",0,2,0,f9daacfd-6043-4174-8af9-8936763acfd7,169KS,supplement,0,1,1592948611007,0,0
plugin_ios_activity_recognition,"[""stationary""]",0,2,0,f9daacfd-6043-4174-8af9-8936763acfd7,169KS,,0,1,1592948611074,0,0
plugin_ios_activity_recognition,"[""stationary""]",0,2,0,f9daacfd-6043-4174-8af9-8936763acfd7,169KS,,0,1,1592948671007,0,0
plugin_ios_activity_recognition,"[""stationary""]",0,2,0,f9daacfd-6043-4174-8af9-8936763acfd7,169KS,,0,1,1592948731006,0,0
plugin_ios_activity_recognition,"[""stationary""]",0,2,0,f9daacfd-6043-4174-8af9-8936763acfd7,169KS,supplement,0,1,1592948791006,0,0
plugin_ios_activity_recognition,"[""stationary""]",0,2,0,f9daacfd-6043-4174-8af9-8936763acfd7,169KS,,0,1,1592948791007,0,0
plugin_ios_activity_recognition,"[""stationary""]",0,2,0,f9daacfd-6043-4174-8af9-8936763acfd7,169KS,,0,1,1592948851005,0,0
plugin_ios_activity_recognition,"[""stationary""]",0,2,0,f9daacfd-6043-4174-8af9-8936763acfd7,169KS,supplement,0,1,1592948851006,0,0
plugin_ios_activity_recognition,"[""stationary""]",0,2,0,f9daacfd-6043-4174-8af9-8936763acfd7,169KS,supplement,0,1,1592948911005,0,0
plugin_ios_activity_recognition,"[""stationary""]",0,2,0,f9daacfd-6043-4174-8af9-8936763acfd7,169KS,,0,1,1592948911007,0,0
plugin_ios_activity_recognition,"[""stationary""]",0,2,0,f9daacfd-6043-4174-8af9-8936763acfd7,169KS,supplement,0,1,1592948971005,0,0
plugin_ios_activity_recognition,"[""stationary""]",0,2,0,f9daacfd-6043-4174-8af9-8936763acfd7,169KS,,0,1,1592948971007,0,0
plugin_ios_activity_recognition,"[""stationary""]",0,2,0,f9daacfd-6043-4174-8af9-8936763acfd7,169KS,supplement,0,1,1592949031007,0,0
plugin_ios_activity_recognition,"[""stationary""]",0,2,0,f9daacfd-6043-4174-8af9-8936763acfd7,169KS,,0,1,1592949031008,0,0
plugin_ios_activity_recognition,"[""stationary""]",0,2,0,f9daacfd-6043-4174-8af9-8936763acfd7,169KS,supplement,0,1,1592949091007,0,0
plugin_ios_activity_recognition,"[""stationary""]",0,2,0,f9daacfd-6043-4174-8af9-8936763acfd7,169KS,supplement,0,1,1592949091008,0,0
plugin_ios_activity_recognition,"[""stationary""]",0,2,0,f9daacfd-6043-4174-8af9-8936763acfd7,169KS,,0,1,1592949091211,0,0
plugin_ios_activity_recognition,"[""stationary""]",0,2,0,f9daacfd-6043-4174-8af9-8936763acfd7,169KS,supplement,0,1,1592949151008,0,0
plugin_ios_activity_recognition,"[""stationary""]",0,2,0,f9daacfd-6043-4174-8af9-8936763acfd7,169KS,,0,1,1592949151009,0,0
plugin_ios_activity_recognition,"[""stationary""]",0,2,0,f9daacfd-6043-4174-8af9-8936763acfd7,169KS,supplement,0,1,1592949211009,0,0
plugin_ios_activity_recognition,"[""stationary""]",0,2,0,f9daacfd-6043-4174-8af9-8936763acfd7,169KS,,0,1,1592949211014,0,0
plugin_ios_activity_recognition,"[""stationary""]",0,2,0,f9daacfd-6043-4174-8af9-8936763acfd7,169KS,supplement,0,1,1592949271009,0,0
plugin_ios_activity_recognition,"[""stationary""]",0,2,0,f9daacfd-6043-4174-8af9-8936763acfd7,169KS,supplement,0,1,1592949271014,0,0
plugin_ios_activity_recognition,"[""stationary""]",0,2,0,f9daacfd-6043-4174-8af9-8936763acfd7,169KS,,0,1,1592949331013,0,0
plugin_ios_activity_recognition,"[""stationary""]",0,2,0,f9daacfd-6043-4174-8af9-8936763acfd7,169KS,supplement,0,1,1592949331014,0,0
plugin_ios_activity_recognition,"[""stationary""]",0,2,0,f9daacfd-6043-4174-8af9-8936763acfd7,169KS,,0,1,1592949391007,0,0
plugin_ios_activity_recognition,"[""stationary""]",0,2,0,f9daacfd-6043-4174-8af9-8936763acfd7,169KS,,0,1,1592949451007,0,0
plugin_ios_activity_recognition,"[""stationary""]",0,2,0,f9daacfd-6043-4174-8af9-8936763acfd7,169KS,supplement,0,1,1592949511007,0,0
plugin_ios_activity_recognition,"[""stationary""]",0,2,0,f9daacfd-6043-4174-8af9-8936763acfd7,169KS,supplement,0,1,1592949571007,0,0
plugin_ios_activity_recognition,"[""stationary""]",0,2,0,f9daacfd-6043-4174-8af9-8936763acfd7,169KS,,0,1,1592949571008,0,0
plugin_ios_activity_recognition,"[""stationary""]",0,2,0,f9daacfd-6043-4174-8af9-8936763acfd7,169KS,supplement,0,1,1592949631007,0,0
plugin_ios_activity_recognition,"[""stationary""]",0,2,0,f9daacfd-6043-4174-8af9-8936763acfd7,169KS,supplement,0,1,1592949631008,0,0
plugin_ios_activity_recognition,"[""stationary""]",0,2,0,f9daacfd-6043-4174-8af9-8936763acfd7,169KS,,0,1,1592949631020,0,0
plugin_ios_activity_recognition,"[""stationary""]",0,2,0,f9daacfd-6043-4174-8af9-8936763acfd7,169KS,supplement,0,1,1592949691008,0,0
plugin_ios_activity_recognition,"[""stationary""]",0,2,0,f9daacfd-6043-4174-8af9-8936763acfd7,169KS,,0,1,1592949691011,0,0
plugin_ios_activity_recognition,"[""stationary""]",0,2,0,f9daacfd-6043-4174-8af9-8936763acfd7,169KS,,0,1,1592949751011,0,0
plugin_ios_activity_recognition,"[""stationary""]",0,2,0,f9daacfd-6043-4174-8af9-8936763acfd7,169KS,supplement,0,1,1592949811011,0,0
plugin_ios_activity_recognition,"[""stationary""]",0,2,0,f9daacfd-6043-4174-8af9-8936763acfd7,169KS,,0,1,1592949811012,0,0
plugin_ios_activity_recognition,"[""stationary""]",0,2,0,f9daacfd-6043-4174-8af9-8936763acfd7,169KS,,0,1,1592949871008,0,0
plugin_ios_activity_recognition,"[""stationary""]",0,2,0,f9daacfd-6043-4174-8af9-8936763acfd7,169KS,supplement,0,1,1592949871011,0,0
plugin_ios_activity_recognition,"[""stationary""]",0,2,0,f9daacfd-6043-4174-8af9-8936763acfd7,169KS,supplement,0,1,1592949931008,0,0
plugin_ios_activity_recognition,"[""stationary""]",0,2,0,f9daacfd-6043-4174-8af9-8936763acfd7,169KS,,0,1,1592949931012,0,0
plugin_ios_activity_recognition,"[""stationary""]",0,2,0,f9daacfd-6043-4174-8af9-8936763acfd7,169KS,supplement,0,1,1592949991008,0,0
plugin_ios_activity_recognition,"[""stationary""]",0,2,0,f9daacfd-6043-4174-8af9-8936763acfd7,169KS,supplement,0,1,1592949991012,0,0
plugin_ios_activity_recognition,"[""stationary""]",0,2,0,f9daacfd-6043-4174-8af9-8936763acfd7,169KS,,0,1,1592949991013,0,0
plugin_ios_activity_recognition,"[""stationary""]",0,2,0,f9daacfd-6043-4174-8af9-8936763acfd7,169KS,supplement,0,1,1592950051012,0,0
plugin_ios_activity_recognition,"[""stationary""]",0,2,0,f9daacfd-6043-4174-8af9-8936763acfd7,169KS,supplement,0,1,1592950051013,0,0
plugin_ios_activity_recognition,"[""stationary""]",0,2,0,f9daacfd-6043-4174-8af9-8936763acfd7,169KS,supplement,0,1,1592950111013,0,0
plugin_ios_activity_recognition,"[""stationary""]",0,2,0,f9daacfd-6043-4174-8af9-8936763acfd7,169KS,,0,1,1592950111023,0,0
plugin_ios_activity_recognition,"[""stationary""]",0,2,0,f9daacfd-6043-4174-8af9-8936763acfd7,169KS,,0,1,1592950171013,0,0
plugin_ios_activity_recognition,"[""stationary""]",0,2,0,f9daacfd-6043-4174-8af9-8936763acfd7,169KS,supplement,0,1,1592950231013,0,0
plugin_ios_activity_recognition,"[""stationary""]",0,2,0,f9daacfd-6043-4174-8af9-8936763acfd7,169KS,,0,1,1592950231014,0,0
plugin_ios_activity_recognition,"[""stationary""]",0,2,0,f9daacfd-6043-4174-8af9-8936763acfd7,169KS,,0,1,1592950291013,0,0
plugin_ios_activity_recognition,,0,2,0,f9daacfd-6043-4174-8af9-8936763acfd7,169KS,,0,0,1592950323953,0,0
plugin_ios_activity_recognition,"[""stationary""]",0,2,0,f9daacfd-6043-4174-8af9-8936763acfd7,169KS,,0,1,1592950330005,0,0
plugin_ios_activity_recognition,"[""stationary""]",0,2,0,f9daacfd-6043-4174-8af9-8936763acfd7,169KS,,0,1,1592950351109,0,0
plugin_ios_activity_recognition,,0,2,0,f9daacfd-6043-4174-8af9-8936763acfd7,169KS,,0,0,1592950372948,0,0
plugin_ios_activity_recognition,"[""stationary""]",0,2,0,f9daacfd-6043-4174-8af9-8936763acfd7,169KS,,0,1,1592950382834,0,0
plugin_ios_activity_recognition,,0,2,0,f9daacfd-6043-4174-8af9-8936763acfd7,169KS,,0,0,1592950399473,0,0
plugin_ios_activity_recognition,"[""cycling""]",0,2,1,f9daacfd-6043-4174-8af9-8936763acfd7,169KS,,0,0,1592950409086,0,0
plugin_ios_activity_recognition,"[""cycling""]",0,2,1,f9daacfd-6043-4174-8af9-8936763acfd7,169KS,,0,0,1592950411009,0,0
plugin_ios_activity_recognition,,0,2,0,f9daacfd-6043-4174-8af9-8936763acfd7,169KS,,0,0,1592950439718,0,0
plugin_ios_activity_recognition,,0,2,0,f9daacfd-6043-4174-8af9-8936763acfd7,169KS,,0,0,1592950471007,0,0
plugin_ios_activity_recognition,"[""walking""]",0,1,0,f9daacfd-6043-4174-8af9-8936763acfd7,169KS,,0,0,1592950508673,0,1
plugin_ios_activity_recognition,"[""running""]",0,2,0,f9daacfd-6043-4174-8af9-8936763acfd7,169KS,,1,0,1592950518884,0,0
plugin_ios_activity_recognition,"[""walking""]",0,2,0,f9daacfd-6043-4174-8af9-8936763acfd7,169KS,,0,0,1592950521444,0,1
plugin_ios_activity_recognition,"[""walking""]",0,2,0,f9daacfd-6043-4174-8af9-8936763acfd7,169KS,,0,0,1592950531087,0,1
plugin_ios_activity_recognition,,0,2,0,f9daacfd-6043-4174-8af9-8936763acfd7,169KS,,0,0,1592950590388,0,0
plugin_ios_activity_recognition,,0,2,0,f9daacfd-6043-4174-8af9-8936763acfd7,169KS,,0,0,1592950591088,0,0
plugin_ios_activity_recognition,"[""walking""]",0,1,0,f9daacfd-6043-4174-8af9-8936763acfd7,169KS,,0,0,1592950633798,0,1
plugin_ios_activity_recognition,"[""walking""]",0,1,0,f9daacfd-6043-4174-8af9-8936763acfd7,169KS,,0,0,1592950651017,0,1
plugin_ios_activity_recognition,"[""walking""]",0,2,0,f9daacfd-6043-4174-8af9-8936763acfd7,169KS,,0,0,1592950651676,0,1
plugin_ios_activity_recognition,,0,2,0,f9daacfd-6043-4174-8af9-8936763acfd7,169KS,,0,0,1592950702750,0,0
plugin_ios_activity_recognition,,0,2,0,f9daacfd-6043-4174-8af9-8936763acfd7,169KS,,0,0,1592950711093,0,0
plugin_ios_activity_recognition,,0,2,0,f9daacfd-6043-4174-8af9-8936763acfd7,169KS,,0,0,1592950771059,0,0
plugin_ios_activity_recognition,,0,2,0,f9daacfd-6043-4174-8af9-8936763acfd7,169KS,supplement,0,0,1592950831059,0,0
plugin_ios_activity_recognition,,0,2,0,f9daacfd-6043-4174-8af9-8936763acfd7,169KS,,0,0,1592950831093,0,0
plugin_ios_activity_recognition,"[""walking""]",0,2,0,f9daacfd-6043-4174-8af9-8936763acfd7,169KS,,0,0,1592950832978,0,1
plugin_ios_activity_recognition,"[""walking""]",0,2,0,f9daacfd-6043-4174-8af9-8936763acfd7,169KS,,0,0,1592950891000,0,1
plugin_ios_activity_recognition,,0,2,0,f9daacfd-6043-4174-8af9-8936763acfd7,169KS,supplement,0,0,1592950891059,0,0
plugin_ios_activity_recognition,"[""walking""]",0,2,0,f9daacfd-6043-4174-8af9-8936763acfd7,169KS,,0,0,1592950950998,0,1
plugin_ios_activity_recognition,,0,2,0,f9daacfd-6043-4174-8af9-8936763acfd7,169KS,,0,0,1592950958082,0,0
plugin_ios_activity_recognition,"[""walking""]",0,1,0,f9daacfd-6043-4174-8af9-8936763acfd7,169KS,,0,0,1592951001493,0,1
plugin_ios_activity_recognition,"[""walking""]",0,2,0,f9daacfd-6043-4174-8af9-8936763acfd7,169KS,,0,0,1592951004047,0,1
plugin_ios_activity_recognition,"[""walking""]",0,2,0,f9daacfd-6043-4174-8af9-8936763acfd7,169KS,,0,0,1592951011001,0,1
plugin_ios_activity_recognition,"[""walking""]",0,2,0,f9daacfd-6043-4174-8af9-8936763acfd7,169KS,supplement,0,0,1592951071001,0,1
plugin_ios_activity_recognition,"[""walking""]",0,2,0,f9daacfd-6043-4174-8af9-8936763acfd7,169KS,,0,0,1592951071007,0,1
plugin_ios_activity_recognition,,0,2,0,f9daacfd-6043-4174-8af9-8936763acfd7,169KS,,0,0,1592951126622,0,0
plugin_ios_activity_recognition,,0,2,0,f9daacfd-6043-4174-8af9-8936763acfd7,169KS,,0,0,1592951130999,0,0
plugin_ios_activity_recognition,"[""walking""]",0,2,0,f9daacfd-6043-4174-8af9-8936763acfd7,169KS,supplement,0,0,1592951131001,0,1
plugin_ios_activity_recognition,,0,2,0,f9daacfd-6043-4174-8af9-8936763acfd7,169KS,supplement,0,0,1592951190999,0,0
plugin_ios_activity_recognition,,0,2,0,f9daacfd-6043-4174-8af9-8936763acfd7,169KS,,0,0,1592951191097,0,0
plugin_ios_activity_recognition,"[""automotive""]",1,2,0,f9daacfd-6043-4174-8af9-8936763acfd7,169KS,,0,0,1592951210916,0,0
plugin_ios_activity_recognition,"[""automotive""]",1,2,0,f9daacfd-6043-4174-8af9-8936763acfd7,169KS,,0,0,1592951233904,0,0
plugin_ios_activity_recognition,,0,2,0,f9daacfd-6043-4174-8af9-8936763acfd7,169KS,supplement,0,0,1592951250999,0,0
plugin_ios_activity_recognition,"[""automotive""]",1,2,0,f9daacfd-6043-4174-8af9-8936763acfd7,169KS,,0,0,1592951251114,0,0
plugin_ios_activity_recognition,"[""automotive""]",1,2,0,f9daacfd-6043-4174-8af9-8936763acfd7,169KS,,0,0,1592951311094,0,0
plugin_ios_activity_recognition,"[""automotive""]",1,2,0,f9daacfd-6043-4174-8af9-8936763acfd7,169KS,,0,0,1592951351376,0,0
plugin_ios_activity_recognition,"[""automotive""]",1,1,0,f9daacfd-6043-4174-8af9-8936763acfd7,169KS,,0,0,1592951359038,0,0
plugin_ios_activity_recognition,,0,2,0,f9daacfd-6043-4174-8af9-8936763acfd7,169KS,,0,0,1592951366698,0,0
plugin_ios_activity_recognition,"[""walking""]",0,1,0,f9daacfd-6043-4174-8af9-8936763acfd7,169KS,,0,0,1592951369252,0,1
plugin_ios_activity_recognition,"[""walking""]",0,1,0,f9daacfd-6043-4174-8af9-8936763acfd7,169KS,,0,0,1592951371093,0,1
plugin_ios_activity_recognition,"[""automotive""]",1,2,0,f9daacfd-6043-4174-8af9-8936763acfd7,169KS,,0,0,1592951376912,0,0
plugin_ios_activity_recognition,"[""automotive""]",1,2,0,f9daacfd-6043-4174-8af9-8936763acfd7,169KS,,0,0,1592951394787,0,0
plugin_ios_activity_recognition,"[""automotive""]",1,2,0,f9daacfd-6043-4174-8af9-8936763acfd7,169KS,,0,0,1592951431098,0,0
plugin_ios_activity_recognition,"[""automotive""]",1,2,0,f9daacfd-6043-4174-8af9-8936763acfd7,169KS,supplement,0,0,1592951491098,0,0
plugin_ios_activity_recognition,"[""automotive""]",1,2,0,f9daacfd-6043-4174-8af9-8936763acfd7,169KS,,0,0,1592951491108,0,0
plugin_ios_activity_recognition,"[""automotive""]",1,2,0,f9daacfd-6043-4174-8af9-8936763acfd7,169KS,,0,0,1592951532718,0,0
plugin_ios_activity_recognition,"[""automotive""]",1,2,0,f9daacfd-6043-4174-8af9-8936763acfd7,169KS,supplement,0,0,1592951551098,0,0
plugin_ios_activity_recognition,"[""automotive""]",1,2,0,f9daacfd-6043-4174-8af9-8936763acfd7,169KS,,0,0,1592951551121,0,0
plugin_ios_activity_recognition,"[""automotive""]",1,2,0,f9daacfd-6043-4174-8af9-8936763acfd7,169KS,,0,0,1592951591461,0,0
plugin_ios_activity_recognition,"[""automotive""]",1,2,0,f9daacfd-6043-4174-8af9-8936763acfd7,169KS,,0,0,1592951596568,0,0
plugin_ios_activity_recognition,"[""automotive""]",1,2,0,f9daacfd-6043-4174-8af9-8936763acfd7,169KS,,0,0,1592951611093,0,0
plugin_ios_activity_recognition,"[""automotive""]",1,2,0,f9daacfd-6043-4174-8af9-8936763acfd7,169KS,,0,0,1592951655300,0,0
plugin_ios_activity_recognition,"[""automotive""]",1,2,0,f9daacfd-6043-4174-8af9-8936763acfd7,169KS,,0,0,1592951660408,0,0
plugin_ios_activity_recognition,"[""automotive""]",1,2,0,f9daacfd-6043-4174-8af9-8936763acfd7,169KS,,0,0,1592951671101,0,0
plugin_ios_activity_recognition,"[""automotive""]",1,2,0,f9daacfd-6043-4174-8af9-8936763acfd7,169KS,,0,0,1592951673175,0,0
plugin_ios_activity_recognition,"[""automotive""]",1,2,0,f9daacfd-6043-4174-8af9-8936763acfd7,169KS,,0,0,1592951678286,0,0
plugin_ios_activity_recognition,"[""automotive""]",1,2,0,f9daacfd-6043-4174-8af9-8936763acfd7,169KS,,0,0,1592951719145,0,0
plugin_ios_activity_recognition,"[""automotive""]",1,2,0,f9daacfd-6043-4174-8af9-8936763acfd7,169KS,,0,0,1592951724252,0,0
plugin_ios_activity_recognition,"[""automotive""]",1,2,0,f9daacfd-6043-4174-8af9-8936763acfd7,169KS,,0,0,1592951731099,0,0
plugin_ios_activity_recognition,"[""automotive""]",1,2,0,f9daacfd-6043-4174-8af9-8936763acfd7,169KS,,0,0,1592951765122,0,0
plugin_ios_activity_recognition,"[""automotive""]",1,2,0,f9daacfd-6043-4174-8af9-8936763acfd7,169KS,,0,0,1592951791100,0,0
plugin_ios_activity_recognition,"[""automotive""]",1,2,0,f9daacfd-6043-4174-8af9-8936763acfd7,169KS,,0,0,1592951795788,0,0
plugin_ios_activity_recognition,"[""automotive""]",1,2,0,f9daacfd-6043-4174-8af9-8936763acfd7,169KS,,0,0,1592951821327,0,0
plugin_ios_activity_recognition,"[""automotive""]",1,2,0,f9daacfd-6043-4174-8af9-8936763acfd7,169KS,,0,0,1592951844309,0,0
plugin_ios_activity_recognition,"[""automotive""]",1,2,0,f9daacfd-6043-4174-8af9-8936763acfd7,169KS,,0,0,1592951849417,0,0
plugin_ios_activity_recognition,"[""automotive""]",1,2,0,f9daacfd-6043-4174-8af9-8936763acfd7,169KS,,0,0,1592951851096,0,0
plugin_ios_activity_recognition,"[""automotive""]",1,2,0,f9daacfd-6043-4174-8af9-8936763acfd7,169KS,,0,0,1592951851967,0,0
plugin_ios_activity_recognition,"[""automotive""]",1,2,0,f9daacfd-6043-4174-8af9-8936763acfd7,169KS,,0,0,1592951911103,0,0
plugin_ios_activity_recognition,"[""automotive""]",1,2,0,f9daacfd-6043-4174-8af9-8936763acfd7,169KS,,0,0,1592951913258,0,0
plugin_ios_activity_recognition,"[""automotive""]",1,2,0,f9daacfd-6043-4174-8af9-8936763acfd7,169KS,,0,0,1592951915812,0,0
plugin_ios_activity_recognition,"[""automotive""]",1,2,0,f9daacfd-6043-4174-8af9-8936763acfd7,169KS,,0,0,1592951971109,0,0
plugin_ios_activity_recognition,"[""automotive""]",1,2,0,f9daacfd-6043-4174-8af9-8936763acfd7,169KS,,0,0,1592951977105,0,0
plugin_ios_activity_recognition,"[""automotive""]",1,2,0,f9daacfd-6043-4174-8af9-8936763acfd7,169KS,,0,0,1592951979659,0,0
plugin_ios_activity_recognition,"[""automotive""]",1,2,0,f9daacfd-6043-4174-8af9-8936763acfd7,169KS,,0,0,1592952025628,0,0
plugin_ios_activity_recognition,"[""automotive""]",1,2,0,f9daacfd-6043-4174-8af9-8936763acfd7,169KS,,0,0,1592952031097,0,0
plugin_ios_activity_recognition,"[""automotive""]",1,2,0,f9daacfd-6043-4174-8af9-8936763acfd7,169KS,,0,0,1592952066487,0,0
plugin_ios_activity_recognition,"[""automotive""]",1,2,0,f9daacfd-6043-4174-8af9-8936763acfd7,169KS,,0,0,1592952079261,0,0
plugin_ios_activity_recognition,"[""automotive""]",1,2,0,f9daacfd-6043-4174-8af9-8936763acfd7,169KS,,0,0,1592952091101,0,0
plugin_ios_activity_recognition,"[""stationary"",""automotive""]",1,2,0,f9daacfd-6043-4174-8af9-8936763acfd7,169KS,,0,1,1592952142100,0,0
plugin_ios_activity_recognition,"[""automotive""]",1,2,0,f9daacfd-6043-4174-8af9-8936763acfd7,169KS,,0,0,1592952144015,0,0
plugin_ios_activity_recognition,"[""automotive""]",1,2,0,f9daacfd-6043-4174-8af9-8936763acfd7,169KS,,0,0,1592952151096,0,0
plugin_ios_activity_recognition,"[""automotive""]",1,2,0,f9daacfd-6043-4174-8af9-8936763acfd7,169KS,,0,0,1592952211010,0,0
plugin_ios_activity_recognition,"[""automotive""]",1,2,0,f9daacfd-6043-4174-8af9-8936763acfd7,169KS,supplement,0,0,1592952271010,0,0
plugin_ios_activity_recognition,"[""automotive""]",1,2,0,f9daacfd-6043-4174-8af9-8936763acfd7,169KS,,0,0,1592952271015,0,0
plugin_ios_activity_recognition,,0,2,0,f9daacfd-6043-4174-8af9-8936763acfd7,169KS,,0,0,1592952283545,0,0
plugin_ios_activity_recognition,"[""walking""]",0,2,0,f9daacfd-6043-4174-8af9-8936763acfd7,169KS,,0,0,1592952303972,0,1
plugin_ios_activity_recognition,"[""automotive""]",1,2,0,f9daacfd-6043-4174-8af9-8936763acfd7,169KS,supplement,0,0,1592952331010,0,0
plugin_ios_activity_recognition,"[""walking""]",0,2,0,f9daacfd-6043-4174-8af9-8936763acfd7,169KS,,0,0,1592952331032,0,1
plugin_ios_activity_recognition,"[""walking""]",0,2,0,f9daacfd-6043-4174-8af9-8936763acfd7,169KS,supplement,0,0,1592952391032,0,1
plugin_ios_activity_recognition,"[""walking""]",0,2,0,f9daacfd-6043-4174-8af9-8936763acfd7,169KS,,0,0,1592952391097,0,1
plugin_ios_activity_recognition,"[""walking""]",0,2,0,f9daacfd-6043-4174-8af9-8936763acfd7,169KS,,0,0,1592952451011,0,1
plugin_ios_activity_recognition,"[""walking""]",0,2,0,f9daacfd-6043-4174-8af9-8936763acfd7,169KS,supplement,0,0,1592952451032,0,1
plugin_ios_activity_recognition,"[""walking""]",0,2,0,f9daacfd-6043-4174-8af9-8936763acfd7,169KS,supplement,0,0,1592952511011,0,1
plugin_ios_activity_recognition,"[""walking""]",0,2,0,f9daacfd-6043-4174-8af9-8936763acfd7,169KS,,0,0,1592952511022,0,1
plugin_ios_activity_recognition,"[""walking""]",0,2,0,f9daacfd-6043-4174-8af9-8936763acfd7,169KS,supplement,0,0,1592952571011,0,1
plugin_ios_activity_recognition,"[""walking""]",0,2,0,f9daacfd-6043-4174-8af9-8936763acfd7,169KS,supplement,0,0,1592952571022,0,1
plugin_ios_activity_recognition,"[""walking""]",0,2,0,f9daacfd-6043-4174-8af9-8936763acfd7,169KS,,0,0,1592952571028,0,1
plugin_ios_activity_recognition,"[""walking""]",0,2,0,f9daacfd-6043-4174-8af9-8936763acfd7,169KS,supplement,0,0,1592952631022,0,1
plugin_ios_activity_recognition,"[""walking""]",0,2,0,f9daacfd-6043-4174-8af9-8936763acfd7,169KS,,0,0,1592952631024,0,1
plugin_ios_activity_recognition,"[""walking""]",0,2,0,f9daacfd-6043-4174-8af9-8936763acfd7,169KS,,0,0,1592952691013,0,1
plugin_ios_activity_recognition,"[""walking""]",0,2,0,f9daacfd-6043-4174-8af9-8936763acfd7,169KS,supplement,0,0,1592952751013,0,1
plugin_ios_activity_recognition,"[""walking""]",0,2,0,f9daacfd-6043-4174-8af9-8936763acfd7,169KS,,0,0,1592952751014,0,1
plugin_ios_activity_recognition,,0,2,0,f9daacfd-6043-4174-8af9-8936763acfd7,169KS,,0,0,1592952755893,0,0
plugin_ios_activity_recognition,"[""walking""]",0,2,0,f9daacfd-6043-4174-8af9-8936763acfd7,169KS,supplement,0,0,1592952811013,0,1
plugin_ios_activity_recognition,,0,2,0,f9daacfd-6043-4174-8af9-8936763acfd7,169KS,,0,0,1592952811111,0,0
plugin_ios_activity_recognition,"[""walking""]",0,1,0,f9daacfd-6043-4174-8af9-8936763acfd7,169KS,,0,0,1592952824841,0,1
plugin_ios_activity_recognition,"[""walking""]",0,2,0,f9daacfd-6043-4174-8af9-8936763acfd7,169KS,,0,0,1592952829945,0,1
plugin_ios_activity_recognition,"[""walking""]",0,2,0,f9daacfd-6043-4174-8af9-8936763acfd7,169KS,,0,0,1592952871104,0,1
plugin_ios_activity_recognition,,0,2,0,f9daacfd-6043-4174-8af9-8936763acfd7,169KS,,0,0,1592952909085,0,0
plugin_ios_activity_recognition,"[""walking""]",0,1,0,f9daacfd-6043-4174-8af9-8936763acfd7,169KS,,0,0,1592952914192,0,1
plugin_ios_activity_recognition,"[""walking""]",0,2,0,f9daacfd-6043-4174-8af9-8936763acfd7,169KS,,0,0,1592952916744,0,1
plugin_ios_activity_recognition,"[""walking""]",0,2,0,f9daacfd-6043-4174-8af9-8936763acfd7,169KS,,0,0,1592952931018,0,1
plugin_ios_activity_recognition,,0,2,0,f9daacfd-6043-4174-8af9-8936763acfd7,169KS,,0,0,1592952968339,0,0
plugin_ios_activity_recognition,,0,2,0,f9daacfd-6043-4174-8af9-8936763acfd7,169KS,,0,0,1592952991014,0,0
plugin_ios_activity_recognition,"[""walking""]",0,1,0,f9daacfd-6043-4174-8af9-8936763acfd7,169KS,,0,0,1592952998358,0,1
plugin_ios_activity_recognition,"[""walking""]",0,2,0,f9daacfd-6043-4174-8af9-8936763acfd7,169KS,,0,0,1592953000910,0,1
plugin_ios_activity_recognition,"[""walking""]",0,2,0,f9daacfd-6043-4174-8af9-8936763acfd7,169KS,,0,0,1592953051026,0,1
plugin_ios_activity_recognition,,0,2,0,f9daacfd-6043-4174-8af9-8936763acfd7,169KS,,0,0,1592953105583,0,0
plugin_ios_activity_recognition,,0,2,0,f9daacfd-6043-4174-8af9-8936763acfd7,169KS,,0,0,1592953111091,0,0
plugin_ios_activity_recognition,"[""walking""]",0,1,0,f9daacfd-6043-4174-8af9-8936763acfd7,169KS,,0,0,1592953141328,0,1
plugin_ios_activity_recognition,"[""walking""]",0,2,0,f9daacfd-6043-4174-8af9-8936763acfd7,169KS,,0,0,1592953154082,0,1
plugin_ios_activity_recognition,"[""walking""]",0,2,0,f9daacfd-6043-4174-8af9-8936763acfd7,169KS,,0,0,1592953171012,0,1
plugin_ios_activity_recognition,"[""walking""]",0,2,0,f9daacfd-6043-4174-8af9-8936763acfd7,169KS,supplement,0,0,1592953231012,0,1
plugin_ios_activity_recognition,"[""walking""]",0,2,0,f9daacfd-6043-4174-8af9-8936763acfd7,169KS,,0,0,1592953231016,0,1
plugin_ios_activity_recognition,,0,2,0,f9daacfd-6043-4174-8af9-8936763acfd7,169KS,,0,0,1592953258738,0,0
plugin_ios_activity_recognition,"[""walking""]",0,2,0,f9daacfd-6043-4174-8af9-8936763acfd7,169KS,supplement,0,0,1592953291012,0,1
plugin_ios_activity_recognition,,0,2,0,f9daacfd-6043-4174-8af9-8936763acfd7,169KS,,0,0,1592953291106,0,0
plugin_ios_activity_recognition,,0,2,0,f9daacfd-6043-4174-8af9-8936763acfd7,169KS,,0,0,1592953351106,0,0
plugin_ios_activity_recognition,"[""walking""]",0,1,0,f9daacfd-6043-4174-8af9-8936763acfd7,169KS,,0,0,1592953358334,0,1
plugin_ios_activity_recognition,"[""walking""]",0,2,0,f9daacfd-6043-4174-8af9-8936763acfd7,169KS,,0,0,1592953360895,0,1
plugin_ios_activity_recognition,"[""walking""]",0,2,0,f9daacfd-6043-4174-8af9-8936763acfd7,169KS,,0,0,1592953411047,0,1
plugin_ios_activity_recognition,,0,2,0,f9daacfd-6043-4174-8af9-8936763acfd7,169KS,supplement,0,0,1592953411106,0,0
plugin_ios_activity_recognition,,0,2,0,f9daacfd-6043-4174-8af9-8936763acfd7,169KS,,0,0,1592953455394,0,0
plugin_ios_activity_recognition,,0,2,0,f9daacfd-6043-4174-8af9-8936763acfd7,169KS,,0,0,1592953471016,0,0
plugin_ios_activity_recognition,"[""walking""]",0,1,0,f9daacfd-6043-4174-8af9-8936763acfd7,169KS,,0,0,1592953496207,0,1
plugin_ios_activity_recognition,"[""walking""]",0,2,0,f9daacfd-6043-4174-8af9-8936763acfd7,169KS,,0,0,1592953501309,0,1
plugin_ios_activity_recognition,"[""walking""]",0,2,0,f9daacfd-6043-4174-8af9-8936763acfd7,169KS,,0,0,1592953531014,0,1
plugin_ios_activity_recognition,"[""stationary""]",0,2,0,f9daacfd-6043-4174-8af9-8936763acfd7,169KS,,0,1,1592953531910,0,0
plugin_ios_activity_recognition,"[""walking""]",0,2,0,f9daacfd-6043-4174-8af9-8936763acfd7,169KS,,0,0,1592953541114,0,1
plugin_ios_activity_recognition,,0,2,0,f9daacfd-6043-4174-8af9-8936763acfd7,169KS,,0,0,1592953542109,0,0
plugin_ios_activity_recognition,,0,2,0,f9daacfd-6043-4174-8af9-8936763acfd7,169KS,,0,0,1592953591092,0,0
plugin_ios_activity_recognition,"[""stationary""]",0,2,0,f9daacfd-6043-4174-8af9-8936763acfd7,169KS,,0,1,1592953591170,0,0
plugin_ios_activity_recognition,,0,2,0,f9daacfd-6043-4174-8af9-8936763acfd7,169KS,,0,0,1592953594357,0,0
plugin_ios_activity_recognition,,0,2,0,f9daacfd-6043-4174-8af9-8936763acfd7,169KS,,0,0,1592953651011,0,0
plugin_ios_activity_recognition,"[""stationary""]",0,2,0,f9daacfd-6043-4174-8af9-8936763acfd7,169KS,,0,1,1592953667706,0,0
plugin_ios_activity_recognition,,0,2,0,f9daacfd-6043-4174-8af9-8936763acfd7,169KS,,0,0,1592953669941,0,0
plugin_ios_activity_recognition,"[""stationary""]",0,2,0,f9daacfd-6043-4174-8af9-8936763acfd7,169KS,,0,1,1592953689404,0,0
plugin_ios_activity_recognition,,0,2,0,f9daacfd-6043-4174-8af9-8936763acfd7,169KS,,0,0,1592953702503,0,0
plugin_ios_activity_recognition,,0,2,0,f9daacfd-6043-4174-8af9-8936763acfd7,169KS,,0,0,1592953711016,0,0
plugin_ios_activity_recognition,"[""stationary""]",0,2,0,f9daacfd-6043-4174-8af9-8936763acfd7,169KS,,0,1,1592953717493,0,0
plugin_ios_activity_recognition,,0,2,0,f9daacfd-6043-4174-8af9-8936763acfd7,169KS,,0,0,1592953719717,0,0
plugin_ios_activity_recognition,"[""stationary""]",0,2,0,f9daacfd-6043-4174-8af9-8936763acfd7,169KS,,0,1,1592953742330,0,0
plugin_ios_activity_recognition,,0,2,0,f9daacfd-6043-4174-8af9-8936763acfd7,169KS,,0,0,1592953749979,0,0
plugin_ios_activity_recognition,"[""stationary""]",0,2,0,f9daacfd-6043-4174-8af9-8936763acfd7,169KS,,0,1,1592953759214,0,0
plugin_ios_activity_recognition,,0,2,0,f9daacfd-6043-4174-8af9-8936763acfd7,169KS,,0,0,1592953761767,0,0
plugin_ios_activity_recognition,"[""stationary""]",0,2,0,f9daacfd-6043-4174-8af9-8936763acfd7,169KS,,0,1,1592953765267,0,0
plugin_ios_activity_recognition,,0,2,0,f9daacfd-6043-4174-8af9-8936763acfd7,169KS,,0,0,1592953767172,0,0
plugin_ios_activity_recognition,,0,2,0,f9daacfd-6043-4174-8af9-8936763acfd7,169KS,,0,0,1592953771015,0,0
plugin_ios_activity_recognition,"[""stationary""]",0,2,0,f9daacfd-6043-4174-8af9-8936763acfd7,169KS,,0,1,1592953777369,0,0
plugin_ios_activity_recognition,,0,2,0,f9daacfd-6043-4174-8af9-8936763acfd7,169KS,,0,0,1592953790836,0,0
plugin_ios_activity_recognition,"[""stationary""]",0,2,0,f9daacfd-6043-4174-8af9-8936763acfd7,169KS,,0,1,1592953803596,0,0
plugin_ios_activity_recognition,,0,2,0,f9daacfd-6043-4174-8af9-8936763acfd7,169KS,,0,0,1592953807127,0,0
plugin_ios_activity_recognition,"[""walking""]",0,1,0,f9daacfd-6043-4174-8af9-8936763acfd7,169KS,,0,0,1592953825365,0,1
plugin_ios_activity_recognition,,0,2,0,f9daacfd-6043-4174-8af9-8936763acfd7,169KS,,0,0,1592953830471,0,0
plugin_ios_activity_recognition,,0,2,0,f9daacfd-6043-4174-8af9-8936763acfd7,169KS,,0,0,1592953831103,0,0
plugin_ios_activity_recognition,"[""stationary""]",0,2,0,f9daacfd-6043-4174-8af9-8936763acfd7,169KS,,0,1,1592953855640,0,0
plugin_ios_activity_recognition,,0,2,0,f9daacfd-6043-4174-8af9-8936763acfd7,169KS,,0,0,1592953859470,0,0
plugin_ios_activity_recognition,"[""stationary""]",0,2,0,f9daacfd-6043-4174-8af9-8936763acfd7,169KS,,0,1,1592953863933,0,0
plugin_ios_activity_recognition,,0,2,0,f9daacfd-6043-4174-8af9-8936763acfd7,169KS,,0,0,1592953867758,0,0
plugin_ios_activity_recognition,"[""stationary""]",0,2,0,f9daacfd-6043-4174-8af9-8936763acfd7,169KS,,0,1,1592953882089,0,0
plugin_ios_activity_recognition,"[""stationary""]",0,2,0,f9daacfd-6043-4174-8af9-8936763acfd7,169KS,,0,1,1592953891018,0,0
plugin_ios_activity_recognition,,0,2,0,f9daacfd-6043-4174-8af9-8936763acfd7,169KS,,0,0,1592953892611,0,0
plugin_ios_activity_recognition,"[""stationary""]",0,2,0,f9daacfd-6043-4174-8af9-8936763acfd7,169KS,,0,1,1592953898336,0,0
plugin_ios_activity_recognition,,0,2,0,f9daacfd-6043-4174-8af9-8936763acfd7,169KS,,0,0,1592953900560,0,0
plugin_ios_activity_recognition,"[""stationary""]",0,2,0,f9daacfd-6043-4174-8af9-8936763acfd7,169KS,,0,1,1592953905965,0,0
plugin_ios_activity_recognition,,0,2,0,f9daacfd-6043-4174-8af9-8936763acfd7,169KS,,0,0,1592953915200,0,0
plugin_ios_activity_recognition,"[""stationary""]",0,2,0,f9daacfd-6043-4174-8af9-8936763acfd7,169KS,,0,1,1592953949310,0,0
plugin_ios_activity_recognition,,0,2,0,f9daacfd-6043-4174-8af9-8936763acfd7,169KS,,0,0,1592953950582,0,0
plugin_ios_activity_recognition,,0,2,0,f9daacfd-6043-4174-8af9-8936763acfd7,169KS,,0,0,1592953951015,0,0
plugin_ios_activity_recognition,,0,2,0,f9daacfd-6043-4174-8af9-8936763acfd7,169KS,supplement,0,0,1592954011015,0,0
plugin_ios_activity_recognition,,0,2,0,f9daacfd-6043-4174-8af9-8936763acfd7,169KS,,0,0,1592954011021,0,0
plugin_ios_activity_recognition,"[""stationary""]",0,2,0,f9daacfd-6043-4174-8af9-8936763acfd7,169KS,,0,1,1592954032257,0,0
plugin_ios_activity_recognition,,0,2,0,f9daacfd-6043-4174-8af9-8936763acfd7,169KS,,0,0,1592954041828,0,0
plugin_ios_activity_recognition,,0,2,0,f9daacfd-6043-4174-8af9-8936763acfd7,169KS,supplement,0,0,1592954071015,0,0
plugin_ios_activity_recognition,,0,2,0,f9daacfd-6043-4174-8af9-8936763acfd7,169KS,,0,0,1592954071024,0,0
plugin_ios_activity_recognition,"[""stationary""]",0,2,0,f9daacfd-6043-4174-8af9-8936763acfd7,169KS,,0,1,1592954095793,0,0
plugin_ios_activity_recognition,,0,2,0,f9daacfd-6043-4174-8af9-8936763acfd7,169KS,,0,0,1592954099580,0,0
plugin_ios_activity_recognition,"[""stationary""]",0,2,0,f9daacfd-6043-4174-8af9-8936763acfd7,169KS,,0,1,1592954118754,0,0
plugin_ios_activity_recognition,,0,2,0,f9daacfd-6043-4174-8af9-8936763acfd7,169KS,,0,0,1592954126403,0,0
plugin_ios_activity_recognition,,0,2,0,f9daacfd-6043-4174-8af9-8936763acfd7,169KS,,0,0,1592954131015,0,0
plugin_ios_activity_recognition,"[""walking""]",0,1,0,f9daacfd-6043-4174-8af9-8936763acfd7,169KS,,0,0,1592954149373,0,1
plugin_ios_activity_recognition,"[""walking""]",0,2,0,f9daacfd-6043-4174-8af9-8936763acfd7,169KS,,0,0,1592954154472,0,1
plugin_ios_activity_recognition,"[""stationary""]",0,2,0,f9daacfd-6043-4174-8af9-8936763acfd7,169KS,,0,1,1592954177383,0,0
plugin_ios_activity_recognition,"[""walking""]",0,2,0,f9daacfd-6043-4174-8af9-8936763acfd7,169KS,,0,0,1592954179936,0,1
plugin_ios_activity_recognition,"[""walking""]",0,2,0,f9daacfd-6043-4174-8af9-8936763acfd7,169KS,,0,0,1592954191016,0,1
plugin_ios_activity_recognition,,0,2,0,f9daacfd-6043-4174-8af9-8936763acfd7,169KS,,0,0,1592954205399,0,0
plugin_ios_activity_recognition,,0,2,0,f9daacfd-6043-4174-8af9-8936763acfd7,169KS,,0,0,1592954251015,0,0
plugin_ios_activity_recognition,"[""stationary""]",0,2,0,f9daacfd-6043-4174-8af9-8936763acfd7,169KS,,0,1,1592954262717,0,0
plugin_ios_activity_recognition,,0,2,0,f9daacfd-6043-4174-8af9-8936763acfd7,169KS,,0,0,1592954264946,0,0
plugin_ios_activity_recognition,"[""stationary""]",0,2,0,f9daacfd-6043-4174-8af9-8936763acfd7,169KS,,0,1,1592954306317,0,0
plugin_ios_activity_recognition,"[""stationary""]",0,2,0,f9daacfd-6043-4174-8af9-8936763acfd7,169KS,,0,1,1592954311024,0,0
plugin_ios_activity_recognition,,0,2,0,f9daacfd-6043-4174-8af9-8936763acfd7,169KS,,0,0,1592954319415,0,0
plugin_ios_activity_recognition,"[""stationary""]",0,2,0,f9daacfd-6043-4174-8af9-8936763acfd7,169KS,,0,1,1592954337226,0,0
plugin_ios_activity_recognition,,0,2,0,f9daacfd-6043-4174-8af9-8936763acfd7,169KS,,0,0,1592954337540,0,0
plugin_ios_activity_recognition,"[""stationary""]",0,2,0,f9daacfd-6043-4174-8af9-8936763acfd7,169KS,,0,1,1592954364285,0,0
plugin_ios_activity_recognition,,0,2,0,f9daacfd-6043-4174-8af9-8936763acfd7,169KS,,0,0,1592954365914,0,0
plugin_ios_activity_recognition,,0,2,0,f9daacfd-6043-4174-8af9-8936763acfd7,169KS,,0,0,1592954371013,0,0
plugin_ios_activity_recognition,"[""stationary""]",0,2,0,f9daacfd-6043-4174-8af9-8936763acfd7,169KS,,0,1,1592954423220,0,0
plugin_ios_activity_recognition,,0,2,0,f9daacfd-6043-4174-8af9-8936763acfd7,169KS,,0,0,1592954427681,0,0
plugin_ios_activity_recognition,,0,2,0,f9daacfd-6043-4174-8af9-8936763acfd7,169KS,,0,0,1592954431015,0,0
plugin_ios_activity_recognition,"[""stationary""]",0,2,0,f9daacfd-6043-4174-8af9-8936763acfd7,169KS,,0,1,1592954437563,0,0
plugin_ios_activity_recognition,,0,2,0,f9daacfd-6043-4174-8af9-8936763acfd7,169KS,,0,0,1592954439473,0,0
plugin_ios_activity_recognition,"[""stationary""]",0,2,0,f9daacfd-6043-4174-8af9-8936763acfd7,169KS,,0,1,1592954453169,0,0
plugin_ios_activity_recognition,,0,2,0,f9daacfd-6043-4174-8af9-8936763acfd7,169KS,,0,0,1592954459548,0,0
plugin_ios_activity_recognition,,0,2,0,f9daacfd-6043-4174-8af9-8936763acfd7,169KS,,0,0,1592954491028,0,0
plugin_ios_activity_recognition,"[""stationary""]",0,2,0,f9daacfd-6043-4174-8af9-8936763acfd7,169KS,,0,1,1592954545630,0,0
plugin_ios_activity_recognition,,0,2,0,f9daacfd-6043-4174-8af9-8936763acfd7,169KS,,0,0,1592954545946,0,0
plugin_ios_activity_recognition,,0,2,0,f9daacfd-6043-4174-8af9-8936763acfd7,169KS,,0,0,1592954551103,0,0
plugin_ios_activity_recognition,"[""stationary""]",0,2,0,f9daacfd-6043-4174-8af9-8936763acfd7,169KS,,0,1,1592954552632,0,0
plugin_ios_activity_recognition,,0,2,0,f9daacfd-6043-4174-8af9-8936763acfd7,169KS,,0,0,1592954555173,0,0
plugin_ios_activity_recognition,,0,2,0,f9daacfd-6043-4174-8af9-8936763acfd7,169KS,,0,0,1592954611013,0,0
plugin_ios_activity_recognition,"[""stationary""]",0,2,0,f9daacfd-6043-4174-8af9-8936763acfd7,169KS,,0,1,1592954633998,0,0
plugin_ios_activity_recognition,,0,2,0,f9daacfd-6043-4174-8af9-8936763acfd7,169KS,,0,0,1592954643250,0,0
plugin_ios_activity_recognition,,0,2,0,f9daacfd-6043-4174-8af9-8936763acfd7,169KS,,0,0,1592954671014,0,0
plugin_ios_activity_recognition,"[""stationary""]",0,2,0,f9daacfd-6043-4174-8af9-8936763acfd7,169KS,,0,1,1592954680569,0,0
plugin_ios_activity_recognition,,0,2,0,f9daacfd-6043-4174-8af9-8936763acfd7,169KS,,0,0,1592954681846,0,0
plugin_ios_activity_recognition,"[""stationary""]",0,2,0,f9daacfd-6043-4174-8af9-8936763acfd7,169KS,,0,1,1592954691085,0,0
plugin_ios_activity_recognition,,0,2,0,f9daacfd-6043-4174-8af9-8936763acfd7,169KS,,0,0,1592954703547,0,0
plugin_ios_activity_recognition,,0,2,0,f9daacfd-6043-4174-8af9-8936763acfd7,169KS,,0,0,1592954731023,0,0
plugin_ios_activity_recognition,"[""stationary""]",0,2,0,f9daacfd-6043-4174-8af9-8936763acfd7,169KS,,0,1,1592954750441,0,0
plugin_ios_activity_recognition,,0,2,0,f9daacfd-6043-4174-8af9-8936763acfd7,169KS,,0,0,1592954750760,0,0
plugin_ios_activity_recognition,"[""walking""]",0,1,0,f9daacfd-6043-4174-8af9-8936763acfd7,169KS,,0,0,1592954766427,0,1
plugin_ios_activity_recognition,"[""walking""]",0,2,0,f9daacfd-6043-4174-8af9-8936763acfd7,169KS,,0,0,1592954771534,0,1
plugin_ios_activity_recognition,"[""walking""]",0,2,0,f9daacfd-6043-4174-8af9-8936763acfd7,169KS,,0,0,1592954791109,0,1
plugin_ios_activity_recognition,,0,2,0,f9daacfd-6043-4174-8af9-8936763acfd7,169KS,,0,0,1592954812358,0,0
plugin_ios_activity_recognition,,0,2,0,f9daacfd-6043-4174-8af9-8936763acfd7,169KS,,0,0,1592954851011,0,0
plugin_ios_activity_recognition,"[""walking""]",0,1,0,f9daacfd-6043-4174-8af9-8936763acfd7,169KS,,0,0,1592954863383,0,1
plugin_ios_activity_recognition,"[""walking""]",0,2,0,f9daacfd-6043-4174-8af9-8936763acfd7,169KS,,0,0,1592954865935,0,1
plugin_ios_activity_recognition,"[""walking""]",0,2,0,f9daacfd-6043-4174-8af9-8936763acfd7,169KS,,0,0,1592954911016,0,1
plugin_ios_activity_recognition,,0,2,0,f9daacfd-6043-4174-8af9-8936763acfd7,169KS,,0,0,1592954919525,0,0
plugin_ios_activity_recognition,,0,2,0,f9daacfd-6043-4174-8af9-8936763acfd7,169KS,,0,0,1592954971023,0,0
plugin_ios_activity_recognition,,0,2,0,f9daacfd-6043-4174-8af9-8936763acfd7,169KS,supplement,0,0,1592955031023,0,0
plugin_ios_activity_recognition,,0,2,0,f9daacfd-6043-4174-8af9-8936763acfd7,169KS,,0,0,1592955031026,0,0
plugin_ios_activity_recognition,"[""stationary""]",0,2,0,f9daacfd-6043-4174-8af9-8936763acfd7,169KS,,0,1,1592955060524,0,0
plugin_ios_activity_recognition,,0,2,0,f9daacfd-6043-4174-8af9-8936763acfd7,169KS,,0,0,1592955064029,0,0
plugin_ios_activity_recognition,,0,2,0,f9daacfd-6043-4174-8af9-8936763acfd7,169KS,,0,0,1592955091019,0,0
plugin_ios_activity_recognition,,0,2,0,f9daacfd-6043-4174-8af9-8936763acfd7,169KS,supplement,0,0,1592955091023,0,0
plugin_ios_activity_recognition,,0,2,0,f9daacfd-6043-4174-8af9-8936763acfd7,169KS,,0,0,1592955151015,0,0
plugin_ios_activity_recognition,"[""stationary""]",0,2,0,f9daacfd-6043-4174-8af9-8936763acfd7,169KS,,0,1,1592955208286,0,0
plugin_ios_activity_recognition,"[""stationary""]",0,2,0,f9daacfd-6043-4174-8af9-8936763acfd7,169KS,,0,1,1592955211034,0,0
plugin_ios_activity_recognition,,0,2,0,f9daacfd-6043-4174-8af9-8936763acfd7,169KS,,0,0,1592955219123,0,0
plugin_ios_activity_recognition,"[""stationary""]",0,2,0,f9daacfd-6043-4174-8af9-8936763acfd7,169KS,,0,1,1592955223586,0,0
plugin_ios_activity_recognition,,0,2,0,f9daacfd-6043-4174-8af9-8936763acfd7,169KS,,0,0,1592955254587,0,0
plugin_ios_activity_recognition,,0,2,0,f9daacfd-6043-4174-8af9-8936763acfd7,169KS,,0,0,1592955271110,0,0
plugin_ios_activity_recognition,"[""walking""]",0,1,0,f9daacfd-6043-4174-8af9-8936763acfd7,169KS,,0,0,1592955276986,0,1
plugin_ios_activity_recognition,"[""walking""]",0,2,0,f9daacfd-6043-4174-8af9-8936763acfd7,169KS,,0,0,1592955282092,0,1
plugin_ios_activity_recognition,,0,2,0,f9daacfd-6043-4174-8af9-8936763acfd7,169KS,,0,0,1592955284645,0,0
plugin_ios_activity_recognition,"[""stationary""]",0,2,0,f9daacfd-6043-4174-8af9-8936763acfd7,169KS,,0,1,1592955303412,0,0
plugin_ios_activity_recognition,,0,2,0,f9daacfd-6043-4174-8af9-8936763acfd7,169KS,,0,0,1592955310153,0,0
plugin_ios_activity_recognition,,0,2,0,f9daacfd-6043-4174-8af9-8936763acfd7,169KS,,0,0,1592955331025,0,0
plugin_ios_activity_recognition,"[""stationary""]",0,2,0,f9daacfd-6043-4174-8af9-8936763acfd7,169KS,,0,1,1592955341103,0,0
plugin_ios_activity_recognition,,0,2,0,f9daacfd-6043-4174-8af9-8936763acfd7,169KS,,0,0,1592955344933,0,0
plugin_ios_activity_recognition,"[""stationary""]",0,2,0,f9daacfd-6043-4174-8af9-8936763acfd7,169KS,,0,1,1592955351346,0,0
plugin_ios_activity_recognition,,0,2,0,f9daacfd-6043-4174-8af9-8936763acfd7,169KS,,0,0,1592955364809,0,0
plugin_ios_activity_recognition,"[""stationary""]",0,2,0,f9daacfd-6043-4174-8af9-8936763acfd7,169KS,,0,1,1592955377548,0,0
plugin_ios_activity_recognition,"[""stationary""]",0,2,0,f9daacfd-6043-4174-8af9-8936763acfd7,169KS,,0,1,1592955391017,0,0
plugin_ios_activity_recognition,,0,2,0,f9daacfd-6043-4174-8af9-8936763acfd7,169KS,,0,0,1592955397154,0,0
plugin_ios_activity_recognition,"[""stationary""]",0,2,0,f9daacfd-6043-4174-8af9-8936763acfd7,169KS,,0,1,1592955406345,0,0
plugin_ios_activity_recognition,,0,2,0,f9daacfd-6043-4174-8af9-8936763acfd7,169KS,,0,0,1592955410493,0,0
plugin_ios_activity_recognition,"[""stationary""]",0,2,0,f9daacfd-6043-4174-8af9-8936763acfd7,169KS,,0,1,1592955420087,0,0
plugin_ios_activity_recognition,,0,2,0,f9daacfd-6043-4174-8af9-8936763acfd7,169KS,,0,0,1592955425491,0,0
plugin_ios_activity_recognition,"[""stationary""]",0,2,0,f9daacfd-6043-4174-8af9-8936763acfd7,169KS,,0,1,1592955435687,0,0
plugin_ios_activity_recognition,,0,2,0,f9daacfd-6043-4174-8af9-8936763acfd7,169KS,,0,0,1592955437278,0,0
plugin_ios_activity_recognition,,0,2,0,f9daacfd-6043-4174-8af9-8936763acfd7,169KS,,0,0,1592955451018,0,0
plugin_ios_activity_recognition,"[""stationary""]",0,2,0,f9daacfd-6043-4174-8af9-8936763acfd7,169KS,,0,1,1592955454825,0,0
plugin_ios_activity_recognition,,0,2,0,f9daacfd-6043-4174-8af9-8936763acfd7,169KS,,0,0,1592955456739,0,0
plugin_ios_activity_recognition,"[""stationary""]",0,2,0,f9daacfd-6043-4174-8af9-8936763acfd7,169KS,,0,1,1592955460936,0,0
plugin_ios_activity_recognition,,0,2,0,f9daacfd-6043-4174-8af9-8936763acfd7,169KS,,0,0,1592955462826,0,0
plugin_ios_activity_recognition,"[""stationary""]",0,2,0,f9daacfd-6043-4174-8af9-8936763acfd7,169KS,,0,1,1592955476331,0,0
plugin_ios_activity_recognition,,0,2,0,f9daacfd-6043-4174-8af9-8936763acfd7,169KS,,0,0,1592955494293,0,0
plugin_ios_activity_recognition,"[""stationary""]",0,2,0,f9daacfd-6043-4174-8af9-8936763acfd7,169KS,,0,1,1592955498406,0,0
plugin_ios_activity_recognition,,0,2,0,f9daacfd-6043-4174-8af9-8936763acfd7,169KS,,0,0,1592955500329,0,0
plugin_ios_activity_recognition,"[""stationary""]",0,2,0,f9daacfd-6043-4174-8af9-8936763acfd7,169KS,,0,1,1592955504536,0,0
plugin_ios_activity_recognition,"[""stationary""]",0,2,0,f9daacfd-6043-4174-8af9-8936763acfd7,169KS,,0,1,1592955511027,0,0
plugin_ios_activity_recognition,,0,2,0,f9daacfd-6043-4174-8af9-8936763acfd7,169KS,,0,0,1592955529162,0,0
plugin_ios_activity_recognition,"[""stationary""]",0,2,0,f9daacfd-6043-4174-8af9-8936763acfd7,169KS,,0,1,1592955534582,0,0
plugin_ios_activity_recognition,,0,2,0,f9daacfd-6043-4174-8af9-8936763acfd7,169KS,,0,0,1592955540646,0,0
plugin_ios_activity_recognition,"[""stationary""]",0,2,0,f9daacfd-6043-4174-8af9-8936763acfd7,169KS,,0,1,1592955545492,0,0
plugin_ios_activity_recognition,,0,2,0,f9daacfd-6043-4174-8af9-8936763acfd7,169KS,,0,0,1592955550627,0,0
plugin_ios_activity_recognition,"[""stationary""]",0,2,0,f9daacfd-6043-4174-8af9-8936763acfd7,169KS,,0,1,1592955554111,0,0
plugin_ios_activity_recognition,"[""stationary""]",0,2,0,f9daacfd-6043-4174-8af9-8936763acfd7,169KS,,0,1,1592955571018,0,0
plugin_ios_activity_recognition,,0,2,0,f9daacfd-6043-4174-8af9-8936763acfd7,169KS,,0,0,1592955586469,0,0
plugin_ios_activity_recognition,"[""stationary""]",0,2,0,f9daacfd-6043-4174-8af9-8936763acfd7,169KS,,0,1,1592955590894,0,0
plugin_ios_activity_recognition,,0,2,0,f9daacfd-6043-4174-8af9-8936763acfd7,169KS,,0,0,1592955598246,0,0
plugin_ios_activity_recognition,"[""stationary""]",0,2,0,f9daacfd-6043-4174-8af9-8936763acfd7,169KS,,0,1,1592955611383,0,0
plugin_ios_activity_recognition,,0,2,0,f9daacfd-6043-4174-8af9-8936763acfd7,169KS,,0,0,1592955628332,0,0
plugin_ios_activity_recognition,,0,2,0,f9daacfd-6043-4174-8af9-8936763acfd7,169KS,,0,0,1592955631015,0,0
plugin_ios_activity_recognition,"[""walking""]",0,1,0,f9daacfd-6043-4174-8af9-8936763acfd7,169KS,,0,0,1592955632521,0,1
plugin_ios_activity_recognition,"[""walking""]",0,2,0,f9daacfd-6043-4174-8af9-8936763acfd7,169KS,,0,0,1592955635073,0,1
plugin_ios_activity_recognition,"[""stationary""]",0,2,0,f9daacfd-6043-4174-8af9-8936763acfd7,169KS,,0,1,1592955683282,0,0
plugin_ios_activity_recognition,"[""stationary""]",0,2,0,f9daacfd-6043-4174-8af9-8936763acfd7,169KS,,0,1,1592955691018,0,0
plugin_ios_activity_recognition,,0,2,0,f9daacfd-6043-4174-8af9-8936763acfd7,169KS,,0,0,1592955700593,0,0
plugin_ios_activity_recognition,"[""stationary""]",0,2,0,f9daacfd-6043-4174-8af9-8936763acfd7,169KS,,0,1,1592955712729,0,0
plugin_ios_activity_recognition,,0,2,0,f9daacfd-6043-4174-8af9-8936763acfd7,169KS,,0,0,1592955729423,0,0
plugin_ios_activity_recognition,"[""stationary""]",0,2,0,f9daacfd-6043-4174-8af9-8936763acfd7,169KS,,0,1,1592955738008,0,0
plugin_ios_activity_recognition,,0,2,0,f9daacfd-6043-4174-8af9-8936763acfd7,169KS,,0,0,1592955744713,0,0
plugin_ios_activity_recognition,,0,2,0,f9daacfd-6043-4174-8af9-8936763acfd7,169KS,,0,0,1592955751061,0,0
plugin_ios_activity_recognition,"[""stationary""]",0,2,0,f9daacfd-6043-4174-8af9-8936763acfd7,169KS,,0,1,1592955755244,0,0
plugin_ios_activity_recognition,,0,2,0,f9daacfd-6043-4174-8af9-8936763acfd7,169KS,,0,0,1592955757118,0,0
plugin_ios_activity_recognition,"[""stationary""]",0,2,0,f9daacfd-6043-4174-8af9-8936763acfd7,169KS,,0,1,1592955761597,0,0
plugin_ios_activity_recognition,,0,2,0,f9daacfd-6043-4174-8af9-8936763acfd7,169KS,,0,0,1592955765123,0,0
plugin_ios_activity_recognition,"[""stationary""]",0,2,0,f9daacfd-6043-4174-8af9-8936763acfd7,169KS,,0,1,1592955773728,0,0
plugin_ios_activity_recognition,,0,2,0,f9daacfd-6043-4174-8af9-8936763acfd7,169KS,,0,0,1592955776590,0,0
plugin_ios_activity_recognition,"[""stationary""]",0,2,0,f9daacfd-6043-4174-8af9-8936763acfd7,169KS,,0,1,1592955780108,0,0
plugin_ios_activity_recognition,,0,2,0,f9daacfd-6043-4174-8af9-8936763acfd7,169KS,,0,0,1592955780428,0,0
plugin_ios_activity_recognition,"[""stationary""]",0,2,0,f9daacfd-6043-4174-8af9-8936763acfd7,169KS,,0,1,1592955791909,0,0
plugin_ios_activity_recognition,,0,2,0,f9daacfd-6043-4174-8af9-8936763acfd7,169KS,,0,0,1592955800886,0,0
plugin_ios_activity_recognition,,0,2,0,f9daacfd-6043-4174-8af9-8936763acfd7,169KS,,0,0,1592955811017,0,0
plugin_ios_activity_recognition,"[""stationary""]",0,2,0,f9daacfd-6043-4174-8af9-8936763acfd7,169KS,,0,1,1592955815257,0,0
plugin_ios_activity_recognition,,0,2,0,f9daacfd-6043-4174-8af9-8936763acfd7,169KS,,0,0,1592955815578,0,0
plugin_ios_activity_recognition,"[""stationary""]",0,2,0,f9daacfd-6043-4174-8af9-8936763acfd7,169KS,,0,1,1592955826084,0,0
plugin_ios_activity_recognition,,0,2,0,f9daacfd-6043-4174-8af9-8936763acfd7,169KS,,0,0,1592955827684,0,0
plugin_ios_activity_recognition,"[""stationary""]",0,2,0,f9daacfd-6043-4174-8af9-8936763acfd7,169KS,,0,1,1592955860039,0,0
plugin_ios_activity_recognition,,0,2,0,f9daacfd-6043-4174-8af9-8936763acfd7,169KS,,0,0,1592955867063,0,0
plugin_ios_activity_recognition,,0,2,0,f9daacfd-6043-4174-8af9-8936763acfd7,169KS,,0,0,1592955871016,0,0
plugin_ios_activity_recognition,"[""stationary""]",0,2,0,f9daacfd-6043-4174-8af9-8936763acfd7,169KS,,0,1,1592955910517,0,0
plugin_ios_activity_recognition,,0,2,0,f9daacfd-6043-4174-8af9-8936763acfd7,169KS,,0,0,1592955916320,0,0
plugin_ios_activity_recognition,"[""stationary""]",0,2,0,f9daacfd-6043-4174-8af9-8936763acfd7,169KS,,0,1,1592955921409,0,0
plugin_ios_activity_recognition,,0,2,0,f9daacfd-6043-4174-8af9-8936763acfd7,169KS,,0,0,1592955930003,0,0
plugin_ios_activity_recognition,,0,2,0,f9daacfd-6043-4174-8af9-8936763acfd7,169KS,,0,0,1592955931017,0,0
plugin_ios_activity_recognition,"[""stationary""]",0,2,0,f9daacfd-6043-4174-8af9-8936763acfd7,169KS,,0,1,1592955947209,0,0
plugin_ios_activity_recognition,,0,2,0,f9daacfd-6043-4174-8af9-8936763acfd7,169KS,,0,0,1592955954225,0,0
plugin_ios_activity_recognition,"[""stationary""]",0,2,0,f9daacfd-6043-4174-8af9-8936763acfd7,169KS,,0,1,1592955962229,0,0
plugin_ios_activity_recognition,,0,2,0,f9daacfd-6043-4174-8af9-8936763acfd7,169KS,,0,0,1592955967347,0,0
plugin_ios_activity_recognition,,0,2,0,f9daacfd-6043-4174-8af9-8936763acfd7,169KS,,0,0,1592955991109,0,0
plugin_ios_activity_recognition,"[""stationary""]",0,2,0,f9daacfd-6043-4174-8af9-8936763acfd7,169KS,,0,1,1592956014216,0,0
plugin_ios_activity_recognition,,0,2,0,f9daacfd-6043-4174-8af9-8936763acfd7,169KS,,0,0,1592956023766,0,0
plugin_ios_activity_recognition,"[""stationary""]",0,2,0,f9daacfd-6043-4174-8af9-8936763acfd7,169KS,,0,1,1592956044812,0,0
plugin_ios_activity_recognition,,0,2,0,f9daacfd-6043-4174-8af9-8936763acfd7,169KS,,0,0,1592956045454,0,0
plugin_ios_activity_recognition,"[""stationary""]",0,2,0,f9daacfd-6043-4174-8af9-8936763acfd7,169KS,,0,1,1592956050902,0,0
plugin_ios_activity_recognition,"[""stationary""]",0,2,0,f9daacfd-6043-4174-8af9-8936763acfd7,169KS,,0,1,1592956051018,0,0
plugin_ios_activity_recognition,,0,2,0,f9daacfd-6043-4174-8af9-8936763acfd7,169KS,,0,0,1592956052492,0,0
plugin_ios_activity_recognition,"[""stationary""]",0,2,0,f9daacfd-6043-4174-8af9-8936763acfd7,169KS,,0,1,1592956058226,0,0
plugin_ios_activity_recognition,,0,2,0,f9daacfd-6043-4174-8af9-8936763acfd7,169KS,,0,0,1592956061094,0,0
plugin_ios_activity_recognition,,0,2,0,f9daacfd-6043-4174-8af9-8936763acfd7,169KS,,0,0,1592956111015,0,0
plugin_ios_activity_recognition,"[""stationary""]",0,2,0,f9daacfd-6043-4174-8af9-8936763acfd7,169KS,,0,1,1592956170105,0,0
plugin_ios_activity_recognition,"[""stationary""]",0,2,0,f9daacfd-6043-4174-8af9-8936763acfd7,169KS,,0,1,1592956171013,0,0
plugin_ios_activity_recognition,,0,2,0,f9daacfd-6043-4174-8af9-8936763acfd7,169KS,,0,0,1592956172335,0,0
plugin_ios_activity_recognition,,0,2,0,f9daacfd-6043-4174-8af9-8936763acfd7,169KS,,0,0,1592956231024,0,0
plugin_ios_activity_recognition,"[""stationary""]",0,2,0,f9daacfd-6043-4174-8af9-8936763acfd7,169KS,,0,1,1592956234235,0,0
plugin_ios_activity_recognition,,0,2,0,f9daacfd-6043-4174-8af9-8936763acfd7,169KS,,0,0,1592956241559,0,0
plugin_ios_activity_recognition,,0,2,0,f9daacfd-6043-4174-8af9-8936763acfd7,169KS,,0,0,1592956291014,0,0
plugin_ios_activity_recognition,,0,2,0,f9daacfd-6043-4174-8af9-8936763acfd7,169KS,supplement,0,0,1592956351014,0,0
plugin_ios_activity_recognition,,0,2,0,f9daacfd-6043-4174-8af9-8936763acfd7,169KS,,0,0,1592956351016,0,0
plugin_ios_activity_recognition,"[""stationary""]",0,2,0,f9daacfd-6043-4174-8af9-8936763acfd7,169KS,,0,1,1592956390228,0,0
plugin_ios_activity_recognition,,0,2,0,f9daacfd-6043-4174-8af9-8936763acfd7,169KS,,0,0,1592956393095,0,0
plugin_ios_activity_recognition,"[""stationary""]",0,2,0,f9daacfd-6043-4174-8af9-8936763acfd7,169KS,,0,1,1592956396601,0,0
plugin_ios_activity_recognition,,0,2,0,f9daacfd-6043-4174-8af9-8936763acfd7,169KS,,0,0,1592956400416,0,0
plugin_ios_activity_recognition,,0,2,0,f9daacfd-6043-4174-8af9-8936763acfd7,169KS,supplement,0,0,1592956411014,0,0
plugin_ios_activity_recognition,,0,2,0,f9daacfd-6043-4174-8af9-8936763acfd7,169KS,,0,0,1592956411017,0,0
plugin_ios_activity_recognition,"[""stationary""]",0,2,0,f9daacfd-6043-4174-8af9-8936763acfd7,169KS,,0,1,1592956466496,0,0
plugin_ios_activity_recognition,"[""stationary""]",0,2,0,f9daacfd-6043-4174-8af9-8936763acfd7,169KS,,0,1,1592956471101,0,0
plugin_ios_activity_recognition,,0,2,0,f9daacfd-6043-4174-8af9-8936763acfd7,169KS,,0,0,1592956475141,0,0
plugin_ios_activity_recognition,"[""stationary""]",0,2,0,f9daacfd-6043-4174-8af9-8936763acfd7,169KS,,0,1,1592956505782,0,0
plugin_ios_activity_recognition,,0,2,0,f9daacfd-6043-4174-8af9-8936763acfd7,169KS,,0,0,1592956506060,0,0
plugin_ios_activity_recognition,,0,2,0,f9daacfd-6043-4174-8af9-8936763acfd7,169KS,,0,0,1592956531013,0,0
plugin_ios_activity_recognition,,0,2,0,f9daacfd-6043-4174-8af9-8936763acfd7,169KS,supplement,0,0,1592956591013,0,0
plugin_ios_activity_recognition,,0,2,0,f9daacfd-6043-4174-8af9-8936763acfd7,169KS,,0,0,1592956591016,0,0
plugin_ios_activity_recognition,,0,2,0,f9daacfd-6043-4174-8af9-8936763acfd7,169KS,supplement,0,0,1592956651013,0,0
plugin_ios_activity_recognition,,0,2,0,f9daacfd-6043-4174-8af9-8936763acfd7,169KS,,0,0,1592956651015,0,0
plugin_ios_activity_recognition,,0,2,0,f9daacfd-6043-4174-8af9-8936763acfd7,169KS,supplement,0,0,1592956711015,0,0
plugin_ios_activity_recognition,,0,2,0,f9daacfd-6043-4174-8af9-8936763acfd7,169KS,,0,0,1592956711103,0,0
plugin_ios_activity_recognition,,0,2,0,f9daacfd-6043-4174-8af9-8936763acfd7,169KS,,0,0,1592956771015,0,0
