name,activities,automotive,confidence,cycling,device_id,device_label,label,running,stationary,timestamp,unknown,walking
plugin_ios_activity_recognition,,0,2,0,99fd867d-73c2-4fa7-a289-16ce83a6376d,219WT,supplement,0,0,1589760014843,0,0
plugin_ios_activity_recognition,,0,2,0,99fd867d-73c2-4fa7-a289-16ce83a6376d,219WT,supplement,0,0,1589760074843,0,0
plugin_ios_activity_recognition,,0,2,0,99fd867d-73c2-4fa7-a289-16ce83a6376d,219WT,supplement,0,0,1589760134843,0,0
plugin_ios_activity_recognition,,0,2,0,99fd867d-73c2-4fa7-a289-16ce83a6376d,219WT,supplement,0,0,1589760194843,0,0
plugin_ios_activity_recognition,,0,2,0,99fd867d-73c2-4fa7-a289-16ce83a6376d,219WT,supplement,0,0,1589760254843,0,0
plugin_ios_activity_recognition,,0,2,0,99fd867d-73c2-4fa7-a289-16ce83a6376d,219WT,supplement,0,0,1589760314843,0,0
plugin_ios_activity_recognition,,0,2,0,99fd867d-73c2-4fa7-a289-16ce83a6376d,219WT,supplement,0,0,1589760374843,0,0
plugin_ios_activity_recognition,,0,2,0,99fd867d-73c2-4fa7-a289-16ce83a6376d,219WT,supplement,0,0,1589760434843,0,0
plugin_ios_activity_recognition,,0,2,0,99fd867d-73c2-4fa7-a289-16ce83a6376d,219WT,supplement,0,0,1589760494843,0,0
plugin_ios_activity_recognition,,0,2,0,99fd867d-73c2-4fa7-a289-16ce83a6376d,219WT,supplement,0,0,1589760554843,0,0
plugin_ios_activity_recognition,,0,2,0,99fd867d-73c2-4fa7-a289-16ce83a6376d,219WT,supplement,0,0,1589760614843,0,0
plugin_ios_activity_recognition,,0,2,0,99fd867d-73c2-4fa7-a289-16ce83a6376d,219WT,supplement,0,0,1589760674843,0,0
plugin_ios_activity_recognition,,0,2,0,99fd867d-73c2-4fa7-a289-16ce83a6376d,219WT,supplement,0,0,1589760734843,0,0
plugin_ios_activity_recognition,,0,2,0,99fd867d-73c2-4fa7-a289-16ce83a6376d,219WT,supplement,0,0,1589760794843,0,0
plugin_ios_activity_recognition,,0,2,0,99fd867d-73c2-4fa7-a289-16ce83a6376d,219WT,supplement,0,0,1589760854843,0,0
plugin_ios_activity_recognition,,0,2,0,99fd867d-73c2-4fa7-a289-16ce83a6376d,219WT,supplement,0,0,1589760914843,0,0
plugin_ios_activity_recognition,,0,2,0,99fd867d-73c2-4fa7-a289-16ce83a6376d,219WT,supplement,0,0,1589760974843,0,0
plugin_ios_activity_recognition,,0,2,0,99fd867d-73c2-4fa7-a289-16ce83a6376d,219WT,supplement,0,0,1589761034843,0,0
plugin_ios_activity_recognition,,0,2,0,99fd867d-73c2-4fa7-a289-16ce83a6376d,219WT,supplement,0,0,1589761094843,0,0
plugin_ios_activity_recognition,,0,2,0,99fd867d-73c2-4fa7-a289-16ce83a6376d,219WT,supplement,0,0,1589761154843,0,0
plugin_ios_activity_recognition,"[""stationary""]",0,2,0,99fd867d-73c2-4fa7-a289-16ce83a6376d,219WT,,0,1,1589761190303,0,0
plugin_ios_activity_recognition,,0,2,0,99fd867d-73c2-4fa7-a289-16ce83a6376d,219WT,,0,0,1589761191585,0,0
plugin_ios_activity_recognition,"[""stationary""]",0,2,0,99fd867d-73c2-4fa7-a289-16ce83a6376d,219WT,,0,1,1589761205355,0,0
plugin_ios_activity_recognition,,0,2,0,99fd867d-73c2-4fa7-a289-16ce83a6376d,219WT,supplement,0,0,1589761214843,0,0
plugin_ios_activity_recognition,"[""stationary""]",0,2,0,99fd867d-73c2-4fa7-a289-16ce83a6376d,219WT,supplement,0,1,1589761265355,0,0
plugin_ios_activity_recognition,"[""stationary""]",0,2,0,99fd867d-73c2-4fa7-a289-16ce83a6376d,219WT,supplement,0,1,1589761325355,0,0
plugin_ios_activity_recognition,,0,2,0,99fd867d-73c2-4fa7-a289-16ce83a6376d,219WT,,0,0,1589761363861,0,0
plugin_ios_activity_recognition,"[""stationary""]",0,2,0,99fd867d-73c2-4fa7-a289-16ce83a6376d,219WT,,0,1,1589761379231,0,0
plugin_ios_activity_recognition,"[""stationary""]",0,2,0,99fd867d-73c2-4fa7-a289-16ce83a6376d,219WT,supplement,0,1,1589761385355,0,0
plugin_ios_activity_recognition,"[""stationary""]",0,2,0,99fd867d-73c2-4fa7-a289-16ce83a6376d,219WT,supplement,0,1,1589761439231,0,0
plugin_ios_activity_recognition,,0,2,0,99fd867d-73c2-4fa7-a289-16ce83a6376d,219WT,,0,0,1589761462170,0,0
plugin_ios_activity_recognition,"[""stationary""]",0,2,0,99fd867d-73c2-4fa7-a289-16ce83a6376d,219WT,,0,1,1589761477540,0,0
plugin_ios_activity_recognition,"[""stationary""]",0,2,0,99fd867d-73c2-4fa7-a289-16ce83a6376d,219WT,supplement,0,1,1589761499231,0,0
plugin_ios_activity_recognition,,0,2,0,99fd867d-73c2-4fa7-a289-16ce83a6376d,219WT,,0,0,1589761528767,0,0
plugin_ios_activity_recognition,"[""stationary""]",0,2,0,99fd867d-73c2-4fa7-a289-16ce83a6376d,219WT,,0,1,1589761541575,0,0
plugin_ios_activity_recognition,,0,2,0,99fd867d-73c2-4fa7-a289-16ce83a6376d,219WT,,0,0,1589761547337,0,0
plugin_ios_activity_recognition,"[""stationary""]",0,2,0,99fd867d-73c2-4fa7-a289-16ce83a6376d,219WT,,0,1,1589761563349,0,0
plugin_ios_activity_recognition,,0,2,0,99fd867d-73c2-4fa7-a289-16ce83a6376d,219WT,,0,0,1589761582881,0,0
plugin_ios_activity_recognition,"[""walking""]",0,1,0,99fd867d-73c2-4fa7-a289-16ce83a6376d,219WT,,0,0,1589761585129,0,1
plugin_ios_activity_recognition,"[""walking""]",0,2,0,99fd867d-73c2-4fa7-a289-16ce83a6376d,219WT,,0,0,1589761592784,0,1
plugin_ios_activity_recognition,"[""stationary""]",0,2,0,99fd867d-73c2-4fa7-a289-16ce83a6376d,219WT,,0,1,1589761608153,0,0
plugin_ios_activity_recognition,"[""stationary""]",0,2,0,99fd867d-73c2-4fa7-a289-16ce83a6376d,219WT,supplement,0,1,1589761668153,0,0
plugin_ios_activity_recognition,"[""stationary""]",0,2,0,99fd867d-73c2-4fa7-a289-16ce83a6376d,219WT,supplement,0,1,1589761728153,0,0
plugin_ios_activity_recognition,"[""stationary""]",0,2,0,99fd867d-73c2-4fa7-a289-16ce83a6376d,219WT,supplement,0,1,1589761788153,0,0
plugin_ios_activity_recognition,"[""stationary""]",0,2,0,99fd867d-73c2-4fa7-a289-16ce83a6376d,219WT,supplement,0,1,1589761848153,0,0
plugin_ios_activity_recognition,"[""stationary""]",0,2,0,99fd867d-73c2-4fa7-a289-16ce83a6376d,219WT,supplement,0,1,1589761908153,0,0
plugin_ios_activity_recognition,"[""stationary""]",0,2,0,99fd867d-73c2-4fa7-a289-16ce83a6376d,219WT,supplement,0,1,1589761968153,0,0
plugin_ios_activity_recognition,"[""stationary""]",0,2,0,99fd867d-73c2-4fa7-a289-16ce83a6376d,219WT,supplement,0,1,1589762028153,0,0
plugin_ios_activity_recognition,"[""stationary""]",0,2,0,99fd867d-73c2-4fa7-a289-16ce83a6376d,219WT,supplement,0,1,1589762088153,0,0
plugin_ios_activity_recognition,"[""stationary""]",0,2,0,99fd867d-73c2-4fa7-a289-16ce83a6376d,219WT,supplement,0,1,1589762148153,0,0
plugin_ios_activity_recognition,"[""stationary""]",0,2,0,99fd867d-73c2-4fa7-a289-16ce83a6376d,219WT,supplement,0,1,1589762208153,0,0
plugin_ios_activity_recognition,"[""stationary""]",0,2,0,99fd867d-73c2-4fa7-a289-16ce83a6376d,219WT,supplement,0,1,1589762268153,0,0
plugin_ios_activity_recognition,,0,2,0,99fd867d-73c2-4fa7-a289-16ce83a6376d,219WT,,0,0,1589762293469,0,0
plugin_ios_activity_recognition,"[""stationary""]",0,2,0,99fd867d-73c2-4fa7-a289-16ce83a6376d,219WT,,0,1,1589762315887,0,0
plugin_ios_activity_recognition,"[""stationary""]",0,2,0,99fd867d-73c2-4fa7-a289-16ce83a6376d,219WT,supplement,0,1,1589762328153,0,0
plugin_ios_activity_recognition,,0,2,0,99fd867d-73c2-4fa7-a289-16ce83a6376d,219WT,,0,0,1589762341825,0,0
plugin_ios_activity_recognition,"[""walking""]",0,1,0,99fd867d-73c2-4fa7-a289-16ce83a6376d,219WT,,0,0,1589762345993,0,1
plugin_ios_activity_recognition,"[""walking""]",0,2,0,99fd867d-73c2-4fa7-a289-16ce83a6376d,219WT,,0,0,1589762356875,0,1
plugin_ios_activity_recognition,,0,2,0,99fd867d-73c2-4fa7-a289-16ce83a6376d,219WT,,0,0,1589762407482,0,0
plugin_ios_activity_recognition,"[""stationary""]",0,2,0,99fd867d-73c2-4fa7-a289-16ce83a6376d,219WT,,0,1,1589762436629,0,0
plugin_ios_activity_recognition,,0,2,0,99fd867d-73c2-4fa7-a289-16ce83a6376d,219WT,,0,0,1589762436949,0,0
plugin_ios_activity_recognition,,0,2,0,99fd867d-73c2-4fa7-a289-16ce83a6376d,219WT,supplement,0,0,1589762496949,0,0
plugin_ios_activity_recognition,"[""stationary""]",0,2,0,99fd867d-73c2-4fa7-a289-16ce83a6376d,219WT,,0,1,1589762551321,0,0
plugin_ios_activity_recognition,,0,2,0,99fd867d-73c2-4fa7-a289-16ce83a6376d,219WT,supplement,0,0,1589762556949,0,0
plugin_ios_activity_recognition,,0,2,0,99fd867d-73c2-4fa7-a289-16ce83a6376d,219WT,,0,0,1589762561252,0,0
plugin_ios_activity_recognition,,0,2,0,99fd867d-73c2-4fa7-a289-16ce83a6376d,219WT,supplement,0,0,1589762621252,0,0
plugin_ios_activity_recognition,"[""stationary""]",0,2,0,99fd867d-73c2-4fa7-a289-16ce83a6376d,219WT,,0,1,1589762624039,0,0
plugin_ios_activity_recognition,,0,2,0,99fd867d-73c2-4fa7-a289-16ce83a6376d,219WT,,0,0,1589762628523,0,0
plugin_ios_activity_recognition,"[""stationary""]",0,2,0,99fd867d-73c2-4fa7-a289-16ce83a6376d,219WT,,0,1,1589762666324,0,0
plugin_ios_activity_recognition,,0,2,0,99fd867d-73c2-4fa7-a289-16ce83a6376d,219WT,,0,0,1589762671450,0,0
plugin_ios_activity_recognition,"[""stationary""]",0,2,0,99fd867d-73c2-4fa7-a289-16ce83a6376d,219WT,,0,1,1589762676574,0,0
plugin_ios_activity_recognition,,0,2,0,99fd867d-73c2-4fa7-a289-16ce83a6376d,219WT,,0,0,1589762680736,0,0
plugin_ios_activity_recognition,,0,2,0,99fd867d-73c2-4fa7-a289-16ce83a6376d,219WT,supplement,0,0,1589762681252,0,0
plugin_ios_activity_recognition,"[""stationary""]",0,2,0,99fd867d-73c2-4fa7-a289-16ce83a6376d,219WT,,0,1,1589762687142,0,0
plugin_ios_activity_recognition,,0,2,0,99fd867d-73c2-4fa7-a289-16ce83a6376d,219WT,,0,0,1589762688743,0,0
plugin_ios_activity_recognition,"[""stationary""]",0,2,0,99fd867d-73c2-4fa7-a289-16ce83a6376d,219WT,,0,1,1589762705079,0,0
plugin_ios_activity_recognition,,0,2,0,99fd867d-73c2-4fa7-a289-16ce83a6376d,219WT,,0,0,1589762712768,0,0
plugin_ios_activity_recognition,"[""stationary""]",0,2,0,99fd867d-73c2-4fa7-a289-16ce83a6376d,219WT,,0,1,1589762717576,0,0
plugin_ios_activity_recognition,,0,2,0,99fd867d-73c2-4fa7-a289-16ce83a6376d,219WT,,0,0,1589762721097,0,0
plugin_ios_activity_recognition,"[""stationary""]",0,2,0,99fd867d-73c2-4fa7-a289-16ce83a6376d,219WT,,0,1,1589762735833,0,0
plugin_ios_activity_recognition,,0,2,0,99fd867d-73c2-4fa7-a289-16ce83a6376d,219WT,,0,0,1589762739036,0,0
plugin_ios_activity_recognition,,0,2,0,99fd867d-73c2-4fa7-a289-16ce83a6376d,219WT,supplement,0,0,1589762799036,0,0
plugin_ios_activity_recognition,,0,2,0,99fd867d-73c2-4fa7-a289-16ce83a6376d,219WT,supplement,0,0,1589762859036,0,0
plugin_ios_activity_recognition,,0,2,0,99fd867d-73c2-4fa7-a289-16ce83a6376d,219WT,supplement,0,0,1589762919036,0,0
plugin_ios_activity_recognition,"[""stationary""]",0,2,0,99fd867d-73c2-4fa7-a289-16ce83a6376d,219WT,,0,1,1589762927432,0,0
plugin_ios_activity_recognition,,0,2,0,99fd867d-73c2-4fa7-a289-16ce83a6376d,219WT,,0,0,1589762935121,0,0
plugin_ios_activity_recognition,"[""stationary""]",0,2,0,99fd867d-73c2-4fa7-a289-16ce83a6376d,219WT,,0,1,1589762938646,0,0
plugin_ios_activity_recognition,,0,2,0,99fd867d-73c2-4fa7-a289-16ce83a6376d,219WT,,0,0,1589762939608,0,0
plugin_ios_activity_recognition,"[""stationary""]",0,2,0,99fd867d-73c2-4fa7-a289-16ce83a6376d,219WT,,0,1,1589762957229,0,0
plugin_ios_activity_recognition,,0,2,0,99fd867d-73c2-4fa7-a289-16ce83a6376d,219WT,,0,0,1589762970365,0,0
plugin_ios_activity_recognition,"[""stationary""]",0,2,0,99fd867d-73c2-4fa7-a289-16ce83a6376d,219WT,,0,1,1589762978695,0,0
plugin_ios_activity_recognition,,0,2,0,99fd867d-73c2-4fa7-a289-16ce83a6376d,219WT,supplement,0,0,1589762979036,0,0
plugin_ios_activity_recognition,,0,2,0,99fd867d-73c2-4fa7-a289-16ce83a6376d,219WT,,0,0,1589762998238,0,0
plugin_ios_activity_recognition,"[""stationary""]",0,2,0,99fd867d-73c2-4fa7-a289-16ce83a6376d,219WT,,0,1,1589763004004,0,0
plugin_ios_activity_recognition,,0,2,0,99fd867d-73c2-4fa7-a289-16ce83a6376d,219WT,,0,0,1589763014256,0,0
plugin_ios_activity_recognition,"[""stationary""]",0,2,0,99fd867d-73c2-4fa7-a289-16ce83a6376d,219WT,,0,1,1589763019702,0,0
plugin_ios_activity_recognition,,0,2,0,99fd867d-73c2-4fa7-a289-16ce83a6376d,219WT,,0,0,1589763045012,0,0
plugin_ios_activity_recognition,,0,2,0,99fd867d-73c2-4fa7-a289-16ce83a6376d,219WT,supplement,0,0,1589763105012,0,0
plugin_ios_activity_recognition,,0,2,0,99fd867d-73c2-4fa7-a289-16ce83a6376d,219WT,supplement,0,0,1589763165012,0,0
plugin_ios_activity_recognition,"[""stationary""]",0,2,0,99fd867d-73c2-4fa7-a289-16ce83a6376d,219WT,,0,1,1589763169992,0,0
plugin_ios_activity_recognition,,0,2,0,99fd867d-73c2-4fa7-a289-16ce83a6376d,219WT,,0,0,1589763171277,0,0
plugin_ios_activity_recognition,,0,2,0,99fd867d-73c2-4fa7-a289-16ce83a6376d,219WT,supplement,0,0,1589763225012,0,0
plugin_ios_activity_recognition,,0,2,0,99fd867d-73c2-4fa7-a289-16ce83a6376d,219WT,supplement,0,0,1589763231277,0,0
plugin_ios_activity_recognition,,0,2,0,99fd867d-73c2-4fa7-a289-16ce83a6376d,219WT,supplement,0,0,1589763291277,0,0
plugin_ios_activity_recognition,,0,2,0,99fd867d-73c2-4fa7-a289-16ce83a6376d,219WT,supplement,0,0,1589763351277,0,0
plugin_ios_activity_recognition,,0,2,0,99fd867d-73c2-4fa7-a289-16ce83a6376d,219WT,supplement,0,0,1589763411277,0,0
plugin_ios_activity_recognition,,0,2,0,99fd867d-73c2-4fa7-a289-16ce83a6376d,219WT,supplement,0,0,1589763471277,0,0
plugin_ios_activity_recognition,"[""stationary""]",0,2,0,99fd867d-73c2-4fa7-a289-16ce83a6376d,219WT,,0,1,1589763504601,0,0
plugin_ios_activity_recognition,,0,2,0,99fd867d-73c2-4fa7-a289-16ce83a6376d,219WT,,0,0,1589763506517,0,0
plugin_ios_activity_recognition,,0,2,0,99fd867d-73c2-4fa7-a289-16ce83a6376d,219WT,supplement,0,0,1589763531277,0,0
plugin_ios_activity_recognition,,0,2,0,99fd867d-73c2-4fa7-a289-16ce83a6376d,219WT,supplement,0,0,1589763566517,0,0
plugin_ios_activity_recognition,"[""stationary""]",0,2,0,99fd867d-73c2-4fa7-a289-16ce83a6376d,219WT,,0,1,1589763617729,0,0
plugin_ios_activity_recognition,,0,2,0,99fd867d-73c2-4fa7-a289-16ce83a6376d,219WT,,0,0,1589763618049,0,0
plugin_ios_activity_recognition,,0,2,0,99fd867d-73c2-4fa7-a289-16ce83a6376d,219WT,supplement,0,0,1589763626517,0,0
plugin_ios_activity_recognition,,0,2,0,99fd867d-73c2-4fa7-a289-16ce83a6376d,219WT,supplement,0,0,1589763678049,0,0
plugin_ios_activity_recognition,"[""stationary""]",0,2,0,99fd867d-73c2-4fa7-a289-16ce83a6376d,219WT,,0,1,1589763681507,0,0
plugin_ios_activity_recognition,,0,2,0,99fd867d-73c2-4fa7-a289-16ce83a6376d,219WT,,0,0,1589763690795,0,0
plugin_ios_activity_recognition,,0,2,0,99fd867d-73c2-4fa7-a289-16ce83a6376d,219WT,supplement,0,0,1589763738049,0,0
plugin_ios_activity_recognition,,0,2,0,99fd867d-73c2-4fa7-a289-16ce83a6376d,219WT,supplement,0,0,1589763750795,0,0
plugin_ios_activity_recognition,"[""stationary""]",0,2,0,99fd867d-73c2-4fa7-a289-16ce83a6376d,219WT,,0,1,1589763751365,0,0
plugin_ios_activity_recognition,,0,2,0,99fd867d-73c2-4fa7-a289-16ce83a6376d,219WT,,0,0,1589763757134,0,0
plugin_ios_activity_recognition,,0,2,0,99fd867d-73c2-4fa7-a289-16ce83a6376d,219WT,supplement,0,0,1589763810795,0,0
plugin_ios_activity_recognition,,0,2,0,99fd867d-73c2-4fa7-a289-16ce83a6376d,219WT,supplement,0,0,1589763817134,0,0
plugin_ios_activity_recognition,,0,2,0,99fd867d-73c2-4fa7-a289-16ce83a6376d,219WT,supplement,0,0,1589763877134,0,0
plugin_ios_activity_recognition,,0,2,0,99fd867d-73c2-4fa7-a289-16ce83a6376d,219WT,supplement,0,0,1589763937134,0,0
plugin_ios_activity_recognition,"[""stationary""]",0,2,0,99fd867d-73c2-4fa7-a289-16ce83a6376d,219WT,,0,1,1589763947507,0,0
plugin_ios_activity_recognition,,0,2,0,99fd867d-73c2-4fa7-a289-16ce83a6376d,219WT,,0,0,1589763957441,0,0
plugin_ios_activity_recognition,"[""stationary""]",0,2,0,99fd867d-73c2-4fa7-a289-16ce83a6376d,219WT,,0,1,1589763986924,0,0
plugin_ios_activity_recognition,,0,2,0,99fd867d-73c2-4fa7-a289-16ce83a6376d,219WT,,0,0,1589763988847,0,0
plugin_ios_activity_recognition,"[""stationary""]",0,2,0,99fd867d-73c2-4fa7-a289-16ce83a6376d,219WT,,0,1,1589763994935,0,0
plugin_ios_activity_recognition,,0,2,0,99fd867d-73c2-4fa7-a289-16ce83a6376d,219WT,supplement,0,0,1589763997134,0,0
plugin_ios_activity_recognition,,0,2,0,99fd867d-73c2-4fa7-a289-16ce83a6376d,219WT,,0,0,1589764000383,0,0
plugin_ios_activity_recognition,,0,2,0,99fd867d-73c2-4fa7-a289-16ce83a6376d,219WT,supplement,0,0,1589764060383,0,0
plugin_ios_activity_recognition,"[""stationary""]",0,2,0,99fd867d-73c2-4fa7-a289-16ce83a6376d,219WT,,0,1,1589764060956,0,0
plugin_ios_activity_recognition,,0,2,0,99fd867d-73c2-4fa7-a289-16ce83a6376d,219WT,,0,0,1589764070888,0,0
plugin_ios_activity_recognition,,0,2,0,99fd867d-73c2-4fa7-a289-16ce83a6376d,219WT,supplement,0,0,1589764120383,0,0
plugin_ios_activity_recognition,"[""stationary""]",0,2,0,99fd867d-73c2-4fa7-a289-16ce83a6376d,219WT,,0,1,1589764123764,0,0
plugin_ios_activity_recognition,,0,2,0,99fd867d-73c2-4fa7-a289-16ce83a6376d,219WT,,0,0,1589764138507,0,0
plugin_ios_activity_recognition,"[""stationary""]",0,2,0,99fd867d-73c2-4fa7-a289-16ce83a6376d,219WT,,0,1,1589764149404,0,0
plugin_ios_activity_recognition,,0,2,0,99fd867d-73c2-4fa7-a289-16ce83a6376d,219WT,,0,0,1589764153891,0,0
plugin_ios_activity_recognition,"[""stationary""]",0,2,0,99fd867d-73c2-4fa7-a289-16ce83a6376d,219WT,,0,1,1589764182095,0,0
plugin_ios_activity_recognition,,0,2,0,99fd867d-73c2-4fa7-a289-16ce83a6376d,219WT,,0,0,1589764188825,0,0
plugin_ios_activity_recognition,"[""stationary""]",0,2,0,99fd867d-73c2-4fa7-a289-16ce83a6376d,219WT,,0,1,1589764198760,0,0
plugin_ios_activity_recognition,,0,2,0,99fd867d-73c2-4fa7-a289-16ce83a6376d,219WT,,0,0,1589764202928,0,0
plugin_ios_activity_recognition,"[""stationary""]",0,2,0,99fd867d-73c2-4fa7-a289-16ce83a6376d,219WT,,0,1,1589764245231,0,0
plugin_ios_activity_recognition,,0,2,0,99fd867d-73c2-4fa7-a289-16ce83a6376d,219WT,,0,0,1589764266067,0,0
plugin_ios_activity_recognition,"[""stationary""]",0,2,0,99fd867d-73c2-4fa7-a289-16ce83a6376d,219WT,,0,1,1589764273092,0,0
plugin_ios_activity_recognition,,0,2,0,99fd867d-73c2-4fa7-a289-16ce83a6376d,219WT,,0,0,1589764273411,0,0
plugin_ios_activity_recognition,,0,2,0,99fd867d-73c2-4fa7-a289-16ce83a6376d,219WT,supplement,0,0,1589764333411,0,0
plugin_ios_activity_recognition,,0,2,0,99fd867d-73c2-4fa7-a289-16ce83a6376d,219WT,supplement,0,0,1589764393411,0,0
plugin_ios_activity_recognition,"[""stationary""]",0,2,0,99fd867d-73c2-4fa7-a289-16ce83a6376d,219WT,,0,1,1589764402187,0,0
plugin_ios_activity_recognition,,0,2,0,99fd867d-73c2-4fa7-a289-16ce83a6376d,219WT,,0,0,1589764402828,0,0
plugin_ios_activity_recognition,"[""stationary""]",0,2,0,99fd867d-73c2-4fa7-a289-16ce83a6376d,219WT,,0,1,1589764406353,0,0
plugin_ios_activity_recognition,,0,2,0,99fd867d-73c2-4fa7-a289-16ce83a6376d,219WT,,0,0,1589764410196,0,0
plugin_ios_activity_recognition,,0,2,0,99fd867d-73c2-4fa7-a289-16ce83a6376d,219WT,supplement,0,0,1589764453411,0,0
plugin_ios_activity_recognition,"[""stationary""]",0,2,0,99fd867d-73c2-4fa7-a289-16ce83a6376d,219WT,,0,1,1589764456351,0,0
plugin_ios_activity_recognition,,0,2,0,99fd867d-73c2-4fa7-a289-16ce83a6376d,219WT,,0,0,1589764463724,0,0
plugin_ios_activity_recognition,"[""stationary""]",0,2,0,99fd867d-73c2-4fa7-a289-16ce83a6376d,219WT,,0,1,1589764469494,0,0
plugin_ios_activity_recognition,,0,2,0,99fd867d-73c2-4fa7-a289-16ce83a6376d,219WT,,0,0,1589764470776,0,0
plugin_ios_activity_recognition,"[""stationary""]",0,2,0,99fd867d-73c2-4fa7-a289-16ce83a6376d,219WT,,0,1,1589764481995,0,0
plugin_ios_activity_recognition,,0,2,0,99fd867d-73c2-4fa7-a289-16ce83a6376d,219WT,,0,0,1589764483921,0,0
plugin_ios_activity_recognition,,0,2,0,99fd867d-73c2-4fa7-a289-16ce83a6376d,219WT,supplement,0,0,1589764543921,0,0
plugin_ios_activity_recognition,,0,2,0,99fd867d-73c2-4fa7-a289-16ce83a6376d,219WT,supplement,0,0,1589764603921,0,0
plugin_ios_activity_recognition,,0,2,0,99fd867d-73c2-4fa7-a289-16ce83a6376d,219WT,supplement,0,0,1589764663921,0,0
plugin_ios_activity_recognition,"[""stationary""]",0,2,0,99fd867d-73c2-4fa7-a289-16ce83a6376d,219WT,,0,1,1589764664049,0,0
plugin_ios_activity_recognition,,0,2,0,99fd867d-73c2-4fa7-a289-16ce83a6376d,219WT,,0,0,1589764667575,0,0
plugin_ios_activity_recognition,"[""stationary""]",0,2,0,99fd867d-73c2-4fa7-a289-16ce83a6376d,219WT,,0,1,1589764685845,0,0
plugin_ios_activity_recognition,,0,2,0,99fd867d-73c2-4fa7-a289-16ce83a6376d,219WT,,0,0,1589764688089,0,0
plugin_ios_activity_recognition,"[""stationary""]",0,2,0,99fd867d-73c2-4fa7-a289-16ce83a6376d,219WT,,0,1,1589764707005,0,0
plugin_ios_activity_recognition,,0,2,0,99fd867d-73c2-4fa7-a289-16ce83a6376d,219WT,,0,0,1589764707642,0,0
plugin_ios_activity_recognition,,0,2,0,99fd867d-73c2-4fa7-a289-16ce83a6376d,219WT,supplement,0,0,1589764723921,0,0
plugin_ios_activity_recognition,"[""stationary""]",0,2,0,99fd867d-73c2-4fa7-a289-16ce83a6376d,219WT,,0,1,1589764756031,0,0
plugin_ios_activity_recognition,,0,2,0,99fd867d-73c2-4fa7-a289-16ce83a6376d,219WT,,0,0,1589764762121,0,0
plugin_ios_activity_recognition,"[""stationary""]",0,2,0,99fd867d-73c2-4fa7-a289-16ce83a6376d,219WT,,0,1,1589764786805,0,0
plugin_ios_activity_recognition,,0,2,0,99fd867d-73c2-4fa7-a289-16ce83a6376d,219WT,,0,0,1589764788728,0,0
plugin_ios_activity_recognition,"[""stationary""]",0,2,0,99fd867d-73c2-4fa7-a289-16ce83a6376d,219WT,,0,1,1589764798667,0,0
plugin_ios_activity_recognition,,0,2,0,99fd867d-73c2-4fa7-a289-16ce83a6376d,219WT,,0,0,1589764805077,0,0
plugin_ios_activity_recognition,,0,2,0,99fd867d-73c2-4fa7-a289-16ce83a6376d,219WT,supplement,0,0,1589764865077,0,0
plugin_ios_activity_recognition,,0,2,0,99fd867d-73c2-4fa7-a289-16ce83a6376d,219WT,supplement,0,0,1589764925077,0,0
plugin_ios_activity_recognition,,0,2,0,99fd867d-73c2-4fa7-a289-16ce83a6376d,219WT,supplement,0,0,1589764985077,0,0
plugin_ios_activity_recognition,"[""stationary""]",0,2,0,99fd867d-73c2-4fa7-a289-16ce83a6376d,219WT,,0,1,1589764997727,0,0
plugin_ios_activity_recognition,,0,2,0,99fd867d-73c2-4fa7-a289-16ce83a6376d,219WT,,0,0,1589765001574,0,0
plugin_ios_activity_recognition,"[""stationary""]",0,2,0,99fd867d-73c2-4fa7-a289-16ce83a6376d,219WT,,0,1,1589765042289,0,0
plugin_ios_activity_recognition,,0,2,0,99fd867d-73c2-4fa7-a289-16ce83a6376d,219WT,supplement,0,0,1589765045077,0,0
plugin_ios_activity_recognition,,0,2,0,99fd867d-73c2-4fa7-a289-16ce83a6376d,219WT,,0,0,1589765064408,0,0
plugin_ios_activity_recognition,"[""stationary""]",0,2,0,99fd867d-73c2-4fa7-a289-16ce83a6376d,219WT,,0,1,1589765070819,0,0
plugin_ios_activity_recognition,,0,2,0,99fd867d-73c2-4fa7-a289-16ce83a6376d,219WT,,0,0,1589765092295,0,0
plugin_ios_activity_recognition,,0,2,0,99fd867d-73c2-4fa7-a289-16ce83a6376d,219WT,supplement,0,0,1589765152295,0,0
plugin_ios_activity_recognition,"[""stationary""]",0,2,0,99fd867d-73c2-4fa7-a289-16ce83a6376d,219WT,,0,1,1589765174998,0,0
plugin_ios_activity_recognition,,0,2,0,99fd867d-73c2-4fa7-a289-16ce83a6376d,219WT,,0,0,1589765182370,0,0
plugin_ios_activity_recognition,,0,2,0,99fd867d-73c2-4fa7-a289-16ce83a6376d,219WT,supplement,0,0,1589765212295,0,0
plugin_ios_activity_recognition,,0,2,0,99fd867d-73c2-4fa7-a289-16ce83a6376d,219WT,supplement,0,0,1589765242370,0,0
plugin_ios_activity_recognition,"[""stationary""]",0,2,0,99fd867d-73c2-4fa7-a289-16ce83a6376d,219WT,,0,1,1589765255150,0,0
plugin_ios_activity_recognition,,0,2,0,99fd867d-73c2-4fa7-a289-16ce83a6376d,219WT,,0,0,1589765260925,0,0
plugin_ios_activity_recognition,,0,2,0,99fd867d-73c2-4fa7-a289-16ce83a6376d,219WT,supplement,0,0,1589765302370,0,0
plugin_ios_activity_recognition,,0,2,0,99fd867d-73c2-4fa7-a289-16ce83a6376d,219WT,supplement,0,0,1589765320925,0,0
plugin_ios_activity_recognition,"[""stationary""]",0,2,0,99fd867d-73c2-4fa7-a289-16ce83a6376d,219WT,,0,1,1589765341987,0,0
plugin_ios_activity_recognition,,0,2,0,99fd867d-73c2-4fa7-a289-16ce83a6376d,219WT,,0,0,1589765342627,0,0
plugin_ios_activity_recognition,"[""stationary""]",0,2,0,99fd867d-73c2-4fa7-a289-16ce83a6376d,219WT,,0,1,1589765346794,0,0
plugin_ios_activity_recognition,,0,2,0,99fd867d-73c2-4fa7-a289-16ce83a6376d,219WT,,0,0,1589765349357,0,0
plugin_ios_activity_recognition,"[""stationary""]",0,2,0,99fd867d-73c2-4fa7-a289-16ce83a6376d,219WT,,0,1,1589765352883,0,0
plugin_ios_activity_recognition,,0,2,0,99fd867d-73c2-4fa7-a289-16ce83a6376d,219WT,,0,0,1589765358972,0,0
plugin_ios_activity_recognition,,0,2,0,99fd867d-73c2-4fa7-a289-16ce83a6376d,219WT,supplement,0,0,1589765380925,0,0
plugin_ios_activity_recognition,,0,2,0,99fd867d-73c2-4fa7-a289-16ce83a6376d,219WT,supplement,0,0,1589765418972,0,0
plugin_ios_activity_recognition,"[""stationary""]",0,2,0,99fd867d-73c2-4fa7-a289-16ce83a6376d,219WT,,0,1,1589765430120,0,0
plugin_ios_activity_recognition,,0,2,0,99fd867d-73c2-4fa7-a289-16ce83a6376d,219WT,,0,0,1589765435249,0,0
plugin_ios_activity_recognition,"[""stationary""]",0,2,0,99fd867d-73c2-4fa7-a289-16ce83a6376d,219WT,,0,1,1589765441655,0,0
plugin_ios_activity_recognition,,0,2,0,99fd867d-73c2-4fa7-a289-16ce83a6376d,219WT,,0,0,1589765443257,0,0
plugin_ios_activity_recognition,"[""stationary""]",0,2,0,99fd867d-73c2-4fa7-a289-16ce83a6376d,219WT,,0,1,1589765446782,0,0
plugin_ios_activity_recognition,,0,2,0,99fd867d-73c2-4fa7-a289-16ce83a6376d,219WT,,0,0,1589765449988,0,0
plugin_ios_activity_recognition,,0,2,0,99fd867d-73c2-4fa7-a289-16ce83a6376d,219WT,supplement,0,0,1589765478972,0,0
plugin_ios_activity_recognition,,0,2,0,99fd867d-73c2-4fa7-a289-16ce83a6376d,219WT,supplement,0,0,1589765509988,0,0
plugin_ios_activity_recognition,,0,2,0,99fd867d-73c2-4fa7-a289-16ce83a6376d,219WT,supplement,0,0,1589765569988,0,0
plugin_ios_activity_recognition,,0,2,0,99fd867d-73c2-4fa7-a289-16ce83a6376d,219WT,supplement,0,0,1589765629988,0,0
plugin_ios_activity_recognition,"[""stationary""]",0,2,0,99fd867d-73c2-4fa7-a289-16ce83a6376d,219WT,,0,1,1589765673601,0,0
plugin_ios_activity_recognition,,0,2,0,99fd867d-73c2-4fa7-a289-16ce83a6376d,219WT,,0,0,1589765677766,0,0
plugin_ios_activity_recognition,,0,2,0,99fd867d-73c2-4fa7-a289-16ce83a6376d,219WT,supplement,0,0,1589765689988,0,0
plugin_ios_activity_recognition,"[""stationary""]",0,2,0,99fd867d-73c2-4fa7-a289-16ce83a6376d,219WT,,0,1,1589765703413,0,0
plugin_ios_activity_recognition,,0,2,0,99fd867d-73c2-4fa7-a289-16ce83a6376d,219WT,,0,0,1589765709184,0,0
plugin_ios_activity_recognition,"[""stationary""]",0,2,0,99fd867d-73c2-4fa7-a289-16ce83a6376d,219WT,,0,1,1589765746676,0,0
plugin_ios_activity_recognition,,0,2,0,99fd867d-73c2-4fa7-a289-16ce83a6376d,219WT,,0,0,1589765746997,0,0
plugin_ios_activity_recognition,,0,2,0,99fd867d-73c2-4fa7-a289-16ce83a6376d,219WT,supplement,0,0,1589765806997,0,0
plugin_ios_activity_recognition,"[""stationary""]",0,2,0,99fd867d-73c2-4fa7-a289-16ce83a6376d,219WT,,0,1,1589765815281,0,0
plugin_ios_activity_recognition,,0,2,0,99fd867d-73c2-4fa7-a289-16ce83a6376d,219WT,,0,0,1589765825862,0,0
plugin_ios_activity_recognition,"[""stationary""]",0,2,0,99fd867d-73c2-4fa7-a289-16ce83a6376d,219WT,,0,1,1589765829389,0,0
plugin_ios_activity_recognition,,0,2,0,99fd867d-73c2-4fa7-a289-16ce83a6376d,219WT,,0,0,1589765837404,0,0
plugin_ios_activity_recognition,,0,2,0,99fd867d-73c2-4fa7-a289-16ce83a6376d,219WT,supplement,0,0,1589765866997,0,0
plugin_ios_activity_recognition,"[""stationary""]",0,2,0,99fd867d-73c2-4fa7-a289-16ce83a6376d,219WT,,0,1,1589765868823,0,0
plugin_ios_activity_recognition,,0,2,0,99fd867d-73c2-4fa7-a289-16ce83a6376d,219WT,,0,0,1589765873952,0,0
plugin_ios_activity_recognition,"[""stationary""]",0,2,0,99fd867d-73c2-4fa7-a289-16ce83a6376d,219WT,,0,1,1589765884211,0,0
plugin_ios_activity_recognition,,0,2,0,99fd867d-73c2-4fa7-a289-16ce83a6376d,219WT,,0,0,1589765885814,0,0
plugin_ios_activity_recognition,"[""stationary""]",0,2,0,99fd867d-73c2-4fa7-a289-16ce83a6376d,219WT,,0,1,1589765897035,0,0
plugin_ios_activity_recognition,,0,2,0,99fd867d-73c2-4fa7-a289-16ce83a6376d,219WT,,0,0,1589765904730,0,0
plugin_ios_activity_recognition,"[""stationary""]",0,2,0,99fd867d-73c2-4fa7-a289-16ce83a6376d,219WT,,0,1,1589765909219,0,0
plugin_ios_activity_recognition,,0,2,0,99fd867d-73c2-4fa7-a289-16ce83a6376d,219WT,,0,0,1589765918837,0,0
plugin_ios_activity_recognition,"[""stationary""]",0,2,0,99fd867d-73c2-4fa7-a289-16ce83a6376d,219WT,,0,1,1589765939035,0,0
plugin_ios_activity_recognition,,0,2,0,99fd867d-73c2-4fa7-a289-16ce83a6376d,219WT,,0,0,1589765947051,0,0
plugin_ios_activity_recognition,"[""stationary""]",0,2,0,99fd867d-73c2-4fa7-a289-16ce83a6376d,219WT,,0,1,1589765950581,0,0
plugin_ios_activity_recognition,,0,2,0,99fd867d-73c2-4fa7-a289-16ce83a6376d,219WT,,0,0,1589765956028,0,0
plugin_ios_activity_recognition,"[""stationary""]",0,2,0,99fd867d-73c2-4fa7-a289-16ce83a6376d,219WT,,0,1,1589765960841,0,0
plugin_ios_activity_recognition,,0,2,0,99fd867d-73c2-4fa7-a289-16ce83a6376d,219WT,,0,0,1589765961159,0,0
plugin_ios_activity_recognition,"[""stationary""]",0,2,0,99fd867d-73c2-4fa7-a289-16ce83a6376d,219WT,,0,1,1589765984565,0,0
plugin_ios_activity_recognition,,0,2,0,99fd867d-73c2-4fa7-a289-16ce83a6376d,219WT,,0,0,1589765988733,0,0
plugin_ios_activity_recognition,"[""stationary""]",0,2,0,99fd867d-73c2-4fa7-a289-16ce83a6376d,219WT,,0,1,1589765992260,0,0
plugin_ios_activity_recognition,,0,2,0,99fd867d-73c2-4fa7-a289-16ce83a6376d,219WT,,0,0,1589765992580,0,0
plugin_ios_activity_recognition,"[""stationary""]",0,2,0,99fd867d-73c2-4fa7-a289-16ce83a6376d,219WT,,0,1,1589765996751,0,0
plugin_ios_activity_recognition,,0,2,0,99fd867d-73c2-4fa7-a289-16ce83a6376d,219WT,,0,0,1589766000916,0,0
plugin_ios_activity_recognition,"[""stationary""]",0,2,0,99fd867d-73c2-4fa7-a289-16ce83a6376d,219WT,,0,1,1589766007970,0,0
plugin_ios_activity_recognition,,0,2,0,99fd867d-73c2-4fa7-a289-16ce83a6376d,219WT,,0,0,1589766009576,0,0
plugin_ios_activity_recognition,"[""stationary""]",0,2,0,99fd867d-73c2-4fa7-a289-16ce83a6376d,219WT,,0,1,1589766014383,0,0
plugin_ios_activity_recognition,,0,2,0,99fd867d-73c2-4fa7-a289-16ce83a6376d,219WT,,0,0,1589766066960,0,0
plugin_ios_activity_recognition,"[""stationary""]",0,2,0,99fd867d-73c2-4fa7-a289-16ce83a6376d,219WT,,0,1,1589766072731,0,0
plugin_ios_activity_recognition,,0,2,0,99fd867d-73c2-4fa7-a289-16ce83a6376d,219WT,,0,0,1589766080426,0,0
plugin_ios_activity_recognition,"[""stationary""]",0,2,0,99fd867d-73c2-4fa7-a289-16ce83a6376d,219WT,,0,1,1589766096136,0,0
plugin_ios_activity_recognition,,0,2,0,99fd867d-73c2-4fa7-a289-16ce83a6376d,219WT,,0,0,1589766103832,0,0
plugin_ios_activity_recognition,"[""stationary""]",0,2,0,99fd867d-73c2-4fa7-a289-16ce83a6376d,219WT,,0,1,1589766108000,0,0
plugin_ios_activity_recognition,,0,2,0,99fd867d-73c2-4fa7-a289-16ce83a6376d,219WT,,0,0,1589766109283,0,0
plugin_ios_activity_recognition,"[""stationary""]",0,2,0,99fd867d-73c2-4fa7-a289-16ce83a6376d,219WT,,0,1,1589766133331,0,0
plugin_ios_activity_recognition,,0,2,0,99fd867d-73c2-4fa7-a289-16ce83a6376d,219WT,,0,0,1589766139104,0,0
plugin_ios_activity_recognition,"[""stationary""]",0,2,0,99fd867d-73c2-4fa7-a289-16ce83a6376d,219WT,,0,1,1589766146159,0,0
plugin_ios_activity_recognition,,0,2,0,99fd867d-73c2-4fa7-a289-16ce83a6376d,219WT,,0,0,1589766172453,0,0
plugin_ios_activity_recognition,"[""stationary""]",0,2,0,99fd867d-73c2-4fa7-a289-16ce83a6376d,219WT,,0,1,1589766181752,0,0
plugin_ios_activity_recognition,,0,2,0,99fd867d-73c2-4fa7-a289-16ce83a6376d,219WT,,0,0,1589766186882,0,0
plugin_ios_activity_recognition,"[""stationary""]",0,2,0,99fd867d-73c2-4fa7-a289-16ce83a6376d,219WT,,0,1,1589766191051,0,0
plugin_ios_activity_recognition,,0,2,0,99fd867d-73c2-4fa7-a289-16ce83a6376d,219WT,,0,0,1589766193295,0,0
plugin_ios_activity_recognition,"[""stationary""]",0,2,0,99fd867d-73c2-4fa7-a289-16ce83a6376d,219WT,,0,1,1589766206442,0,0
plugin_ios_activity_recognition,,0,2,0,99fd867d-73c2-4fa7-a289-16ce83a6376d,219WT,,0,0,1589766222477,0,0
plugin_ios_activity_recognition,"[""stationary""]",0,2,0,99fd867d-73c2-4fa7-a289-16ce83a6376d,219WT,,0,1,1589766228247,0,0
plugin_ios_activity_recognition,,0,2,0,99fd867d-73c2-4fa7-a289-16ce83a6376d,219WT,,0,0,1589766229208,0,0
plugin_ios_activity_recognition,"[""stationary""]",0,2,0,99fd867d-73c2-4fa7-a289-16ce83a6376d,219WT,,0,1,1589766247486,0,0
plugin_ios_activity_recognition,,0,2,0,99fd867d-73c2-4fa7-a289-16ce83a6376d,219WT,,0,0,1589766248447,0,0
plugin_ios_activity_recognition,"[""stationary""]",0,2,0,99fd867d-73c2-4fa7-a289-16ce83a6376d,219WT,,0,1,1589766256464,0,0
plugin_ios_activity_recognition,,0,2,0,99fd867d-73c2-4fa7-a289-16ce83a6376d,219WT,,0,0,1589766260633,0,0
plugin_ios_activity_recognition,"[""stationary""]",0,2,0,99fd867d-73c2-4fa7-a289-16ce83a6376d,219WT,,0,1,1589766275065,0,0
plugin_ios_activity_recognition,,0,2,0,99fd867d-73c2-4fa7-a289-16ce83a6376d,219WT,,0,0,1589766280197,0,0
plugin_ios_activity_recognition,"[""stationary""]",0,2,0,99fd867d-73c2-4fa7-a289-16ce83a6376d,219WT,,0,1,1589766291745,0,0
plugin_ios_activity_recognition,,0,2,0,99fd867d-73c2-4fa7-a289-16ce83a6376d,219WT,,0,0,1589766294311,0,0
plugin_ios_activity_recognition,"[""stationary""]",0,2,0,99fd867d-73c2-4fa7-a289-16ce83a6376d,219WT,,0,1,1589766301361,0,0
plugin_ios_activity_recognition,,0,2,0,99fd867d-73c2-4fa7-a289-16ce83a6376d,219WT,,0,0,1589766302644,0,0
plugin_ios_activity_recognition,"[""stationary""]",0,2,0,99fd867d-73c2-4fa7-a289-16ce83a6376d,219WT,,0,1,1589766326373,0,0
plugin_ios_activity_recognition,,0,2,0,99fd867d-73c2-4fa7-a289-16ce83a6376d,219WT,,0,0,1589766330224,0,0
plugin_ios_activity_recognition,"[""stationary""]",0,2,0,99fd867d-73c2-4fa7-a289-16ce83a6376d,219WT,,0,1,1589766336314,0,0
plugin_ios_activity_recognition,,0,2,0,99fd867d-73c2-4fa7-a289-16ce83a6376d,219WT,,0,0,1589766337597,0,0
plugin_ios_activity_recognition,,0,2,0,99fd867d-73c2-4fa7-a289-16ce83a6376d,219WT,supplement,0,0,1589766397597,0,0
plugin_ios_activity_recognition,"[""stationary""]",0,2,0,99fd867d-73c2-4fa7-a289-16ce83a6376d,219WT,,0,1,1589766400353,0,0
plugin_ios_activity_recognition,,0,2,0,99fd867d-73c2-4fa7-a289-16ce83a6376d,219WT,,0,0,1589766402593,0,0
plugin_ios_activity_recognition,"[""stationary""]",0,2,0,99fd867d-73c2-4fa7-a289-16ce83a6376d,219WT,,0,1,1589766414111,0,0
plugin_ios_activity_recognition,,0,2,0,99fd867d-73c2-4fa7-a289-16ce83a6376d,219WT,supplement,0,0,1589766457597,0,0
plugin_ios_activity_recognition,"[""stationary""]",0,2,0,99fd867d-73c2-4fa7-a289-16ce83a6376d,219WT,supplement,0,1,1589766474111,0,0
plugin_ios_activity_recognition,"[""stationary""]",0,2,0,99fd867d-73c2-4fa7-a289-16ce83a6376d,219WT,supplement,0,1,1589766534111,0,0
plugin_ios_activity_recognition,,0,2,0,99fd867d-73c2-4fa7-a289-16ce83a6376d,219WT,,0,0,1589766540761,0,0
plugin_ios_activity_recognition,"[""walking""]",0,1,0,99fd867d-73c2-4fa7-a289-16ce83a6376d,219WT,,0,0,1589766545244,0,1
plugin_ios_activity_recognition,"[""walking""]",0,2,0,99fd867d-73c2-4fa7-a289-16ce83a6376d,219WT,,0,0,1589766550362,0,1
plugin_ios_activity_recognition,"[""stationary""]",0,2,0,99fd867d-73c2-4fa7-a289-16ce83a6376d,219WT,supplement,0,1,1589766594111,0,0
plugin_ios_activity_recognition,,0,2,0,99fd867d-73c2-4fa7-a289-16ce83a6376d,219WT,,0,0,1589766601539,0,0
plugin_ios_activity_recognition,"[""stationary""]",0,2,0,99fd867d-73c2-4fa7-a289-16ce83a6376d,219WT,,0,1,1589766612412,0,0
plugin_ios_activity_recognition,,0,2,0,99fd867d-73c2-4fa7-a289-16ce83a6376d,219WT,,0,0,1589766614334,0,0
plugin_ios_activity_recognition,"[""walking""]",0,1,0,99fd867d-73c2-4fa7-a289-16ce83a6376d,219WT,,0,0,1589766624574,0,1
plugin_ios_activity_recognition,"[""stationary""]",0,2,0,99fd867d-73c2-4fa7-a289-16ce83a6376d,219WT,,0,1,1589766629687,0,0
plugin_ios_activity_recognition,,0,2,0,99fd867d-73c2-4fa7-a289-16ce83a6376d,219WT,,0,0,1589766668061,0,0
plugin_ios_activity_recognition,"[""walking""]",0,1,0,99fd867d-73c2-4fa7-a289-16ce83a6376d,219WT,,0,0,1589766670622,0,1
plugin_ios_activity_recognition,"[""walking""]",0,2,0,99fd867d-73c2-4fa7-a289-16ce83a6376d,219WT,,0,0,1589766689165,0,1
plugin_ios_activity_recognition,"[""stationary""]",0,2,0,99fd867d-73c2-4fa7-a289-16ce83a6376d,219WT,,0,1,1589766711556,0,0
plugin_ios_activity_recognition,"[""walking""]",0,2,0,99fd867d-73c2-4fa7-a289-16ce83a6376d,219WT,,0,0,1589766712191,0,1
plugin_ios_activity_recognition,"[""stationary""]",0,2,0,99fd867d-73c2-4fa7-a289-16ce83a6376d,219WT,,0,1,1589766728819,0,0
plugin_ios_activity_recognition,"[""walking""]",0,2,0,99fd867d-73c2-4fa7-a289-16ce83a6376d,219WT,,0,0,1589766729779,0,1
plugin_ios_activity_recognition,"[""stationary""]",0,2,0,99fd867d-73c2-4fa7-a289-16ce83a6376d,219WT,,0,1,1589766738094,0,0
plugin_ios_activity_recognition,,0,2,0,99fd867d-73c2-4fa7-a289-16ce83a6376d,219WT,,0,0,1589766751205,0,0
plugin_ios_activity_recognition,"[""stationary""]",0,2,0,99fd867d-73c2-4fa7-a289-16ce83a6376d,219WT,,0,1,1589766756321,0,0
plugin_ios_activity_recognition,,0,2,0,99fd867d-73c2-4fa7-a289-16ce83a6376d,219WT,,0,0,1589766761114,0,0
plugin_ios_activity_recognition,"[""stationary""]",0,2,0,99fd867d-73c2-4fa7-a289-16ce83a6376d,219WT,,0,1,1589766768804,0,0
plugin_ios_activity_recognition,,0,2,0,99fd867d-73c2-4fa7-a289-16ce83a6376d,219WT,,0,0,1589766770408,0,0
plugin_ios_activity_recognition,"[""stationary""]",0,2,0,99fd867d-73c2-4fa7-a289-16ce83a6376d,219WT,,0,1,1589766820010,0,0
plugin_ios_activity_recognition,,0,2,0,99fd867d-73c2-4fa7-a289-16ce83a6376d,219WT,,0,0,1589766846238,0,0
plugin_ios_activity_recognition,"[""stationary""]",0,2,0,99fd867d-73c2-4fa7-a289-16ce83a6376d,219WT,,0,1,1589766859656,0,0
plugin_ios_activity_recognition,,0,2,0,99fd867d-73c2-4fa7-a289-16ce83a6376d,219WT,,0,0,1589766887484,0,0
plugin_ios_activity_recognition,,0,2,0,99fd867d-73c2-4fa7-a289-16ce83a6376d,219WT,supplement,0,0,1589766947484,0,0
plugin_ios_activity_recognition,,0,2,0,99fd867d-73c2-4fa7-a289-16ce83a6376d,219WT,supplement,0,0,1589767007484,0,0
plugin_ios_activity_recognition,"[""stationary""]",0,2,0,99fd867d-73c2-4fa7-a289-16ce83a6376d,219WT,,0,1,1589767011586,0,0
plugin_ios_activity_recognition,,0,2,0,99fd867d-73c2-4fa7-a289-16ce83a6376d,219WT,,0,0,1589767017023,0,0
plugin_ios_activity_recognition,"[""stationary""]",0,2,0,99fd867d-73c2-4fa7-a289-16ce83a6376d,219WT,,0,1,1589767047745,0,0
plugin_ios_activity_recognition,,0,2,0,99fd867d-73c2-4fa7-a289-16ce83a6376d,219WT,,0,0,1589767049352,0,0
plugin_ios_activity_recognition,,0,2,0,99fd867d-73c2-4fa7-a289-16ce83a6376d,219WT,supplement,0,0,1589767067484,0,0
plugin_ios_activity_recognition,"[""stationary""]",0,2,0,99fd867d-73c2-4fa7-a289-16ce83a6376d,219WT,,0,1,1589767079825,0,0
plugin_ios_activity_recognition,,0,2,0,99fd867d-73c2-4fa7-a289-16ce83a6376d,219WT,,0,0,1589767096827,0,0
plugin_ios_activity_recognition,"[""stationary""]",0,2,0,99fd867d-73c2-4fa7-a289-16ce83a6376d,219WT,,0,1,1589767118960,0,0
plugin_ios_activity_recognition,,0,2,0,99fd867d-73c2-4fa7-a289-16ce83a6376d,219WT,,0,0,1589767121847,0,0
plugin_ios_activity_recognition,"[""stationary""]",0,2,0,99fd867d-73c2-4fa7-a289-16ce83a6376d,219WT,,0,1,1589767125375,0,0
plugin_ios_activity_recognition,,0,2,0,99fd867d-73c2-4fa7-a289-16ce83a6376d,219WT,,0,0,1589767128261,0,0
plugin_ios_activity_recognition,"[""stationary""]",0,2,0,99fd867d-73c2-4fa7-a289-16ce83a6376d,219WT,,0,1,1589767132430,0,0
plugin_ios_activity_recognition,,0,2,0,99fd867d-73c2-4fa7-a289-16ce83a6376d,219WT,,0,0,1589767135316,0,0
plugin_ios_activity_recognition,,0,2,0,99fd867d-73c2-4fa7-a289-16ce83a6376d,219WT,supplement,0,0,1589767195316,0,0
plugin_ios_activity_recognition,"[""stationary""]",0,2,0,99fd867d-73c2-4fa7-a289-16ce83a6376d,219WT,,0,1,1589767210036,0,0
plugin_ios_activity_recognition,,0,2,0,99fd867d-73c2-4fa7-a289-16ce83a6376d,219WT,,0,0,1589767211315,0,0
plugin_ios_activity_recognition,,0,2,0,99fd867d-73c2-4fa7-a289-16ce83a6376d,219WT,supplement,0,0,1589767255316,0,0
plugin_ios_activity_recognition,,0,2,0,99fd867d-73c2-4fa7-a289-16ce83a6376d,219WT,supplement,0,0,1589767271315,0,0
plugin_ios_activity_recognition,"[""stationary""]",0,2,0,99fd867d-73c2-4fa7-a289-16ce83a6376d,219WT,,0,1,1589767287303,0,0
plugin_ios_activity_recognition,,0,2,0,99fd867d-73c2-4fa7-a289-16ce83a6376d,219WT,,0,0,1589767287624,0,0
plugin_ios_activity_recognition,"[""stationary""]",0,2,0,99fd867d-73c2-4fa7-a289-16ce83a6376d,219WT,,0,1,1589767315520,0,0
plugin_ios_activity_recognition,,0,2,0,99fd867d-73c2-4fa7-a289-16ce83a6376d,219WT,,0,0,1589767323215,0,0
plugin_ios_activity_recognition,,0,2,0,99fd867d-73c2-4fa7-a289-16ce83a6376d,219WT,supplement,0,0,1589767331315,0,0
plugin_ios_activity_recognition,"[""stationary""]",0,2,0,99fd867d-73c2-4fa7-a289-16ce83a6376d,219WT,,0,1,1589767336040,0,0
plugin_ios_activity_recognition,,0,2,0,99fd867d-73c2-4fa7-a289-16ce83a6376d,219WT,,0,0,1589767336361,0,0
plugin_ios_activity_recognition,"[""stationary""]",0,2,0,99fd867d-73c2-4fa7-a289-16ce83a6376d,219WT,,0,1,1589767372271,0,0
plugin_ios_activity_recognition,,0,2,0,99fd867d-73c2-4fa7-a289-16ce83a6376d,219WT,,0,0,1589767373555,0,0
plugin_ios_activity_recognition,"[""stationary""]",0,2,0,99fd867d-73c2-4fa7-a289-16ce83a6376d,219WT,,0,1,1589767406581,0,0
plugin_ios_activity_recognition,,0,2,0,99fd867d-73c2-4fa7-a289-16ce83a6376d,219WT,,0,0,1589767415560,0,0
plugin_ios_activity_recognition,"[""stationary""]",0,2,0,99fd867d-73c2-4fa7-a289-16ce83a6376d,219WT,,0,1,1589767430629,0,0
plugin_ios_activity_recognition,,0,2,0,99fd867d-73c2-4fa7-a289-16ce83a6376d,219WT,,0,0,1589767435117,0,0
plugin_ios_activity_recognition,"[""stationary""]",0,2,0,99fd867d-73c2-4fa7-a289-16ce83a6376d,219WT,,0,1,1589767439926,0,0
plugin_ios_activity_recognition,,0,2,0,99fd867d-73c2-4fa7-a289-16ce83a6376d,219WT,,0,0,1589767441852,0,0
plugin_ios_activity_recognition,"[""stationary""]",0,2,0,99fd867d-73c2-4fa7-a289-16ce83a6376d,219WT,,0,1,1589767448582,0,0
plugin_ios_activity_recognition,,0,2,0,99fd867d-73c2-4fa7-a289-16ce83a6376d,219WT,,0,0,1589767467179,0,0
plugin_ios_activity_recognition,"[""walking""]",0,1,0,99fd867d-73c2-4fa7-a289-16ce83a6376d,219WT,,0,0,1589767513692,0,1
plugin_ios_activity_recognition,"[""walking""]",0,2,0,99fd867d-73c2-4fa7-a289-16ce83a6376d,219WT,,0,0,1589767521373,0,1
plugin_ios_activity_recognition,"[""walking""]",0,2,0,99fd867d-73c2-4fa7-a289-16ce83a6376d,219WT,supplement,0,0,1589767581373,0,1
plugin_ios_activity_recognition,,0,2,0,99fd867d-73c2-4fa7-a289-16ce83a6376d,219WT,,0,0,1589767603257,0,0
plugin_ios_activity_recognition,"[""walking""]",0,2,0,99fd867d-73c2-4fa7-a289-16ce83a6376d,219WT,,0,0,1589767616089,0,1
plugin_ios_activity_recognition,"[""walking""]",0,2,0,99fd867d-73c2-4fa7-a289-16ce83a6376d,219WT,supplement,0,0,1589767641373,0,1
plugin_ios_activity_recognition,"[""stationary""]",0,2,0,99fd867d-73c2-4fa7-a289-16ce83a6376d,219WT,,0,1,1589767646535,0,0
plugin_ios_activity_recognition,"[""walking""]",0,2,0,99fd867d-73c2-4fa7-a289-16ce83a6376d,219WT,,0,0,1589767649099,0,1
plugin_ios_activity_recognition,"[""walking""]",0,2,0,99fd867d-73c2-4fa7-a289-16ce83a6376d,219WT,supplement,0,0,1589767709099,0,1
plugin_ios_activity_recognition,"[""walking""]",0,2,0,99fd867d-73c2-4fa7-a289-16ce83a6376d,219WT,supplement,0,0,1589767769099,0,1
plugin_ios_activity_recognition,"[""walking""]",0,2,0,99fd867d-73c2-4fa7-a289-16ce83a6376d,219WT,supplement,0,0,1589767829099,0,1
plugin_ios_activity_recognition,"[""walking""]",0,2,0,99fd867d-73c2-4fa7-a289-16ce83a6376d,219WT,supplement,0,0,1589767889099,0,1
plugin_ios_activity_recognition,,0,2,0,99fd867d-73c2-4fa7-a289-16ce83a6376d,219WT,,0,0,1589767908271,0,0
plugin_ios_activity_recognition,"[""walking""]",0,1,0,99fd867d-73c2-4fa7-a289-16ce83a6376d,219WT,,0,0,1589767921098,0,1
plugin_ios_activity_recognition,"[""walking""]",0,2,0,99fd867d-73c2-4fa7-a289-16ce83a6376d,219WT,,0,0,1589767923661,0,1
plugin_ios_activity_recognition,"[""walking""]",0,2,0,99fd867d-73c2-4fa7-a289-16ce83a6376d,219WT,supplement,0,0,1589767949099,0,1
plugin_ios_activity_recognition,"[""walking""]",0,2,0,99fd867d-73c2-4fa7-a289-16ce83a6376d,219WT,supplement,0,0,1589767983661,0,1
plugin_ios_activity_recognition,,0,2,0,99fd867d-73c2-4fa7-a289-16ce83a6376d,219WT,,0,0,1589768033852,0,0
plugin_ios_activity_recognition,"[""walking""]",0,2,0,99fd867d-73c2-4fa7-a289-16ce83a6376d,219WT,supplement,0,0,1589768043661,0,1
plugin_ios_activity_recognition,"[""walking""]",0,1,0,99fd867d-73c2-4fa7-a289-16ce83a6376d,219WT,,0,0,1589768049222,0,1
plugin_ios_activity_recognition,"[""walking""]",0,2,0,99fd867d-73c2-4fa7-a289-16ce83a6376d,219WT,,0,0,1589768057865,0,1
plugin_ios_activity_recognition,"[""stationary""]",0,2,0,99fd867d-73c2-4fa7-a289-16ce83a6376d,219WT,,0,1,1589768062670,0,0
plugin_ios_activity_recognition,"[""walking""]",0,2,0,99fd867d-73c2-4fa7-a289-16ce83a6376d,219WT,,0,0,1589768079327,0,1
plugin_ios_activity_recognition,,0,2,0,99fd867d-73c2-4fa7-a289-16ce83a6376d,219WT,,0,0,1589768123474,0,0
plugin_ios_activity_recognition,,0,2,0,99fd867d-73c2-4fa7-a289-16ce83a6376d,219WT,supplement,0,0,1589768183474,0,0
plugin_ios_activity_recognition,,0,2,0,99fd867d-73c2-4fa7-a289-16ce83a6376d,219WT,supplement,0,0,1589768243474,0,0
plugin_ios_activity_recognition,,0,2,0,99fd867d-73c2-4fa7-a289-16ce83a6376d,219WT,supplement,0,0,1589768303474,0,0
plugin_ios_activity_recognition,,0,2,0,99fd867d-73c2-4fa7-a289-16ce83a6376d,219WT,supplement,0,0,1589768363474,0,0
plugin_ios_activity_recognition,,0,2,0,99fd867d-73c2-4fa7-a289-16ce83a6376d,219WT,supplement,0,0,1589768423474,0,0
plugin_ios_activity_recognition,,0,2,0,99fd867d-73c2-4fa7-a289-16ce83a6376d,219WT,supplement,0,0,1589768483474,0,0
plugin_ios_activity_recognition,,0,2,0,99fd867d-73c2-4fa7-a289-16ce83a6376d,219WT,supplement,0,0,1589768543474,0,0
plugin_ios_activity_recognition,,0,2,0,99fd867d-73c2-4fa7-a289-16ce83a6376d,219WT,supplement,0,0,1589768603474,0,0
plugin_ios_activity_recognition,"[""stationary""]",0,2,0,99fd867d-73c2-4fa7-a289-16ce83a6376d,219WT,,0,1,1589768656507,0,0
plugin_ios_activity_recognition,,0,2,0,99fd867d-73c2-4fa7-a289-16ce83a6376d,219WT,,0,0,1589768657141,0,0
plugin_ios_activity_recognition,,0,2,0,99fd867d-73c2-4fa7-a289-16ce83a6376d,219WT,supplement,0,0,1589768663474,0,0
plugin_ios_activity_recognition,"[""stationary""]",0,2,0,99fd867d-73c2-4fa7-a289-16ce83a6376d,219WT,,0,1,1589768676016,0,0
plugin_ios_activity_recognition,"[""stationary""]",0,2,0,99fd867d-73c2-4fa7-a289-16ce83a6376d,219WT,supplement,0,1,1589768736016,0,0
plugin_ios_activity_recognition,"[""stationary""]",0,2,0,99fd867d-73c2-4fa7-a289-16ce83a6376d,219WT,supplement,0,1,1589768796016,0,0
plugin_ios_activity_recognition,,0,2,0,99fd867d-73c2-4fa7-a289-16ce83a6376d,219WT,,0,0,1589768809099,0,0
plugin_ios_activity_recognition,"[""walking""]",0,1,0,99fd867d-73c2-4fa7-a289-16ce83a6376d,219WT,,0,0,1589768838216,0,1
plugin_ios_activity_recognition,"[""stationary""]",0,2,0,99fd867d-73c2-4fa7-a289-16ce83a6376d,219WT,supplement,0,1,1589768856016,0,0
plugin_ios_activity_recognition,"[""walking""]",0,2,0,99fd867d-73c2-4fa7-a289-16ce83a6376d,219WT,,0,0,1589768856132,0,1
plugin_ios_activity_recognition,"[""stationary""]",0,2,0,99fd867d-73c2-4fa7-a289-16ce83a6376d,219WT,,0,1,1589768894835,0,0
plugin_ios_activity_recognition,"[""walking""]",0,2,0,99fd867d-73c2-4fa7-a289-16ce83a6376d,219WT,,0,0,1589768895795,0,1
plugin_ios_activity_recognition,,0,2,0,99fd867d-73c2-4fa7-a289-16ce83a6376d,219WT,,0,0,1589768897078,0,0
plugin_ios_activity_recognition,"[""stationary""]",0,2,0,99fd867d-73c2-4fa7-a289-16ce83a6376d,219WT,,0,1,1589768900594,0,0
plugin_ios_activity_recognition,,0,2,0,99fd867d-73c2-4fa7-a289-16ce83a6376d,219WT,,0,0,1589768929065,0,0
plugin_ios_activity_recognition,"[""stationary""]",0,2,0,99fd867d-73c2-4fa7-a289-16ce83a6376d,219WT,,0,1,1589768952097,0,0
plugin_ios_activity_recognition,,0,2,0,99fd867d-73c2-4fa7-a289-16ce83a6376d,219WT,,0,0,1589769008078,0,0
plugin_ios_activity_recognition,,0,2,0,99fd867d-73c2-4fa7-a289-16ce83a6376d,219WT,supplement,0,0,1589769068078,0,0
plugin_ios_activity_recognition,"[""stationary""]",0,2,0,99fd867d-73c2-4fa7-a289-16ce83a6376d,219WT,,0,1,1589769069199,0,0
plugin_ios_activity_recognition,,0,2,0,99fd867d-73c2-4fa7-a289-16ce83a6376d,219WT,,0,0,1589769083275,0,0
plugin_ios_activity_recognition,"[""walking""]",0,1,0,99fd867d-73c2-4fa7-a289-16ce83a6376d,219WT,,0,0,1589769101836,0,1
plugin_ios_activity_recognition,,0,2,0,99fd867d-73c2-4fa7-a289-16ce83a6376d,219WT,supplement,0,0,1589769128078,0,0
plugin_ios_activity_recognition,"[""walking""]",0,2,0,99fd867d-73c2-4fa7-a289-16ce83a6376d,219WT,,0,0,1589769158140,0,1
plugin_ios_activity_recognition,,0,2,0,99fd867d-73c2-4fa7-a289-16ce83a6376d,219WT,,0,0,1589769209326,0,0
plugin_ios_activity_recognition,,0,2,0,99fd867d-73c2-4fa7-a289-16ce83a6376d,219WT,supplement,0,0,1589769269326,0,0
plugin_ios_activity_recognition,,0,2,0,99fd867d-73c2-4fa7-a289-16ce83a6376d,219WT,supplement,0,0,1589769329326,0,0
plugin_ios_activity_recognition,,0,2,0,99fd867d-73c2-4fa7-a289-16ce83a6376d,219WT,supplement,0,0,1589769389326,0,0
plugin_ios_activity_recognition,,0,2,0,99fd867d-73c2-4fa7-a289-16ce83a6376d,219WT,supplement,0,0,1589769449326,0,0
plugin_ios_activity_recognition,,0,2,0,99fd867d-73c2-4fa7-a289-16ce83a6376d,219WT,supplement,0,0,1589769509326,0,0
plugin_ios_activity_recognition,"[""stationary""]",0,2,0,99fd867d-73c2-4fa7-a289-16ce83a6376d,219WT,,0,1,1589769568597,0,0
plugin_ios_activity_recognition,,0,2,0,99fd867d-73c2-4fa7-a289-16ce83a6376d,219WT,supplement,0,0,1589769569326,0,0
plugin_ios_activity_recognition,,0,2,0,99fd867d-73c2-4fa7-a289-16ce83a6376d,219WT,,0,0,1589769569557,0,0
plugin_ios_activity_recognition,"[""stationary""]",0,2,0,99fd867d-73c2-4fa7-a289-16ce83a6376d,219WT,,0,1,1589769575976,0,0
plugin_ios_activity_recognition,,0,2,0,99fd867d-73c2-4fa7-a289-16ce83a6376d,219WT,,0,0,1589769585276,0,0
plugin_ios_activity_recognition,,0,2,0,99fd867d-73c2-4fa7-a289-16ce83a6376d,219WT,supplement,0,0,1589769645276,0,0
plugin_ios_activity_recognition,,0,2,0,99fd867d-73c2-4fa7-a289-16ce83a6376d,219WT,supplement,0,0,1589769705276,0,0
plugin_ios_activity_recognition,"[""stationary""]",0,2,0,99fd867d-73c2-4fa7-a289-16ce83a6376d,219WT,,0,1,1589769731231,0,0
plugin_ios_activity_recognition,,0,2,0,99fd867d-73c2-4fa7-a289-16ce83a6376d,219WT,,0,0,1589769734118,0,0
plugin_ios_activity_recognition,,0,2,0,99fd867d-73c2-4fa7-a289-16ce83a6376d,219WT,supplement,0,0,1589769765276,0,0
plugin_ios_activity_recognition,,0,2,0,99fd867d-73c2-4fa7-a289-16ce83a6376d,219WT,supplement,0,0,1589769794118,0,0
plugin_ios_activity_recognition,,0,2,0,99fd867d-73c2-4fa7-a289-16ce83a6376d,219WT,supplement,0,0,1589769854118,0,0
plugin_ios_activity_recognition,,0,2,0,99fd867d-73c2-4fa7-a289-16ce83a6376d,219WT,supplement,0,0,1589769914118,0,0
plugin_ios_activity_recognition,"[""stationary""]",0,2,0,99fd867d-73c2-4fa7-a289-16ce83a6376d,219WT,,0,1,1589769922988,0,0
plugin_ios_activity_recognition,,0,2,0,99fd867d-73c2-4fa7-a289-16ce83a6376d,219WT,,0,0,1589769928121,0,0
plugin_ios_activity_recognition,,0,2,0,99fd867d-73c2-4fa7-a289-16ce83a6376d,219WT,supplement,0,0,1589769974118,0,0
plugin_ios_activity_recognition,,0,2,0,99fd867d-73c2-4fa7-a289-16ce83a6376d,219WT,supplement,0,0,1589769988121,0,0
plugin_ios_activity_recognition,"[""walking""]",0,1,0,99fd867d-73c2-4fa7-a289-16ce83a6376d,219WT,,0,0,1589769996767,0,1
plugin_ios_activity_recognition,"[""walking""]",0,2,0,99fd867d-73c2-4fa7-a289-16ce83a6376d,219WT,,0,0,1589769999332,0,1
plugin_ios_activity_recognition,,0,2,0,99fd867d-73c2-4fa7-a289-16ce83a6376d,219WT,supplement,0,0,1589770048121,0,0
plugin_ios_activity_recognition,,0,2,0,99fd867d-73c2-4fa7-a289-16ce83a6376d,219WT,,0,0,1589770050648,0,0
plugin_ios_activity_recognition,,0,2,0,99fd867d-73c2-4fa7-a289-16ce83a6376d,219WT,supplement,0,0,1589770110648,0,0
plugin_ios_activity_recognition,"[""walking""]",0,1,0,99fd867d-73c2-4fa7-a289-16ce83a6376d,219WT,,0,0,1589770112178,0,1
plugin_ios_activity_recognition,"[""stationary""]",0,2,0,99fd867d-73c2-4fa7-a289-16ce83a6376d,219WT,,0,1,1589770117294,0,0
plugin_ios_activity_recognition,,0,2,0,99fd867d-73c2-4fa7-a289-16ce83a6376d,219WT,supplement,0,0,1589770170648,0,0
plugin_ios_activity_recognition,"[""stationary""]",0,2,0,99fd867d-73c2-4fa7-a289-16ce83a6376d,219WT,supplement,0,1,1589770177294,0,0
plugin_ios_activity_recognition,"[""stationary""]",0,2,0,99fd867d-73c2-4fa7-a289-16ce83a6376d,219WT,supplement,0,1,1589770237294,0,0
plugin_ios_activity_recognition,"[""stationary""]",0,2,0,99fd867d-73c2-4fa7-a289-16ce83a6376d,219WT,,0,1,1589770239795,0,0
plugin_ios_activity_recognition,,0,2,0,99fd867d-73c2-4fa7-a289-16ce83a6376d,219WT,,0,0,1589770277545,0,0
plugin_ios_activity_recognition,"[""stationary""]",0,2,0,99fd867d-73c2-4fa7-a289-16ce83a6376d,219WT,supplement,0,1,1589770297294,0,0
plugin_ios_activity_recognition,"[""stationary""]",0,2,0,99fd867d-73c2-4fa7-a289-16ce83a6376d,219WT,,0,1,1589770328100,0,0
plugin_ios_activity_recognition,,0,2,0,99fd867d-73c2-4fa7-a289-16ce83a6376d,219WT,,0,0,1589770343136,0,0
plugin_ios_activity_recognition,"[""stationary""]",0,2,0,99fd867d-73c2-4fa7-a289-16ce83a6376d,219WT,,0,1,1589770350815,0,0
plugin_ios_activity_recognition,"[""stationary""]",0,2,0,99fd867d-73c2-4fa7-a289-16ce83a6376d,219WT,supplement,0,1,1589770410815,0,0
plugin_ios_activity_recognition,"[""stationary""]",0,2,0,99fd867d-73c2-4fa7-a289-16ce83a6376d,219WT,supplement,0,1,1589770470815,0,0
plugin_ios_activity_recognition,,0,2,0,99fd867d-73c2-4fa7-a289-16ce83a6376d,219WT,,0,0,1589770474295,0,0
plugin_ios_activity_recognition,"[""stationary""]",0,2,0,99fd867d-73c2-4fa7-a289-16ce83a6376d,219WT,,0,1,1589770513642,0,0
plugin_ios_activity_recognition,,0,2,0,99fd867d-73c2-4fa7-a289-16ce83a6376d,219WT,,0,0,1589770522913,0,0
plugin_ios_activity_recognition,"[""stationary""]",0,2,0,99fd867d-73c2-4fa7-a289-16ce83a6376d,219WT,supplement,0,1,1589770530815,0,0
plugin_ios_activity_recognition,"[""walking""]",0,1,0,99fd867d-73c2-4fa7-a289-16ce83a6376d,219WT,,0,0,1589770536674,0,1
plugin_ios_activity_recognition,"[""walking""]",0,2,0,99fd867d-73c2-4fa7-a289-16ce83a6376d,219WT,,0,0,1589770552029,0,1
plugin_ios_activity_recognition,"[""stationary""]",0,2,0,99fd867d-73c2-4fa7-a289-16ce83a6376d,219WT,,0,1,1589770591689,0,0
plugin_ios_activity_recognition,,0,2,0,99fd867d-73c2-4fa7-a289-16ce83a6376d,219WT,,0,0,1589770608327,0,0
plugin_ios_activity_recognition,"[""stationary""]",0,2,0,99fd867d-73c2-4fa7-a289-16ce83a6376d,219WT,,0,1,1589770612161,0,0
plugin_ios_activity_recognition,"[""stationary""]",0,2,0,99fd867d-73c2-4fa7-a289-16ce83a6376d,219WT,supplement,0,1,1589770672161,0,0
plugin_ios_activity_recognition,,0,2,0,99fd867d-73c2-4fa7-a289-16ce83a6376d,219WT,,0,0,1589770726354,0,0
plugin_ios_activity_recognition,"[""stationary""]",0,2,0,99fd867d-73c2-4fa7-a289-16ce83a6376d,219WT,supplement,0,1,1589770732161,0,0
plugin_ios_activity_recognition,,0,2,0,99fd867d-73c2-4fa7-a289-16ce83a6376d,219WT,supplement,0,0,1589770786354,0,0
plugin_ios_activity_recognition,,0,2,0,99fd867d-73c2-4fa7-a289-16ce83a6376d,219WT,supplement,0,0,1589770846354,0,0
plugin_ios_activity_recognition,"[""stationary""]",0,2,0,99fd867d-73c2-4fa7-a289-16ce83a6376d,219WT,,0,1,1589770877647,0,0
plugin_ios_activity_recognition,,0,2,0,99fd867d-73c2-4fa7-a289-16ce83a6376d,219WT,,0,0,1589770893001,0,0
plugin_ios_activity_recognition,"[""stationary""]",0,2,0,99fd867d-73c2-4fa7-a289-16ce83a6376d,219WT,,0,1,1589770900678,0,0
plugin_ios_activity_recognition,,0,2,0,99fd867d-73c2-4fa7-a289-16ce83a6376d,219WT,supplement,0,0,1589770906354,0,0
plugin_ios_activity_recognition,,0,2,0,99fd867d-73c2-4fa7-a289-16ce83a6376d,219WT,,0,0,1589770921149,0,0
plugin_ios_activity_recognition,"[""stationary""]",0,2,0,99fd867d-73c2-4fa7-a289-16ce83a6376d,219WT,,0,1,1589770939702,0,0
plugin_ios_activity_recognition,,0,2,0,99fd867d-73c2-4fa7-a289-16ce83a6376d,219WT,,0,0,1589770942901,0,0
plugin_ios_activity_recognition,"[""stationary""]",0,2,0,99fd867d-73c2-4fa7-a289-16ce83a6376d,219WT,,0,1,1589770971049,0,0
plugin_ios_activity_recognition,,0,2,0,99fd867d-73c2-4fa7-a289-16ce83a6376d,219WT,,0,0,1589770998238,0,0
plugin_ios_activity_recognition,"[""stationary""]",0,2,0,99fd867d-73c2-4fa7-a289-16ce83a6376d,219WT,,0,1,1589771030865,0,0
plugin_ios_activity_recognition,,0,2,0,99fd867d-73c2-4fa7-a289-16ce83a6376d,219WT,,0,0,1589771034384,0,0
plugin_ios_activity_recognition,"[""stationary""]",0,2,0,99fd867d-73c2-4fa7-a289-16ce83a6376d,219WT,,0,1,1589771039502,0,0
plugin_ios_activity_recognition,,0,2,0,99fd867d-73c2-4fa7-a289-16ce83a6376d,219WT,,0,0,1589771042700,0,0
plugin_ios_activity_recognition,"[""walking""]",0,1,0,99fd867d-73c2-4fa7-a289-16ce83a6376d,219WT,,0,0,1589771094526,0,1
plugin_ios_activity_recognition,"[""walking""]",0,2,0,99fd867d-73c2-4fa7-a289-16ce83a6376d,219WT,,0,0,1589771104762,0,1
plugin_ios_activity_recognition,"[""stationary""]",0,2,0,99fd867d-73c2-4fa7-a289-16ce83a6376d,219WT,,0,1,1589771143144,0,0
plugin_ios_activity_recognition,"[""walking""]",0,2,0,99fd867d-73c2-4fa7-a289-16ce83a6376d,219WT,,0,0,1589771146340,0,1
plugin_ios_activity_recognition,"[""stationary""]",0,2,0,99fd867d-73c2-4fa7-a289-16ce83a6376d,219WT,,0,1,1589771156896,0,0
plugin_ios_activity_recognition,"[""walking""]",0,2,0,99fd867d-73c2-4fa7-a289-16ce83a6376d,219WT,,0,0,1589771158498,0,1
plugin_ios_activity_recognition,"[""stationary""]",0,2,0,99fd867d-73c2-4fa7-a289-16ce83a6376d,219WT,,0,1,1589771190482,0,0
plugin_ios_activity_recognition,,0,2,0,99fd867d-73c2-4fa7-a289-16ce83a6376d,219WT,,0,0,1589771193681,0,0
plugin_ios_activity_recognition,"[""stationary""]",0,2,0,99fd867d-73c2-4fa7-a289-16ce83a6376d,219WT,,0,1,1589771210314,0,0
plugin_ios_activity_recognition,,0,2,0,99fd867d-73c2-4fa7-a289-16ce83a6376d,219WT,,0,0,1589771214153,0,0
plugin_ios_activity_recognition,"[""stationary""]",0,2,0,99fd867d-73c2-4fa7-a289-16ce83a6376d,219WT,,0,1,1589771230786,0,0
plugin_ios_activity_recognition,,0,2,0,99fd867d-73c2-4fa7-a289-16ce83a6376d,219WT,,0,0,1589771235584,0,0
plugin_ios_activity_recognition,"[""stationary""]",0,2,0,99fd867d-73c2-4fa7-a289-16ce83a6376d,219WT,,0,1,1589771257335,0,0
plugin_ios_activity_recognition,,0,2,0,99fd867d-73c2-4fa7-a289-16ce83a6376d,219WT,,0,0,1589771257656,0,0
plugin_ios_activity_recognition,"[""stationary""]",0,2,0,99fd867d-73c2-4fa7-a289-16ce83a6376d,219WT,,0,1,1589771268211,0,0
plugin_ios_activity_recognition,,0,2,0,99fd867d-73c2-4fa7-a289-16ce83a6376d,219WT,,0,0,1589771272689,0,0
plugin_ios_activity_recognition,"[""stationary""]",0,2,0,99fd867d-73c2-4fa7-a289-16ce83a6376d,219WT,,0,1,1589771281006,0,0
plugin_ios_activity_recognition,,0,2,0,99fd867d-73c2-4fa7-a289-16ce83a6376d,219WT,,0,0,1589771289643,0,0
plugin_ios_activity_recognition,"[""stationary""]",0,2,0,99fd867d-73c2-4fa7-a289-16ce83a6376d,219WT,,0,1,1589771307236,0,0
plugin_ios_activity_recognition,,0,2,0,99fd867d-73c2-4fa7-a289-16ce83a6376d,219WT,,0,0,1589771307556,0,0
plugin_ios_activity_recognition,"[""stationary""]",0,2,0,99fd867d-73c2-4fa7-a289-16ce83a6376d,219WT,,0,1,1589771338904,0,0
plugin_ios_activity_recognition,,0,2,0,99fd867d-73c2-4fa7-a289-16ce83a6376d,219WT,,0,0,1589771341463,0,0
plugin_ios_activity_recognition,"[""stationary""]",0,2,0,99fd867d-73c2-4fa7-a289-16ce83a6376d,219WT,,0,1,1589771362575,0,0
plugin_ios_activity_recognition,,0,2,0,99fd867d-73c2-4fa7-a289-16ce83a6376d,219WT,,0,0,1589771364494,0,0
plugin_ios_activity_recognition,"[""stationary""]",0,2,0,99fd867d-73c2-4fa7-a289-16ce83a6376d,219WT,,0,1,1589771384006,0,0
plugin_ios_activity_recognition,,0,2,0,99fd867d-73c2-4fa7-a289-16ce83a6376d,219WT,,0,0,1589771385286,0,0
plugin_ios_activity_recognition,"[""stationary""]",0,2,0,99fd867d-73c2-4fa7-a289-16ce83a6376d,219WT,,0,1,1589771392323,0,0
plugin_ios_activity_recognition,,0,2,0,99fd867d-73c2-4fa7-a289-16ce83a6376d,219WT,,0,0,1589771405438,0,0
plugin_ios_activity_recognition,"[""stationary""]",0,2,0,99fd867d-73c2-4fa7-a289-16ce83a6376d,219WT,,0,1,1589771413435,0,0
plugin_ios_activity_recognition,,0,2,0,99fd867d-73c2-4fa7-a289-16ce83a6376d,219WT,,0,0,1589771421112,0,0
plugin_ios_activity_recognition,"[""walking""]",0,1,0,99fd867d-73c2-4fa7-a289-16ce83a6376d,219WT,,0,0,1589771455345,0,1
plugin_ios_activity_recognition,"[""walking""]",0,2,0,99fd867d-73c2-4fa7-a289-16ce83a6376d,219WT,,0,0,1589771468134,0,1
plugin_ios_activity_recognition,,0,2,0,99fd867d-73c2-4fa7-a289-16ce83a6376d,219WT,,0,0,1589771478396,0,0
plugin_ios_activity_recognition,"[""stationary""]",0,2,0,99fd867d-73c2-4fa7-a289-16ce83a6376d,219WT,,0,1,1589771502077,0,0
plugin_ios_activity_recognition,,0,2,0,99fd867d-73c2-4fa7-a289-16ce83a6376d,219WT,,0,0,1589771509753,0,0
plugin_ios_activity_recognition,,0,2,0,99fd867d-73c2-4fa7-a289-16ce83a6376d,219WT,supplement,0,0,1589771569753,0,0
plugin_ios_activity_recognition,"[""stationary""]",0,2,0,99fd867d-73c2-4fa7-a289-16ce83a6376d,219WT,,0,1,1589771598522,0,0
plugin_ios_activity_recognition,,0,2,0,99fd867d-73c2-4fa7-a289-16ce83a6376d,219WT,,0,0,1589771616475,0,0
plugin_ios_activity_recognition,"[""stationary""]",0,2,0,99fd867d-73c2-4fa7-a289-16ce83a6376d,219WT,,0,1,1589771628337,0,0
plugin_ios_activity_recognition,,0,2,0,99fd867d-73c2-4fa7-a289-16ce83a6376d,219WT,supplement,0,0,1589771629753,0,0
plugin_ios_activity_recognition,,0,2,0,99fd867d-73c2-4fa7-a289-16ce83a6376d,219WT,,0,0,1589771631543,0,0
plugin_ios_activity_recognition,,0,2,0,99fd867d-73c2-4fa7-a289-16ce83a6376d,219WT,supplement,0,0,1589771691543,0,0
plugin_ios_activity_recognition,"[""stationary""]",0,2,0,99fd867d-73c2-4fa7-a289-16ce83a6376d,219WT,,0,1,1589771741480,0,0
plugin_ios_activity_recognition,,0,2,0,99fd867d-73c2-4fa7-a289-16ce83a6376d,219WT,,0,0,1589771741801,0,0
plugin_ios_activity_recognition,,0,2,0,99fd867d-73c2-4fa7-a289-16ce83a6376d,219WT,supplement,0,0,1589771751543,0,0
plugin_ios_activity_recognition,"[""stationary""]",0,2,0,99fd867d-73c2-4fa7-a289-16ce83a6376d,219WT,,0,1,1589771783154,0,0
plugin_ios_activity_recognition,,0,2,0,99fd867d-73c2-4fa7-a289-16ce83a6376d,219WT,,0,0,1589771786360,0,0
plugin_ios_activity_recognition,"[""stationary""]",0,2,0,99fd867d-73c2-4fa7-a289-16ce83a6376d,219WT,,0,1,1589771828641,0,0
plugin_ios_activity_recognition,,0,2,0,99fd867d-73c2-4fa7-a289-16ce83a6376d,219WT,,0,0,1589771829924,0,0
plugin_ios_activity_recognition,"[""stationary""]",0,2,0,99fd867d-73c2-4fa7-a289-16ce83a6376d,219WT,,0,1,1589771853654,0,0
plugin_ios_activity_recognition,,0,2,0,99fd867d-73c2-4fa7-a289-16ce83a6376d,219WT,,0,0,1589771861029,0,0
plugin_ios_activity_recognition,"[""stationary""]",0,2,0,99fd867d-73c2-4fa7-a289-16ce83a6376d,219WT,,0,1,1589771868405,0,0
plugin_ios_activity_recognition,,0,2,0,99fd867d-73c2-4fa7-a289-16ce83a6376d,219WT,,0,0,1589771870009,0,0
plugin_ios_activity_recognition,"[""stationary""]",0,2,0,99fd867d-73c2-4fa7-a289-16ce83a6376d,219WT,,0,1,1589771881875,0,0
plugin_ios_activity_recognition,,0,2,0,99fd867d-73c2-4fa7-a289-16ce83a6376d,219WT,,0,0,1589771892457,0,0
plugin_ios_activity_recognition,"[""stationary""]",0,2,0,99fd867d-73c2-4fa7-a289-16ce83a6376d,219WT,,0,1,1589771905606,0,0
plugin_ios_activity_recognition,,0,2,0,99fd867d-73c2-4fa7-a289-16ce83a6376d,219WT,,0,0,1589771907531,0,0
plugin_ios_activity_recognition,"[""stationary""]",0,2,0,99fd867d-73c2-4fa7-a289-16ce83a6376d,219WT,,0,1,1589771917153,0,0
plugin_ios_activity_recognition,,0,2,0,99fd867d-73c2-4fa7-a289-16ce83a6376d,219WT,,0,0,1589771917474,0,0
plugin_ios_activity_recognition,"[""stationary""]",0,2,0,99fd867d-73c2-4fa7-a289-16ce83a6376d,219WT,,0,1,1589771922927,0,0
plugin_ios_activity_recognition,,0,2,0,99fd867d-73c2-4fa7-a289-16ce83a6376d,219WT,,0,0,1589771926455,0,0
plugin_ios_activity_recognition,"[""stationary""]",0,2,0,99fd867d-73c2-4fa7-a289-16ce83a6376d,219WT,,0,1,1589771936399,0,0
plugin_ios_activity_recognition,,0,2,0,99fd867d-73c2-4fa7-a289-16ce83a6376d,219WT,,0,0,1589771938003,0,0
plugin_ios_activity_recognition,,0,2,0,99fd867d-73c2-4fa7-a289-16ce83a6376d,219WT,supplement,0,0,1589771998003,0,0
plugin_ios_activity_recognition,"[""stationary""]",0,2,0,99fd867d-73c2-4fa7-a289-16ce83a6376d,219WT,,0,1,1589772046687,0,0
plugin_ios_activity_recognition,,0,2,0,99fd867d-73c2-4fa7-a289-16ce83a6376d,219WT,,0,0,1589772049252,0,0
plugin_ios_activity_recognition,"[""stationary""]",0,2,0,99fd867d-73c2-4fa7-a289-16ce83a6376d,219WT,,0,1,1589772054383,0,0
plugin_ios_activity_recognition,,0,2,0,99fd867d-73c2-4fa7-a289-16ce83a6376d,219WT,supplement,0,0,1589772058003,0,0
plugin_ios_activity_recognition,,0,2,0,99fd867d-73c2-4fa7-a289-16ce83a6376d,219WT,,0,0,1589772058871,0,0
plugin_ios_activity_recognition,"[""stationary""]",0,2,0,99fd867d-73c2-4fa7-a289-16ce83a6376d,219WT,,0,1,1589772071697,0,0
plugin_ios_activity_recognition,,0,2,0,99fd867d-73c2-4fa7-a289-16ce83a6376d,219WT,,0,0,1589772085483,0,0
plugin_ios_activity_recognition,"[""stationary""]",0,2,0,99fd867d-73c2-4fa7-a289-16ce83a6376d,219WT,,0,1,1589772092537,0,0
plugin_ios_activity_recognition,,0,2,0,99fd867d-73c2-4fa7-a289-16ce83a6376d,219WT,,0,0,1589772097346,0,0
plugin_ios_activity_recognition,"[""stationary""]",0,2,0,99fd867d-73c2-4fa7-a289-16ce83a6376d,219WT,,0,1,1589772151213,0,0
plugin_ios_activity_recognition,,0,2,0,99fd867d-73c2-4fa7-a289-16ce83a6376d,219WT,,0,0,1589772153457,0,0
plugin_ios_activity_recognition,"[""stationary""]",0,2,0,99fd867d-73c2-4fa7-a289-16ce83a6376d,219WT,,0,1,1589772157625,0,0
plugin_ios_activity_recognition,,0,2,0,99fd867d-73c2-4fa7-a289-16ce83a6376d,219WT,,0,0,1589772159550,0,0
plugin_ios_activity_recognition,"[""stationary""]",0,2,0,99fd867d-73c2-4fa7-a289-16ce83a6376d,219WT,,0,1,1589772194501,0,0
plugin_ios_activity_recognition,,0,2,0,99fd867d-73c2-4fa7-a289-16ce83a6376d,219WT,,0,0,1589772195784,0,0
plugin_ios_activity_recognition,"[""stationary""]",0,2,0,99fd867d-73c2-4fa7-a289-16ce83a6376d,219WT,,0,1,1589772241629,0,0
plugin_ios_activity_recognition,,0,2,0,99fd867d-73c2-4fa7-a289-16ce83a6376d,219WT,,0,0,1589772247078,0,0
plugin_ios_activity_recognition,"[""stationary""]",0,2,0,99fd867d-73c2-4fa7-a289-16ce83a6376d,219WT,,0,1,1589772257657,0,0
plugin_ios_activity_recognition,,0,2,0,99fd867d-73c2-4fa7-a289-16ce83a6376d,219WT,,0,0,1589772258298,0,0
plugin_ios_activity_recognition,"[""stationary""]",0,2,0,99fd867d-73c2-4fa7-a289-16ce83a6376d,219WT,,0,1,1589772283941,0,0
plugin_ios_activity_recognition,,0,2,0,99fd867d-73c2-4fa7-a289-16ce83a6376d,219WT,,0,0,1589772288428,0,0
plugin_ios_activity_recognition,"[""stationary""]",0,2,0,99fd867d-73c2-4fa7-a289-16ce83a6376d,219WT,,0,1,1589772306701,0,0
plugin_ios_activity_recognition,,0,2,0,99fd867d-73c2-4fa7-a289-16ce83a6376d,219WT,,0,0,1589772337472,0,0
plugin_ios_activity_recognition,"[""stationary""]",0,2,0,99fd867d-73c2-4fa7-a289-16ce83a6376d,219WT,,0,1,1589772343239,0,0
plugin_ios_activity_recognition,"[""stationary""]",0,2,0,99fd867d-73c2-4fa7-a289-16ce83a6376d,219WT,supplement,0,1,1589772403239,0,0
plugin_ios_activity_recognition,,0,2,0,99fd867d-73c2-4fa7-a289-16ce83a6376d,219WT,,0,0,1589772453472,0,0
plugin_ios_activity_recognition,"[""stationary""]",0,2,0,99fd867d-73c2-4fa7-a289-16ce83a6376d,219WT,,0,1,1589772460518,0,0
plugin_ios_activity_recognition,"[""stationary""]",0,2,0,99fd867d-73c2-4fa7-a289-16ce83a6376d,219WT,supplement,0,1,1589772463239,0,0
plugin_ios_activity_recognition,,0,2,0,99fd867d-73c2-4fa7-a289-16ce83a6376d,219WT,,0,0,1589772508270,0,0
plugin_ios_activity_recognition,"[""stationary""]",0,2,0,99fd867d-73c2-4fa7-a289-16ce83a6376d,219WT,,0,1,1589772514681,0,0
plugin_ios_activity_recognition,,0,2,0,99fd867d-73c2-4fa7-a289-16ce83a6376d,219WT,,0,0,1589772545768,0,0
plugin_ios_activity_recognition,"[""stationary""]",0,2,0,99fd867d-73c2-4fa7-a289-16ce83a6376d,219WT,,0,1,1589772550575,0,0
plugin_ios_activity_recognition,"[""stationary""]",0,2,0,99fd867d-73c2-4fa7-a289-16ce83a6376d,219WT,supplement,0,1,1589772610575,0,0
plugin_ios_activity_recognition,,0,2,0,99fd867d-73c2-4fa7-a289-16ce83a6376d,219WT,,0,0,1589772657945,0,0
plugin_ios_activity_recognition,"[""walking""]",0,1,0,99fd867d-73c2-4fa7-a289-16ce83a6376d,219WT,,0,0,1589772665628,0,1
plugin_ios_activity_recognition,"[""stationary""]",0,2,0,99fd867d-73c2-4fa7-a289-16ce83a6376d,219WT,supplement,0,1,1589772670575,0,0
plugin_ios_activity_recognition,"[""stationary""]",0,2,0,99fd867d-73c2-4fa7-a289-16ce83a6376d,219WT,,0,1,1589772673939,0,0
plugin_ios_activity_recognition,"[""walking""]",0,2,0,99fd867d-73c2-4fa7-a289-16ce83a6376d,219WT,,0,0,1589772682896,0,1
plugin_ios_activity_recognition,,0,2,0,99fd867d-73c2-4fa7-a289-16ce83a6376d,219WT,,0,0,1589772722882,0,0
plugin_ios_activity_recognition,,0,2,0,99fd867d-73c2-4fa7-a289-16ce83a6376d,219WT,supplement,0,0,1589772782882,0,0
plugin_ios_activity_recognition,"[""stationary""]",0,2,0,99fd867d-73c2-4fa7-a289-16ce83a6376d,219WT,,0,1,1589772784621,0,0
plugin_ios_activity_recognition,,0,2,0,99fd867d-73c2-4fa7-a289-16ce83a6376d,219WT,,0,0,1589772789428,0,0
plugin_ios_activity_recognition,"[""stationary""]",0,2,0,99fd867d-73c2-4fa7-a289-16ce83a6376d,219WT,,0,1,1589772796804,0,0
plugin_ios_activity_recognition,,0,2,0,99fd867d-73c2-4fa7-a289-16ce83a6376d,219WT,,0,0,1589772803861,0,0
plugin_ios_activity_recognition,"[""stationary""]",0,2,0,99fd867d-73c2-4fa7-a289-16ce83a6376d,219WT,,0,1,1589772830145,0,0
plugin_ios_activity_recognition,,0,2,0,99fd867d-73c2-4fa7-a289-16ce83a6376d,219WT,,0,0,1589772831748,0,0
plugin_ios_activity_recognition,,0,2,0,99fd867d-73c2-4fa7-a289-16ce83a6376d,219WT,supplement,0,0,1589772842882,0,0
plugin_ios_activity_recognition,"[""stationary""]",0,2,0,99fd867d-73c2-4fa7-a289-16ce83a6376d,219WT,,0,1,1589772848097,0,0
plugin_ios_activity_recognition,,0,2,0,99fd867d-73c2-4fa7-a289-16ce83a6376d,219WT,,0,0,1589772853225,0,0
plugin_ios_activity_recognition,"[""stationary""]",0,2,0,99fd867d-73c2-4fa7-a289-16ce83a6376d,219WT,,0,1,1589772859637,0,0
plugin_ios_activity_recognition,,0,2,0,99fd867d-73c2-4fa7-a289-16ce83a6376d,219WT,,0,0,1589772871496,0,0
plugin_ios_activity_recognition,,0,2,0,99fd867d-73c2-4fa7-a289-16ce83a6376d,219WT,supplement,0,0,1589772931496,0,0
plugin_ios_activity_recognition,"[""walking""]",0,1,0,99fd867d-73c2-4fa7-a289-16ce83a6376d,219WT,,0,0,1589772939727,0,1
plugin_ios_activity_recognition,"[""walking""]",0,2,0,99fd867d-73c2-4fa7-a289-16ce83a6376d,219WT,,0,0,1589772942286,0,1
plugin_ios_activity_recognition,"[""stationary""]",0,2,0,99fd867d-73c2-4fa7-a289-16ce83a6376d,219WT,,0,1,1589772966911,0,0
plugin_ios_activity_recognition,,0,2,0,99fd867d-73c2-4fa7-a289-16ce83a6376d,219WT,,0,0,1589772970433,0,0
plugin_ios_activity_recognition,"[""stationary""]",0,2,0,99fd867d-73c2-4fa7-a289-16ce83a6376d,219WT,,0,1,1589772976188,0,0
plugin_ios_activity_recognition,,0,2,0,99fd867d-73c2-4fa7-a289-16ce83a6376d,219WT,,0,0,1589772978109,0,0
plugin_ios_activity_recognition,"[""walking""]",0,1,0,99fd867d-73c2-4fa7-a289-16ce83a6376d,219WT,,0,0,1589772985789,0,1
plugin_ios_activity_recognition,,0,2,0,99fd867d-73c2-4fa7-a289-16ce83a6376d,219WT,supplement,0,0,1589772991496,0,0
plugin_ios_activity_recognition,"[""walking""]",0,2,0,99fd867d-73c2-4fa7-a289-16ce83a6376d,219WT,,0,0,1589772991541,0,1
plugin_ios_activity_recognition,"[""stationary""]",0,2,0,99fd867d-73c2-4fa7-a289-16ce83a6376d,219WT,,0,1,1589773000498,0,0
plugin_ios_activity_recognition,"[""walking""]",0,2,0,99fd867d-73c2-4fa7-a289-16ce83a6376d,219WT,,0,0,1589773002098,0,1
plugin_ios_activity_recognition,,0,2,0,99fd867d-73c2-4fa7-a289-16ce83a6376d,219WT,,0,0,1589773008822,0,0
plugin_ios_activity_recognition,"[""stationary""]",0,2,0,99fd867d-73c2-4fa7-a289-16ce83a6376d,219WT,,0,1,1589773040485,0,0
plugin_ios_activity_recognition,,0,2,0,99fd867d-73c2-4fa7-a289-16ce83a6376d,219WT,,0,0,1589773044004,0,0
plugin_ios_activity_recognition,"[""stationary""]",0,2,0,99fd867d-73c2-4fa7-a289-16ce83a6376d,219WT,,0,1,1589773090070,0,0
plugin_ios_activity_recognition,,0,2,0,99fd867d-73c2-4fa7-a289-16ce83a6376d,219WT,,0,0,1589773107024,0,0
plugin_ios_activity_recognition,"[""stationary""]",0,2,0,99fd867d-73c2-4fa7-a289-16ce83a6376d,219WT,,0,1,1589773111822,0,0
plugin_ios_activity_recognition,,0,2,0,99fd867d-73c2-4fa7-a289-16ce83a6376d,219WT,,0,0,1589773117575,0,0
plugin_ios_activity_recognition,"[""stationary""]",0,2,0,99fd867d-73c2-4fa7-a289-16ce83a6376d,219WT,,0,1,1589773125910,0,0
plugin_ios_activity_recognition,,0,2,0,99fd867d-73c2-4fa7-a289-16ce83a6376d,219WT,,0,0,1589773178484,0,0
plugin_ios_activity_recognition,"[""stationary""]",0,2,0,99fd867d-73c2-4fa7-a289-16ce83a6376d,219WT,,0,1,1589773185858,0,0
plugin_ios_activity_recognition,"[""stationary""]",0,2,0,99fd867d-73c2-4fa7-a289-16ce83a6376d,219WT,supplement,0,1,1589773245858,0,0
plugin_ios_activity_recognition,,0,2,0,99fd867d-73c2-4fa7-a289-16ce83a6376d,219WT,,0,0,1589773256062,0,0
plugin_ios_activity_recognition,"[""stationary""]",0,2,0,99fd867d-73c2-4fa7-a289-16ce83a6376d,219WT,,0,1,1589773260230,0,0
plugin_ios_activity_recognition,,0,2,0,99fd867d-73c2-4fa7-a289-16ce83a6376d,219WT,,0,0,1589773260871,0,0
plugin_ios_activity_recognition,"[""stationary""]",0,2,0,99fd867d-73c2-4fa7-a289-16ce83a6376d,219WT,,0,1,1589773273374,0,0
plugin_ios_activity_recognition,,0,2,0,99fd867d-73c2-4fa7-a289-16ce83a6376d,219WT,,0,0,1589773274977,0,0
plugin_ios_activity_recognition,"[""stationary""]",0,2,0,99fd867d-73c2-4fa7-a289-16ce83a6376d,219WT,,0,1,1589773285235,0,0
plugin_ios_activity_recognition,,0,2,0,99fd867d-73c2-4fa7-a289-16ce83a6376d,219WT,,0,0,1589773290044,0,0
plugin_ios_activity_recognition,"[""stationary""]",0,2,0,99fd867d-73c2-4fa7-a289-16ce83a6376d,219WT,,0,1,1589773296456,0,0
plugin_ios_activity_recognition,"[""stationary""]",0,2,0,99fd867d-73c2-4fa7-a289-16ce83a6376d,219WT,supplement,0,1,1589773305858,0,0
plugin_ios_activity_recognition,,0,2,0,99fd867d-73c2-4fa7-a289-16ce83a6376d,219WT,,0,0,1589773323040,0,0
plugin_ios_activity_recognition,"[""stationary""]",0,2,0,99fd867d-73c2-4fa7-a289-16ce83a6376d,219WT,,0,1,1589773330413,0,0
plugin_ios_activity_recognition,,0,2,0,99fd867d-73c2-4fa7-a289-16ce83a6376d,219WT,,0,0,1589773332337,0,0
plugin_ios_activity_recognition,"[""stationary""]",0,2,0,99fd867d-73c2-4fa7-a289-16ce83a6376d,219WT,,0,1,1589773338426,0,0
plugin_ios_activity_recognition,,0,2,0,99fd867d-73c2-4fa7-a289-16ce83a6376d,219WT,,0,0,1589773370799,0,0
plugin_ios_activity_recognition,"[""stationary""]",0,2,0,99fd867d-73c2-4fa7-a289-16ce83a6376d,219WT,,0,1,1589773374965,0,0
plugin_ios_activity_recognition,"[""stationary""]",0,2,0,99fd867d-73c2-4fa7-a289-16ce83a6376d,219WT,supplement,0,1,1589773434965,0,0
plugin_ios_activity_recognition,,0,2,0,99fd867d-73c2-4fa7-a289-16ce83a6376d,219WT,,0,0,1589773453793,0,0
plugin_ios_activity_recognition,"[""stationary""]",0,2,0,99fd867d-73c2-4fa7-a289-16ce83a6376d,219WT,,0,1,1589773461804,0,0
plugin_ios_activity_recognition,"[""stationary""]",0,2,0,99fd867d-73c2-4fa7-a289-16ce83a6376d,219WT,supplement,0,1,1589773494965,0,0
plugin_ios_activity_recognition,"[""stationary""]",0,2,0,99fd867d-73c2-4fa7-a289-16ce83a6376d,219WT,supplement,0,1,1589773521804,0,0
plugin_ios_activity_recognition,"[""stationary""]",0,2,0,99fd867d-73c2-4fa7-a289-16ce83a6376d,219WT,supplement,0,1,1589773581804,0,0
plugin_ios_activity_recognition,,0,2,0,99fd867d-73c2-4fa7-a289-16ce83a6376d,219WT,,0,0,1589773601850,0,0
plugin_ios_activity_recognition,"[""stationary""]",0,2,0,99fd867d-73c2-4fa7-a289-16ce83a6376d,219WT,,0,1,1589773611464,0,0
plugin_ios_activity_recognition,,0,2,0,99fd867d-73c2-4fa7-a289-16ce83a6376d,219WT,,0,0,1589773624925,0,0
plugin_ios_activity_recognition,"[""stationary""]",0,2,0,99fd867d-73c2-4fa7-a289-16ce83a6376d,219WT,,0,1,1589773629095,0,0
plugin_ios_activity_recognition,"[""stationary""]",0,2,0,99fd867d-73c2-4fa7-a289-16ce83a6376d,219WT,supplement,0,1,1589773641804,0,0
plugin_ios_activity_recognition,,0,2,0,99fd867d-73c2-4fa7-a289-16ce83a6376d,219WT,,0,0,1589773644481,0,0
plugin_ios_activity_recognition,"[""stationary""]",0,2,0,99fd867d-73c2-4fa7-a289-16ce83a6376d,219WT,,0,1,1589773657301,0,0
plugin_ios_activity_recognition,"[""stationary""]",0,2,0,99fd867d-73c2-4fa7-a289-16ce83a6376d,219WT,supplement,0,1,1589773717301,0,0
plugin_ios_activity_recognition,,0,2,0,99fd867d-73c2-4fa7-a289-16ce83a6376d,219WT,,0,0,1589773719149,0,0
plugin_ios_activity_recognition,"[""stationary""]",0,2,0,99fd867d-73c2-4fa7-a289-16ce83a6376d,219WT,,0,1,1589773724918,0,0
plugin_ios_activity_recognition,,0,2,0,99fd867d-73c2-4fa7-a289-16ce83a6376d,219WT,,0,0,1589773772667,0,0
plugin_ios_activity_recognition,"[""stationary""]",0,2,0,99fd867d-73c2-4fa7-a289-16ce83a6376d,219WT,supplement,0,1,1589773777301,0,0
plugin_ios_activity_recognition,"[""stationary""]",0,2,0,99fd867d-73c2-4fa7-a289-16ce83a6376d,219WT,,0,1,1589773782598,0,0
plugin_ios_activity_recognition,,0,2,0,99fd867d-73c2-4fa7-a289-16ce83a6376d,219WT,,0,0,1589773784200,0,0
plugin_ios_activity_recognition,,0,2,0,99fd867d-73c2-4fa7-a289-16ce83a6376d,219WT,supplement,0,0,1589773844200,0,0
plugin_ios_activity_recognition,"[""stationary""]",0,2,0,99fd867d-73c2-4fa7-a289-16ce83a6376d,219WT,,0,1,1589773855981,0,0
plugin_ios_activity_recognition,,0,2,0,99fd867d-73c2-4fa7-a289-16ce83a6376d,219WT,,0,0,1589773858544,0,0
plugin_ios_activity_recognition,"[""stationary""]",0,2,0,99fd867d-73c2-4fa7-a289-16ce83a6376d,219WT,,0,1,1589773863672,0,0
plugin_ios_activity_recognition,,0,2,0,99fd867d-73c2-4fa7-a289-16ce83a6376d,219WT,,0,0,1589773865595,0,0
plugin_ios_activity_recognition,"[""stationary""]",0,2,0,99fd867d-73c2-4fa7-a289-16ce83a6376d,219WT,,0,1,1589773892840,0,0
plugin_ios_activity_recognition,,0,2,0,99fd867d-73c2-4fa7-a289-16ce83a6376d,219WT,,0,0,1589773903098,0,0
plugin_ios_activity_recognition,,0,2,0,99fd867d-73c2-4fa7-a289-16ce83a6376d,219WT,supplement,0,0,1589773904200,0,0
plugin_ios_activity_recognition,"[""stationary""]",0,2,0,99fd867d-73c2-4fa7-a289-16ce83a6376d,219WT,,0,1,1589773942198,0,0
plugin_ios_activity_recognition,,0,2,0,99fd867d-73c2-4fa7-a289-16ce83a6376d,219WT,,0,0,1589773947324,0,0
plugin_ios_activity_recognition,"[""stationary""]",0,2,0,99fd867d-73c2-4fa7-a289-16ce83a6376d,219WT,,0,1,1589773950850,0,0
plugin_ios_activity_recognition,,0,2,0,99fd867d-73c2-4fa7-a289-16ce83a6376d,219WT,,0,0,1589773956298,0,0
plugin_ios_activity_recognition,"[""stationary""]",0,2,0,99fd867d-73c2-4fa7-a289-16ce83a6376d,219WT,,0,1,1589773967834,0,0
plugin_ios_activity_recognition,,0,2,0,99fd867d-73c2-4fa7-a289-16ce83a6376d,219WT,,0,0,1589773968475,0,0
plugin_ios_activity_recognition,,0,2,0,99fd867d-73c2-4fa7-a289-16ce83a6376d,219WT,supplement,0,0,1589774028475,0,0
plugin_ios_activity_recognition,"[""stationary""]",0,2,0,99fd867d-73c2-4fa7-a289-16ce83a6376d,219WT,,0,1,1589774029691,0,0
plugin_ios_activity_recognition,,0,2,0,99fd867d-73c2-4fa7-a289-16ce83a6376d,219WT,,0,0,1589774036745,0,0
plugin_ios_activity_recognition,,0,2,0,99fd867d-73c2-4fa7-a289-16ce83a6376d,219WT,supplement,0,0,1589774088475,0,0
plugin_ios_activity_recognition,,0,2,0,99fd867d-73c2-4fa7-a289-16ce83a6376d,219WT,supplement,0,0,1589774096745,0,0
plugin_ios_activity_recognition,"[""stationary""]",0,2,0,99fd867d-73c2-4fa7-a289-16ce83a6376d,219WT,,0,1,1589774147959,0,0
plugin_ios_activity_recognition,,0,2,0,99fd867d-73c2-4fa7-a289-16ce83a6376d,219WT,,0,0,1589774149881,0,0
plugin_ios_activity_recognition,"[""walking""]",0,1,0,99fd867d-73c2-4fa7-a289-16ce83a6376d,219WT,,0,0,1589774154693,0,1
plugin_ios_activity_recognition,,0,2,0,99fd867d-73c2-4fa7-a289-16ce83a6376d,219WT,supplement,0,0,1589774156745,0,0
plugin_ios_activity_recognition,"[""walking""]",0,2,0,99fd867d-73c2-4fa7-a289-16ce83a6376d,219WT,,0,0,1589774157258,0,1
plugin_ios_activity_recognition,"[""stationary""]",0,2,0,99fd867d-73c2-4fa7-a289-16ce83a6376d,219WT,,0,1,1589774176799,0,0
plugin_ios_activity_recognition,"[""walking""]",0,2,0,99fd867d-73c2-4fa7-a289-16ce83a6376d,219WT,,0,0,1589774179364,0,1
plugin_ios_activity_recognition,,0,2,0,99fd867d-73c2-4fa7-a289-16ce83a6376d,219WT,,0,0,1589774180328,0,0
plugin_ios_activity_recognition,,0,2,0,99fd867d-73c2-4fa7-a289-16ce83a6376d,219WT,supplement,0,0,1589774240328,0,0
plugin_ios_activity_recognition,,0,2,0,99fd867d-73c2-4fa7-a289-16ce83a6376d,219WT,supplement,0,0,1589774300328,0,0
plugin_ios_activity_recognition,,0,2,0,99fd867d-73c2-4fa7-a289-16ce83a6376d,219WT,supplement,0,0,1589774360328,0,0
plugin_ios_activity_recognition,,0,2,0,99fd867d-73c2-4fa7-a289-16ce83a6376d,219WT,supplement,0,0,1589774420328,0,0
plugin_ios_activity_recognition,"[""stationary""]",0,2,0,99fd867d-73c2-4fa7-a289-16ce83a6376d,219WT,,0,1,1589774425393,0,0
plugin_ios_activity_recognition,,0,2,0,99fd867d-73c2-4fa7-a289-16ce83a6376d,219WT,,0,0,1589774430511,0,0
plugin_ios_activity_recognition,,0,2,0,99fd867d-73c2-4fa7-a289-16ce83a6376d,219WT,supplement,0,0,1589774480328,0,0
plugin_ios_activity_recognition,,0,2,0,99fd867d-73c2-4fa7-a289-16ce83a6376d,219WT,supplement,0,0,1589774490511,0,0
plugin_ios_activity_recognition,,0,2,0,99fd867d-73c2-4fa7-a289-16ce83a6376d,219WT,supplement,0,0,1589774550511,0,0
plugin_ios_activity_recognition,"[""stationary""]",0,2,0,99fd867d-73c2-4fa7-a289-16ce83a6376d,219WT,,0,1,1589774593978,0,0
plugin_ios_activity_recognition,,0,2,0,99fd867d-73c2-4fa7-a289-16ce83a6376d,219WT,,0,0,1589774596541,0,0
plugin_ios_activity_recognition,,0,2,0,99fd867d-73c2-4fa7-a289-16ce83a6376d,219WT,supplement,0,0,1589774610511,0,0
plugin_ios_activity_recognition,,0,2,0,99fd867d-73c2-4fa7-a289-16ce83a6376d,219WT,supplement,0,0,1589774656541,0,0
plugin_ios_activity_recognition,"[""stationary""]",0,2,0,99fd867d-73c2-4fa7-a289-16ce83a6376d,219WT,,0,1,1589774673451,0,0
plugin_ios_activity_recognition,,0,2,0,99fd867d-73c2-4fa7-a289-16ce83a6376d,219WT,,0,0,1589774674733,0,0
plugin_ios_activity_recognition,"[""stationary""]",0,2,0,99fd867d-73c2-4fa7-a289-16ce83a6376d,219WT,,0,1,1589774682424,0,0
plugin_ios_activity_recognition,,0,2,0,99fd867d-73c2-4fa7-a289-16ce83a6376d,219WT,,0,0,1589774682747,0,0
plugin_ios_activity_recognition,,0,2,0,99fd867d-73c2-4fa7-a289-16ce83a6376d,219WT,supplement,0,0,1589774716541,0,0
plugin_ios_activity_recognition,,0,2,0,99fd867d-73c2-4fa7-a289-16ce83a6376d,219WT,supplement,0,0,1589774742747,0,0
plugin_ios_activity_recognition,,0,2,0,99fd867d-73c2-4fa7-a289-16ce83a6376d,219WT,supplement,0,0,1589774802747,0,0
plugin_ios_activity_recognition,"[""stationary""]",0,2,0,99fd867d-73c2-4fa7-a289-16ce83a6376d,219WT,,0,1,1589774803562,0,0
plugin_ios_activity_recognition,,0,2,0,99fd867d-73c2-4fa7-a289-16ce83a6376d,219WT,,0,0,1589774805809,0,0
plugin_ios_activity_recognition,"[""stationary""]",0,2,0,99fd867d-73c2-4fa7-a289-16ce83a6376d,219WT,,0,1,1589774823756,0,0
plugin_ios_activity_recognition,,0,2,0,99fd867d-73c2-4fa7-a289-16ce83a6376d,219WT,,0,0,1589774844583,0,0
plugin_ios_activity_recognition,"[""stationary""]",0,2,0,99fd867d-73c2-4fa7-a289-16ce83a6376d,219WT,,0,1,1589774859324,0,0
plugin_ios_activity_recognition,,0,2,0,99fd867d-73c2-4fa7-a289-16ce83a6376d,219WT,supplement,0,0,1589774862747,0,0
plugin_ios_activity_recognition,,0,2,0,99fd867d-73c2-4fa7-a289-16ce83a6376d,219WT,,0,0,1589774863170,0,0
plugin_ios_activity_recognition,"[""stationary""]",0,2,0,99fd867d-73c2-4fa7-a289-16ce83a6376d,219WT,,0,1,1589774870861,0,0
plugin_ios_activity_recognition,,0,2,0,99fd867d-73c2-4fa7-a289-16ce83a6376d,219WT,,0,0,1589774878874,0,0
plugin_ios_activity_recognition,"[""stationary""]",0,2,0,99fd867d-73c2-4fa7-a289-16ce83a6376d,219WT,,0,1,1589774885905,0,0
plugin_ios_activity_recognition,,0,2,0,99fd867d-73c2-4fa7-a289-16ce83a6376d,219WT,,0,0,1589774887504,0,0
plugin_ios_activity_recognition,"[""walking""]",0,1,0,99fd867d-73c2-4fa7-a289-16ce83a6376d,219WT,,0,0,1589774921046,0,1
plugin_ios_activity_recognition,"[""stationary""]",0,2,0,99fd867d-73c2-4fa7-a289-16ce83a6376d,219WT,,0,1,1589774926492,0,0
plugin_ios_activity_recognition,"[""walking""]",0,2,0,99fd867d-73c2-4fa7-a289-16ce83a6376d,219WT,,0,0,1589774928410,0,1
plugin_ios_activity_recognition,"[""stationary""]",0,2,0,99fd867d-73c2-4fa7-a289-16ce83a6376d,219WT,,0,1,1589774933211,0,0
plugin_ios_activity_recognition,"[""stationary""]",0,2,0,99fd867d-73c2-4fa7-a289-16ce83a6376d,219WT,supplement,0,1,1589774993211,0,0
plugin_ios_activity_recognition,,0,2,0,99fd867d-73c2-4fa7-a289-16ce83a6376d,219WT,,0,0,1589775016223,0,0
plugin_ios_activity_recognition,"[""stationary""]",0,2,0,99fd867d-73c2-4fa7-a289-16ce83a6376d,219WT,,0,1,1589775021648,0,0
plugin_ios_activity_recognition,,0,2,0,99fd867d-73c2-4fa7-a289-16ce83a6376d,219WT,,0,0,1589775031578,0,0
plugin_ios_activity_recognition,"[""stationary""]",0,2,0,99fd867d-73c2-4fa7-a289-16ce83a6376d,219WT,,0,1,1589775037016,0,0
plugin_ios_activity_recognition,,0,2,0,99fd867d-73c2-4fa7-a289-16ce83a6376d,219WT,,0,0,1589775053011,0,0
plugin_ios_activity_recognition,"[""stationary""]",0,2,0,99fd867d-73c2-4fa7-a289-16ce83a6376d,219WT,supplement,0,1,1589775053211,0,0
plugin_ios_activity_recognition,"[""stationary""]",0,2,0,99fd867d-73c2-4fa7-a289-16ce83a6376d,219WT,,0,1,1589775064202,0,0
plugin_ios_activity_recognition,,0,2,0,99fd867d-73c2-4fa7-a289-16ce83a6376d,219WT,,0,0,1589775064841,0,0
plugin_ios_activity_recognition,"[""stationary""]",0,2,0,99fd867d-73c2-4fa7-a289-16ce83a6376d,219WT,,0,1,1589775070278,0,0
plugin_ios_activity_recognition,,0,2,0,99fd867d-73c2-4fa7-a289-16ce83a6376d,219WT,,0,0,1589775076039,0,0
plugin_ios_activity_recognition,"[""stationary""]",0,2,0,99fd867d-73c2-4fa7-a289-16ce83a6376d,219WT,,0,1,1589775085959,0,0
plugin_ios_activity_recognition,,0,2,0,99fd867d-73c2-4fa7-a289-16ce83a6376d,219WT,,0,0,1589775088835,0,0
plugin_ios_activity_recognition,"[""stationary""]",0,2,0,99fd867d-73c2-4fa7-a289-16ce83a6376d,219WT,,0,1,1589775094595,0,0
plugin_ios_activity_recognition,"[""stationary""]",0,2,0,99fd867d-73c2-4fa7-a289-16ce83a6376d,219WT,supplement,0,1,1589775154595,0,0
plugin_ios_activity_recognition,"[""stationary""]",0,2,0,99fd867d-73c2-4fa7-a289-16ce83a6376d,219WT,supplement,0,1,1589775214595,0,0
plugin_ios_activity_recognition,"[""stationary""]",0,2,0,99fd867d-73c2-4fa7-a289-16ce83a6376d,219WT,supplement,0,1,1589775274595,0,0
plugin_ios_activity_recognition,,0,2,0,99fd867d-73c2-4fa7-a289-16ce83a6376d,219WT,,0,0,1589775321806,0,0
plugin_ios_activity_recognition,"[""stationary""]",0,2,0,99fd867d-73c2-4fa7-a289-16ce83a6376d,219WT,,0,1,1589775326909,0,0
plugin_ios_activity_recognition,"[""stationary""]",0,2,0,99fd867d-73c2-4fa7-a289-16ce83a6376d,219WT,supplement,0,1,1589775334595,0,0
plugin_ios_activity_recognition,,0,2,0,99fd867d-73c2-4fa7-a289-16ce83a6376d,219WT,,0,0,1589775362445,0,0
plugin_ios_activity_recognition,"[""stationary""]",0,2,0,99fd867d-73c2-4fa7-a289-16ce83a6376d,219WT,,0,1,1589775367881,0,0
plugin_ios_activity_recognition,,0,2,0,99fd867d-73c2-4fa7-a289-16ce83a6376d,219WT,,0,0,1589775422992,0,0
plugin_ios_activity_recognition,"[""stationary""]",0,2,0,99fd867d-73c2-4fa7-a289-16ce83a6376d,219WT,,0,1,1589775428120,0,0
plugin_ios_activity_recognition,,0,2,0,99fd867d-73c2-4fa7-a289-16ce83a6376d,219WT,,0,0,1589775444769,0,0
plugin_ios_activity_recognition,"[""walking""]",0,1,0,99fd867d-73c2-4fa7-a289-16ce83a6376d,219WT,,0,0,1589775448933,0,1
plugin_ios_activity_recognition,"[""stationary""]",0,2,0,99fd867d-73c2-4fa7-a289-16ce83a6376d,219WT,,0,1,1589775455324,0,0
plugin_ios_activity_recognition,"[""walking""]",0,2,0,99fd867d-73c2-4fa7-a289-16ce83a6376d,219WT,,0,0,1589775456922,0,1
plugin_ios_activity_recognition,"[""stationary""]",0,2,0,99fd867d-73c2-4fa7-a289-16ce83a6376d,219WT,,0,1,1589775463314,0,0
plugin_ios_activity_recognition,"[""walking""]",0,2,0,99fd867d-73c2-4fa7-a289-16ce83a6376d,219WT,,0,0,1589775476120,0,1
plugin_ios_activity_recognition,"[""stationary""]",0,2,0,99fd867d-73c2-4fa7-a289-16ce83a6376d,219WT,,0,1,1589775485694,0,0
plugin_ios_activity_recognition,,0,2,0,99fd867d-73c2-4fa7-a289-16ce83a6376d,219WT,,0,0,1589775495615,0,0
plugin_ios_activity_recognition,"[""stationary""]",0,2,0,99fd867d-73c2-4fa7-a289-16ce83a6376d,219WT,,0,1,1589775503919,0,0
plugin_ios_activity_recognition,,0,2,0,99fd867d-73c2-4fa7-a289-16ce83a6376d,219WT,,0,0,1589775541413,0,0
plugin_ios_activity_recognition,"[""walking""]",0,1,0,99fd867d-73c2-4fa7-a289-16ce83a6376d,219WT,,0,0,1589775546210,0,1
plugin_ios_activity_recognition,"[""stationary""]",0,2,0,99fd867d-73c2-4fa7-a289-16ce83a6376d,219WT,,0,1,1589775551338,0,0
plugin_ios_activity_recognition,,0,2,0,99fd867d-73c2-4fa7-a289-16ce83a6376d,219WT,,0,0,1589775606134,0,0
plugin_ios_activity_recognition,"[""walking""]",0,1,0,99fd867d-73c2-4fa7-a289-16ce83a6376d,219WT,,0,0,1589775610299,0,1
plugin_ios_activity_recognition,"[""walking""]",0,2,0,99fd867d-73c2-4fa7-a289-16ce83a6376d,219WT,,0,0,1589775648672,0,1
plugin_ios_activity_recognition,"[""stationary""]",0,2,0,99fd867d-73c2-4fa7-a289-16ce83a6376d,219WT,,0,1,1589775654439,0,0
plugin_ios_activity_recognition,"[""walking""]",0,2,0,99fd867d-73c2-4fa7-a289-16ce83a6376d,219WT,,0,0,1589775659246,0,1
plugin_ios_activity_recognition,"[""stationary""]",0,2,0,99fd867d-73c2-4fa7-a289-16ce83a6376d,219WT,,0,1,1589775687045,0,0
plugin_ios_activity_recognition,"[""walking""]",0,2,0,99fd867d-73c2-4fa7-a289-16ce83a6376d,219WT,,0,0,1589775699542,0,1
plugin_ios_activity_recognition,,0,2,0,99fd867d-73c2-4fa7-a289-16ce83a6376d,219WT,,0,0,1589775699866,0,0
plugin_ios_activity_recognition,"[""stationary""]",0,2,0,99fd867d-73c2-4fa7-a289-16ce83a6376d,219WT,,0,1,1589775710060,0,0
plugin_ios_activity_recognition,,0,2,0,99fd867d-73c2-4fa7-a289-16ce83a6376d,219WT,,0,0,1589775715188,0,0
plugin_ios_activity_recognition,"[""stationary""]",0,2,0,99fd867d-73c2-4fa7-a289-16ce83a6376d,219WT,,0,1,1589775730843,0,0
plugin_ios_activity_recognition,,0,2,0,99fd867d-73c2-4fa7-a289-16ce83a6376d,219WT,,0,0,1589775731484,0,0
plugin_ios_activity_recognition,"[""stationary""]",0,2,0,99fd867d-73c2-4fa7-a289-16ce83a6376d,219WT,,0,1,1589775734999,0,0
plugin_ios_activity_recognition,,0,2,0,99fd867d-73c2-4fa7-a289-16ce83a6376d,219WT,,0,0,1589775736277,0,0
plugin_ios_activity_recognition,"[""stationary""]",0,2,0,99fd867d-73c2-4fa7-a289-16ce83a6376d,219WT,,0,1,1589775740759,0,0
plugin_ios_activity_recognition,,0,2,0,99fd867d-73c2-4fa7-a289-16ce83a6376d,219WT,,0,0,1589775744921,0,0
plugin_ios_activity_recognition,"[""stationary""]",0,2,0,99fd867d-73c2-4fa7-a289-16ce83a6376d,219WT,,0,1,1589775765424,0,0
plugin_ios_activity_recognition,,0,2,0,99fd867d-73c2-4fa7-a289-16ce83a6376d,219WT,,0,0,1589775774074,0,0
plugin_ios_activity_recognition,"[""stationary""]",0,2,0,99fd867d-73c2-4fa7-a289-16ce83a6376d,219WT,,0,1,1589775786222,0,0
plugin_ios_activity_recognition,,0,2,0,99fd867d-73c2-4fa7-a289-16ce83a6376d,219WT,,0,0,1589775791981,0,0
plugin_ios_activity_recognition,"[""stationary""]",0,2,0,99fd867d-73c2-4fa7-a289-16ce83a6376d,219WT,,0,1,1589775796773,0,0
plugin_ios_activity_recognition,,0,2,0,99fd867d-73c2-4fa7-a289-16ce83a6376d,219WT,,0,0,1589775797726,0,0
plugin_ios_activity_recognition,"[""stationary""]",0,2,0,99fd867d-73c2-4fa7-a289-16ce83a6376d,219WT,,0,1,1589775805418,0,0
plugin_ios_activity_recognition,,0,2,0,99fd867d-73c2-4fa7-a289-16ce83a6376d,219WT,,0,0,1589775819494,0,0
plugin_ios_activity_recognition,"[""stationary""]",0,2,0,99fd867d-73c2-4fa7-a289-16ce83a6376d,219WT,,0,1,1589775823020,0,0
plugin_ios_activity_recognition,,0,2,0,99fd867d-73c2-4fa7-a289-16ce83a6376d,219WT,,0,0,1589775829431,0,0
plugin_ios_activity_recognition,"[""stationary""]",0,2,0,99fd867d-73c2-4fa7-a289-16ce83a6376d,219WT,,0,1,1589775838394,0,0
plugin_ios_activity_recognition,,0,2,0,99fd867d-73c2-4fa7-a289-16ce83a6376d,219WT,,0,0,1589775849292,0,0
plugin_ios_activity_recognition,"[""stationary""]",0,2,0,99fd867d-73c2-4fa7-a289-16ce83a6376d,219WT,,0,1,1589775858267,0,0
plugin_ios_activity_recognition,,0,2,0,99fd867d-73c2-4fa7-a289-16ce83a6376d,219WT,,0,0,1589775867228,0,0
plugin_ios_activity_recognition,"[""stationary""]",0,2,0,99fd867d-73c2-4fa7-a289-16ce83a6376d,219WT,,0,1,1589775880307,0,0
plugin_ios_activity_recognition,,0,2,0,99fd867d-73c2-4fa7-a289-16ce83a6376d,219WT,,0,0,1589775881899,0,0
plugin_ios_activity_recognition,"[""stationary""]",0,2,0,99fd867d-73c2-4fa7-a289-16ce83a6376d,219WT,,0,1,1589775896296,0,0
plugin_ios_activity_recognition,,0,2,0,99fd867d-73c2-4fa7-a289-16ce83a6376d,219WT,,0,0,1589775905584,0,0
plugin_ios_activity_recognition,"[""stationary""]",0,2,0,99fd867d-73c2-4fa7-a289-16ce83a6376d,219WT,,0,1,1589775911027,0,0
plugin_ios_activity_recognition,,0,2,0,99fd867d-73c2-4fa7-a289-16ce83a6376d,219WT,,0,0,1589775912623,0,0
plugin_ios_activity_recognition,"[""stationary""]",0,2,0,99fd867d-73c2-4fa7-a289-16ce83a6376d,219WT,,0,1,1589775942674,0,0
plugin_ios_activity_recognition,,0,2,0,99fd867d-73c2-4fa7-a289-16ce83a6376d,219WT,,0,0,1589775944278,0,0
plugin_ios_activity_recognition,"[""stationary""]",0,2,0,99fd867d-73c2-4fa7-a289-16ce83a6376d,219WT,,0,1,1589775948445,0,0
plugin_ios_activity_recognition,,0,2,0,99fd867d-73c2-4fa7-a289-16ce83a6376d,219WT,,0,0,1589775985306,0,0
plugin_ios_activity_recognition,"[""stationary""]",0,2,0,99fd867d-73c2-4fa7-a289-16ce83a6376d,219WT,,0,1,1589775990412,0,0
plugin_ios_activity_recognition,"[""stationary""]",0,2,0,99fd867d-73c2-4fa7-a289-16ce83a6376d,219WT,supplement,0,1,1589776050412,0,0
plugin_ios_activity_recognition,"[""stationary""]",0,2,0,99fd867d-73c2-4fa7-a289-16ce83a6376d,219WT,supplement,0,1,1589776110412,0,0
plugin_ios_activity_recognition,"[""stationary""]",0,2,0,99fd867d-73c2-4fa7-a289-16ce83a6376d,219WT,supplement,0,1,1589776170412,0,0
plugin_ios_activity_recognition,,0,2,0,99fd867d-73c2-4fa7-a289-16ce83a6376d,219WT,,0,0,1589776217282,0,0
plugin_ios_activity_recognition,"[""stationary""]",0,2,0,99fd867d-73c2-4fa7-a289-16ce83a6376d,219WT,,0,1,1589776227178,0,0
plugin_ios_activity_recognition,"[""stationary""]",0,2,0,99fd867d-73c2-4fa7-a289-16ce83a6376d,219WT,supplement,0,1,1589776230412,0,0
plugin_ios_activity_recognition,,0,2,0,99fd867d-73c2-4fa7-a289-16ce83a6376d,219WT,,0,0,1589776258551,0,0
plugin_ios_activity_recognition,"[""stationary""]",0,2,0,99fd867d-73c2-4fa7-a289-16ce83a6376d,219WT,,0,1,1589776271664,0,0
plugin_ios_activity_recognition,,0,2,0,99fd867d-73c2-4fa7-a289-16ce83a6376d,219WT,,0,0,1589776275510,0,0
plugin_ios_activity_recognition,"[""stationary""]",0,2,0,99fd867d-73c2-4fa7-a289-16ce83a6376d,219WT,,0,1,1589776284471,0,0
plugin_ios_activity_recognition,"[""stationary""]",0,2,0,99fd867d-73c2-4fa7-a289-16ce83a6376d,219WT,supplement,0,1,1589776344471,0,0
plugin_ios_activity_recognition,"[""stationary""]",0,2,0,99fd867d-73c2-4fa7-a289-16ce83a6376d,219WT,supplement,0,1,1589776404471,0,0
plugin_ios_activity_recognition,,0,2,0,99fd867d-73c2-4fa7-a289-16ce83a6376d,219WT,,0,0,1589776405284,0,0
plugin_ios_activity_recognition,"[""stationary""]",0,2,0,99fd867d-73c2-4fa7-a289-16ce83a6376d,219WT,,0,1,1589776413931,0,0
plugin_ios_activity_recognition,,0,2,0,99fd867d-73c2-4fa7-a289-16ce83a6376d,219WT,,0,0,1589776425148,0,0
plugin_ios_activity_recognition,"[""stationary""]",0,2,0,99fd867d-73c2-4fa7-a289-16ce83a6376d,219WT,,0,1,1589776444993,0,0
plugin_ios_activity_recognition,,0,2,0,99fd867d-73c2-4fa7-a289-16ce83a6376d,219WT,,0,0,1589776463903,0,0
plugin_ios_activity_recognition,"[""stationary""]",0,2,0,99fd867d-73c2-4fa7-a289-16ce83a6376d,219WT,supplement,0,1,1589776464471,0,0
plugin_ios_activity_recognition,"[""stationary""]",0,2,0,99fd867d-73c2-4fa7-a289-16ce83a6376d,219WT,,0,1,1589776467428,0,0
plugin_ios_activity_recognition,,0,2,0,99fd867d-73c2-4fa7-a289-16ce83a6376d,219WT,,0,0,1589776473196,0,0
plugin_ios_activity_recognition,"[""stationary""]",0,2,0,99fd867d-73c2-4fa7-a289-16ce83a6376d,219WT,,0,1,1589776477993,0,0
plugin_ios_activity_recognition,,0,2,0,99fd867d-73c2-4fa7-a289-16ce83a6376d,219WT,,0,0,1589776483766,0,0
plugin_ios_activity_recognition,"[""stationary""]",0,2,0,99fd867d-73c2-4fa7-a289-16ce83a6376d,219WT,,0,1,1589776488570,0,0
plugin_ios_activity_recognition,,0,2,0,99fd867d-73c2-4fa7-a289-16ce83a6376d,219WT,,0,0,1589776498825,0,0
plugin_ios_activity_recognition,"[""stationary""]",0,2,0,99fd867d-73c2-4fa7-a289-16ce83a6376d,219WT,,0,1,1589776504594,0,0
plugin_ios_activity_recognition,,0,2,0,99fd867d-73c2-4fa7-a289-16ce83a6376d,219WT,,0,0,1589776505552,0,0
plugin_ios_activity_recognition,"[""stationary""]",0,2,0,99fd867d-73c2-4fa7-a289-16ce83a6376d,219WT,,0,1,1589776514174,0,0
plugin_ios_activity_recognition,"[""stationary""]",0,2,0,99fd867d-73c2-4fa7-a289-16ce83a6376d,219WT,supplement,0,1,1589776574174,0,0
plugin_ios_activity_recognition,,0,2,0,99fd867d-73c2-4fa7-a289-16ce83a6376d,219WT,,0,0,1589776599419,0,0
plugin_ios_activity_recognition,"[""stationary""]",0,2,0,99fd867d-73c2-4fa7-a289-16ce83a6376d,219WT,,0,1,1589776603898,0,0
plugin_ios_activity_recognition,"[""stationary""]",0,2,0,99fd867d-73c2-4fa7-a289-16ce83a6376d,219WT,supplement,0,1,1589776634174,0,0
plugin_ios_activity_recognition,,0,2,0,99fd867d-73c2-4fa7-a289-16ce83a6376d,219WT,,0,0,1589776637220,0,0
plugin_ios_activity_recognition,"[""stationary""]",0,2,0,99fd867d-73c2-4fa7-a289-16ce83a6376d,219WT,,0,1,1589776641383,0,0
plugin_ios_activity_recognition,,0,2,0,99fd867d-73c2-4fa7-a289-16ce83a6376d,219WT,,0,0,1589776665416,0,0
plugin_ios_activity_recognition,"[""stationary""]",0,2,0,99fd867d-73c2-4fa7-a289-16ce83a6376d,219WT,,0,1,1589776717479,0,0
plugin_ios_activity_recognition,,0,2,0,99fd867d-73c2-4fa7-a289-16ce83a6376d,219WT,,0,0,1589776719075,0,0
plugin_ios_activity_recognition,,0,2,0,99fd867d-73c2-4fa7-a289-16ce83a6376d,219WT,supplement,0,0,1589776779075,0,0
plugin_ios_activity_recognition,"[""stationary""]",0,2,0,99fd867d-73c2-4fa7-a289-16ce83a6376d,219WT,,0,1,1589776792643,0,0
plugin_ios_activity_recognition,,0,2,0,99fd867d-73c2-4fa7-a289-16ce83a6376d,219WT,,0,0,1589776798090,0,0
plugin_ios_activity_recognition,"[""stationary""]",0,2,0,99fd867d-73c2-4fa7-a289-16ce83a6376d,219WT,,0,1,1589776802256,0,0
plugin_ios_activity_recognition,,0,2,0,99fd867d-73c2-4fa7-a289-16ce83a6376d,219WT,supplement,0,0,1589776839075,0,0
plugin_ios_activity_recognition,,0,2,0,99fd867d-73c2-4fa7-a289-16ce83a6376d,219WT,,0,0,1589776840385,0,0
plugin_ios_activity_recognition,"[""stationary""]",0,2,0,99fd867d-73c2-4fa7-a289-16ce83a6376d,219WT,,0,1,1589776852219,0,0
plugin_ios_activity_recognition,,0,2,0,99fd867d-73c2-4fa7-a289-16ce83a6376d,219WT,,0,0,1589776869845,0,0
plugin_ios_activity_recognition,"[""stationary""]",0,2,0,99fd867d-73c2-4fa7-a289-16ce83a6376d,219WT,,0,1,1589776885167,0,0
plugin_ios_activity_recognition,,0,2,0,99fd867d-73c2-4fa7-a289-16ce83a6376d,219WT,,0,0,1589776887726,0,0
plugin_ios_activity_recognition,"[""stationary""]",0,2,0,99fd867d-73c2-4fa7-a289-16ce83a6376d,219WT,,0,1,1589776893170,0,0
plugin_ios_activity_recognition,,0,2,0,99fd867d-73c2-4fa7-a289-16ce83a6376d,219WT,,0,0,1589776903748,0,0
plugin_ios_activity_recognition,"[""stationary""]",0,2,0,99fd867d-73c2-4fa7-a289-16ce83a6376d,219WT,,0,1,1589776911439,0,0
plugin_ios_activity_recognition,,0,2,0,99fd867d-73c2-4fa7-a289-16ce83a6376d,219WT,,0,0,1589776914304,0,0
plugin_ios_activity_recognition,"[""stationary""]",0,2,0,99fd867d-73c2-4fa7-a289-16ce83a6376d,219WT,,0,1,1589776926463,0,0
plugin_ios_activity_recognition,,0,2,0,99fd867d-73c2-4fa7-a289-16ce83a6376d,219WT,,0,0,1589776927424,0,0
plugin_ios_activity_recognition,"[""stationary""]",0,2,0,99fd867d-73c2-4fa7-a289-16ce83a6376d,219WT,,0,1,1589776934139,0,0
plugin_ios_activity_recognition,"[""stationary""]",0,2,0,99fd867d-73c2-4fa7-a289-16ce83a6376d,219WT,supplement,0,1,1589776994139,0,0
plugin_ios_activity_recognition,"[""stationary""]",0,2,0,99fd867d-73c2-4fa7-a289-16ce83a6376d,219WT,supplement,0,1,1589777054139,0,0
plugin_ios_activity_recognition,,0,2,0,99fd867d-73c2-4fa7-a289-16ce83a6376d,219WT,,0,0,1589777054938,0,0
plugin_ios_activity_recognition,"[""stationary""]",0,2,0,99fd867d-73c2-4fa7-a289-16ce83a6376d,219WT,,0,1,1589777060679,0,0
plugin_ios_activity_recognition,,0,2,0,99fd867d-73c2-4fa7-a289-16ce83a6376d,219WT,,0,0,1589777095599,0,0
plugin_ios_activity_recognition,"[""stationary""]",0,2,0,99fd867d-73c2-4fa7-a289-16ce83a6376d,219WT,,0,1,1589777101044,0,0
plugin_ios_activity_recognition,"[""stationary""]",0,2,0,99fd867d-73c2-4fa7-a289-16ce83a6376d,219WT,supplement,0,1,1589777114139,0,0
plugin_ios_activity_recognition,,0,2,0,99fd867d-73c2-4fa7-a289-16ce83a6376d,219WT,,0,0,1589777128921,0,0
plugin_ios_activity_recognition,"[""stationary""]",0,2,0,99fd867d-73c2-4fa7-a289-16ce83a6376d,219WT,,0,1,1589777150639,0,0
plugin_ios_activity_recognition,,0,2,0,99fd867d-73c2-4fa7-a289-16ce83a6376d,219WT,,0,0,1589777153830,0,0
plugin_ios_activity_recognition,"[""stationary""]",0,2,0,99fd867d-73c2-4fa7-a289-16ce83a6376d,219WT,,0,1,1589777171086,0,0
plugin_ios_activity_recognition,,0,2,0,99fd867d-73c2-4fa7-a289-16ce83a6376d,219WT,,0,0,1589777172360,0,0
plugin_ios_activity_recognition,"[""stationary""]",0,2,0,99fd867d-73c2-4fa7-a289-16ce83a6376d,219WT,,0,1,1589777208151,0,0
plugin_ios_activity_recognition,,0,2,0,99fd867d-73c2-4fa7-a289-16ce83a6376d,219WT,,0,0,1589777222887,0,0
plugin_ios_activity_recognition,"[""stationary""]",0,2,0,99fd867d-73c2-4fa7-a289-16ce83a6376d,219WT,,0,1,1589777261263,0,0
plugin_ios_activity_recognition,,0,2,0,99fd867d-73c2-4fa7-a289-16ce83a6376d,219WT,,0,0,1589777265746,0,0
plugin_ios_activity_recognition,"[""stationary""]",0,2,0,99fd867d-73c2-4fa7-a289-16ce83a6376d,219WT,,0,1,1589777320393,0,0
plugin_ios_activity_recognition,,0,2,0,99fd867d-73c2-4fa7-a289-16ce83a6376d,219WT,,0,0,1589777350825,0,0
plugin_ios_activity_recognition,"[""stationary""]",0,2,0,99fd867d-73c2-4fa7-a289-16ce83a6376d,219WT,,0,1,1589777363607,0,0
plugin_ios_activity_recognition,,0,2,0,99fd867d-73c2-4fa7-a289-16ce83a6376d,219WT,,0,0,1589777364572,0,0
plugin_ios_activity_recognition,"[""stationary""]",0,2,0,99fd867d-73c2-4fa7-a289-16ce83a6376d,219WT,,0,1,1589777370016,0,0
plugin_ios_activity_recognition,,0,2,0,99fd867d-73c2-4fa7-a289-16ce83a6376d,219WT,,0,0,1589777401395,0,0
plugin_ios_activity_recognition,"[""stationary""]",0,2,0,99fd867d-73c2-4fa7-a289-16ce83a6376d,219WT,,0,1,1589777407484,0,0
plugin_ios_activity_recognition,,0,2,0,99fd867d-73c2-4fa7-a289-16ce83a6376d,219WT,,0,0,1589777413573,0,0
plugin_ios_activity_recognition,"[""stationary""]",0,2,0,99fd867d-73c2-4fa7-a289-16ce83a6376d,219WT,,0,1,1589777424449,0,0
plugin_ios_activity_recognition,,0,2,0,99fd867d-73c2-4fa7-a289-16ce83a6376d,219WT,,0,0,1589777430538,0,0
plugin_ios_activity_recognition,"[""stationary""]",0,2,0,99fd867d-73c2-4fa7-a289-16ce83a6376d,219WT,,0,1,1589777436618,0,0
plugin_ios_activity_recognition,,0,2,0,99fd867d-73c2-4fa7-a289-16ce83a6376d,219WT,,0,0,1589777446216,0,0
plugin_ios_activity_recognition,"[""stationary""]",0,2,0,99fd867d-73c2-4fa7-a289-16ce83a6376d,219WT,,0,1,1589777457708,0,0
plugin_ios_activity_recognition,,0,2,0,99fd867d-73c2-4fa7-a289-16ce83a6376d,219WT,,0,0,1589777500967,0,0
plugin_ios_activity_recognition,"[""stationary""]",0,2,0,99fd867d-73c2-4fa7-a289-16ce83a6376d,219WT,,0,1,1589777505773,0,0
plugin_ios_activity_recognition,"[""stationary""]",0,2,0,99fd867d-73c2-4fa7-a289-16ce83a6376d,219WT,supplement,0,1,1589777565773,0,0
plugin_ios_activity_recognition,"[""stationary""]",0,2,0,99fd867d-73c2-4fa7-a289-16ce83a6376d,219WT,supplement,0,1,1589777625773,0,0
plugin_ios_activity_recognition,,0,2,0,99fd867d-73c2-4fa7-a289-16ce83a6376d,219WT,,0,0,1589777667895,0,0
plugin_ios_activity_recognition,"[""stationary""]",0,2,0,99fd867d-73c2-4fa7-a289-16ce83a6376d,219WT,,0,1,1589777685145,0,0
plugin_ios_activity_recognition,"[""stationary""]",0,2,0,99fd867d-73c2-4fa7-a289-16ce83a6376d,219WT,supplement,0,1,1589777685773,0,0
plugin_ios_activity_recognition,,0,2,0,99fd867d-73c2-4fa7-a289-16ce83a6376d,219WT,,0,0,1589777697321,0,0
plugin_ios_activity_recognition,"[""stationary""]",0,2,0,99fd867d-73c2-4fa7-a289-16ce83a6376d,219WT,,0,1,1589777702128,0,0
plugin_ios_activity_recognition,,0,2,0,99fd867d-73c2-4fa7-a289-16ce83a6376d,219WT,,0,0,1589777704050,0,0
plugin_ios_activity_recognition,"[""stationary""]",0,2,0,99fd867d-73c2-4fa7-a289-16ce83a6376d,219WT,,0,1,1589777707899,0,0
plugin_ios_activity_recognition,,0,2,0,99fd867d-73c2-4fa7-a289-16ce83a6376d,219WT,,0,0,1589777720715,0,0
plugin_ios_activity_recognition,"[""stationary""]",0,2,0,99fd867d-73c2-4fa7-a289-16ce83a6376d,219WT,,0,1,1589777728373,0,0
plugin_ios_activity_recognition,,0,2,0,99fd867d-73c2-4fa7-a289-16ce83a6376d,219WT,,0,0,1589777762296,0,0
plugin_ios_activity_recognition,"[""stationary""]",0,2,0,99fd867d-73c2-4fa7-a289-16ce83a6376d,219WT,,0,1,1589777767408,0,0
plugin_ios_activity_recognition,"[""stationary""]",0,2,0,99fd867d-73c2-4fa7-a289-16ce83a6376d,219WT,supplement,0,1,1589777827408,0,0
plugin_ios_activity_recognition,,0,2,0,99fd867d-73c2-4fa7-a289-16ce83a6376d,219WT,,0,0,1589777837570,0,0
plugin_ios_activity_recognition,"[""stationary""]",0,2,0,99fd867d-73c2-4fa7-a289-16ce83a6376d,219WT,,0,1,1589777847165,0,0
plugin_ios_activity_recognition,,0,2,0,99fd867d-73c2-4fa7-a289-16ce83a6376d,219WT,,0,0,1589777860624,0,0
plugin_ios_activity_recognition,"[""stationary""]",0,2,0,99fd867d-73c2-4fa7-a289-16ce83a6376d,219WT,supplement,0,1,1589777887408,0,0
plugin_ios_activity_recognition,"[""stationary""]",0,2,0,99fd867d-73c2-4fa7-a289-16ce83a6376d,219WT,,0,1,1589777890686,0,0
plugin_ios_activity_recognition,,0,2,0,99fd867d-73c2-4fa7-a289-16ce83a6376d,219WT,,0,0,1589777912795,0,0
plugin_ios_activity_recognition,"[""stationary""]",0,2,0,99fd867d-73c2-4fa7-a289-16ce83a6376d,219WT,,0,1,1589777923356,0,0
plugin_ios_activity_recognition,,0,2,0,99fd867d-73c2-4fa7-a289-16ce83a6376d,219WT,,0,0,1589777943225,0,0
plugin_ios_activity_recognition,"[""stationary""]",0,2,0,99fd867d-73c2-4fa7-a289-16ce83a6376d,219WT,,0,1,1589777949635,0,0
plugin_ios_activity_recognition,,0,2,0,99fd867d-73c2-4fa7-a289-16ce83a6376d,219WT,,0,0,1589777975267,0,0
plugin_ios_activity_recognition,"[""stationary""]",0,2,0,99fd867d-73c2-4fa7-a289-16ce83a6376d,219WT,,0,1,1589777991261,0,0
plugin_ios_activity_recognition,,0,2,0,99fd867d-73c2-4fa7-a289-16ce83a6376d,219WT,,0,0,1589777996696,0,0
plugin_ios_activity_recognition,,0,2,0,99fd867d-73c2-4fa7-a289-16ce83a6376d,219WT,supplement,0,0,1589778056696,0,0
plugin_ios_activity_recognition,"[""stationary""]",0,2,0,99fd867d-73c2-4fa7-a289-16ce83a6376d,219WT,,0,1,1589778072419,0,0
plugin_ios_activity_recognition,,0,2,0,99fd867d-73c2-4fa7-a289-16ce83a6376d,219WT,,0,0,1589778098994,0,0
plugin_ios_activity_recognition,"[""stationary""]",0,2,0,99fd867d-73c2-4fa7-a289-16ce83a6376d,219WT,,0,1,1589778105071,0,0
plugin_ios_activity_recognition,,0,2,0,99fd867d-73c2-4fa7-a289-16ce83a6376d,219WT,supplement,0,0,1589778116696,0,0
plugin_ios_activity_recognition,,0,2,0,99fd867d-73c2-4fa7-a289-16ce83a6376d,219WT,,0,0,1589778135190,0,0
plugin_ios_activity_recognition,"[""stationary""]",0,2,0,99fd867d-73c2-4fa7-a289-16ce83a6376d,219WT,,0,1,1589778172000,0,0
plugin_ios_activity_recognition,,0,2,0,99fd867d-73c2-4fa7-a289-16ce83a6376d,219WT,,0,0,1589778183200,0,0
plugin_ios_activity_recognition,"[""stationary""]",0,2,0,99fd867d-73c2-4fa7-a289-16ce83a6376d,219WT,,0,1,1589778190565,0,0
plugin_ios_activity_recognition,,0,2,0,99fd867d-73c2-4fa7-a289-16ce83a6376d,219WT,,0,0,1589778239600,0,0
plugin_ios_activity_recognition,"[""stationary""]",0,2,0,99fd867d-73c2-4fa7-a289-16ce83a6376d,219WT,,0,1,1589778247934,0,0
plugin_ios_activity_recognition,,0,2,0,99fd867d-73c2-4fa7-a289-16ce83a6376d,219WT,,0,0,1589778254024,0,0
plugin_ios_activity_recognition,"[""stationary""]",0,2,0,99fd867d-73c2-4fa7-a289-16ce83a6376d,219WT,,0,1,1589778302376,0,0
plugin_ios_activity_recognition,,0,2,0,99fd867d-73c2-4fa7-a289-16ce83a6376d,219WT,,0,0,1589778307186,0,0
plugin_ios_activity_recognition,"[""stationary""]",0,2,0,99fd867d-73c2-4fa7-a289-16ce83a6376d,219WT,,0,1,1589778332171,0,0
plugin_ios_activity_recognition,,0,2,0,99fd867d-73c2-4fa7-a289-16ce83a6376d,219WT,,0,0,1589778334735,0,0
plugin_ios_activity_recognition,,0,2,0,99fd867d-73c2-4fa7-a289-16ce83a6376d,219WT,supplement,0,0,1589778394735,0,0
plugin_ios_activity_recognition,"[""stationary""]",0,2,0,99fd867d-73c2-4fa7-a289-16ce83a6376d,219WT,,0,1,1589778406621,0,0
plugin_ios_activity_recognition,,0,2,0,99fd867d-73c2-4fa7-a289-16ce83a6376d,219WT,,0,0,1589778407263,0,0
plugin_ios_activity_recognition,"[""stationary""]",0,2,0,99fd867d-73c2-4fa7-a289-16ce83a6376d,219WT,,0,1,1589778410788,0,0
plugin_ios_activity_recognition,,0,2,0,99fd867d-73c2-4fa7-a289-16ce83a6376d,219WT,,0,0,1589778417515,0,0
plugin_ios_activity_recognition,"[""stationary""]",0,2,0,99fd867d-73c2-4fa7-a289-16ce83a6376d,219WT,,0,1,1589778430293,0,0
plugin_ios_activity_recognition,,0,2,0,99fd867d-73c2-4fa7-a289-16ce83a6376d,219WT,,0,0,1589778451764,0,0
plugin_ios_activity_recognition,,0,2,0,99fd867d-73c2-4fa7-a289-16ce83a6376d,219WT,supplement,0,0,1589778454735,0,0
plugin_ios_activity_recognition,"[""stationary""]",0,2,0,99fd867d-73c2-4fa7-a289-16ce83a6376d,219WT,,0,1,1589778458802,0,0
plugin_ios_activity_recognition,,0,2,0,99fd867d-73c2-4fa7-a289-16ce83a6376d,219WT,,0,0,1589778501407,0,0
plugin_ios_activity_recognition,"[""stationary""]",0,2,0,99fd867d-73c2-4fa7-a289-16ce83a6376d,219WT,,0,1,1589778527235,0,0
plugin_ios_activity_recognition,,0,2,0,99fd867d-73c2-4fa7-a289-16ce83a6376d,219WT,,0,0,1589778539406,0,0
plugin_ios_activity_recognition,"[""walking""]",0,2,0,99fd867d-73c2-4fa7-a289-16ce83a6376d,219WT,,0,0,1589778550268,0,1
plugin_ios_activity_recognition,,0,2,0,99fd867d-73c2-4fa7-a289-16ce83a6376d,219WT,,0,0,1589778555386,0,0
plugin_ios_activity_recognition,,0,2,0,99fd867d-73c2-4fa7-a289-16ce83a6376d,219WT,supplement,0,0,1589778615386,0,0
plugin_ios_activity_recognition,"[""stationary""]",0,2,0,99fd867d-73c2-4fa7-a289-16ce83a6376d,219WT,,0,1,1589778620506,0,0
plugin_ios_activity_recognition,,0,2,0,99fd867d-73c2-4fa7-a289-16ce83a6376d,219WT,,0,0,1589778622427,0,0
plugin_ios_activity_recognition,"[""stationary""]",0,2,0,99fd867d-73c2-4fa7-a289-16ce83a6376d,219WT,,0,1,1589778627868,0,0
plugin_ios_activity_recognition,,0,2,0,99fd867d-73c2-4fa7-a289-16ce83a6376d,219WT,,0,0,1589778641006,0,0
plugin_ios_activity_recognition,"[""stationary""]",0,2,0,99fd867d-73c2-4fa7-a289-16ce83a6376d,219WT,,0,1,1589778668445,0,0
plugin_ios_activity_recognition,,0,2,0,99fd867d-73c2-4fa7-a289-16ce83a6376d,219WT,,0,0,1589778669723,0,0
plugin_ios_activity_recognition,"[""stationary""]",0,2,0,99fd867d-73c2-4fa7-a289-16ce83a6376d,219WT,,0,1,1589778674522,0,0
plugin_ios_activity_recognition,,0,2,0,99fd867d-73c2-4fa7-a289-16ce83a6376d,219WT,,0,0,1589778675163,0,0
plugin_ios_activity_recognition,,0,2,0,99fd867d-73c2-4fa7-a289-16ce83a6376d,219WT,supplement,0,0,1589778675386,0,0
plugin_ios_activity_recognition,"[""stationary""]",0,2,0,99fd867d-73c2-4fa7-a289-16ce83a6376d,219WT,,0,1,1589778678689,0,0
plugin_ios_activity_recognition,,0,2,0,99fd867d-73c2-4fa7-a289-16ce83a6376d,219WT,,0,0,1589778687328,0,0
plugin_ios_activity_recognition,"[""stationary""]",0,2,0,99fd867d-73c2-4fa7-a289-16ce83a6376d,219WT,,0,1,1589778694987,0,0
plugin_ios_activity_recognition,"[""stationary""]",0,2,0,99fd867d-73c2-4fa7-a289-16ce83a6376d,219WT,supplement,0,1,1589778754987,0,0
plugin_ios_activity_recognition,,0,2,0,99fd867d-73c2-4fa7-a289-16ce83a6376d,219WT,,0,0,1589778764209,0,0
plugin_ios_activity_recognition,"[""stationary""]",0,2,0,99fd867d-73c2-4fa7-a289-16ce83a6376d,219WT,,0,1,1589778769649,0,0
plugin_ios_activity_recognition,,0,2,0,99fd867d-73c2-4fa7-a289-16ce83a6376d,219WT,,0,0,1589778783105,0,0
plugin_ios_activity_recognition,"[""stationary""]",0,2,0,99fd867d-73c2-4fa7-a289-16ce83a6376d,219WT,,0,1,1589778789832,0,0
plugin_ios_activity_recognition,,0,2,0,99fd867d-73c2-4fa7-a289-16ce83a6376d,219WT,,0,0,1589778790470,0,0
plugin_ios_activity_recognition,"[""stationary""]",0,2,0,99fd867d-73c2-4fa7-a289-16ce83a6376d,219WT,,0,1,1589778803888,0,0
plugin_ios_activity_recognition,"[""stationary""]",0,2,0,99fd867d-73c2-4fa7-a289-16ce83a6376d,219WT,supplement,0,1,1589778814987,0,0
plugin_ios_activity_recognition,,0,2,0,99fd867d-73c2-4fa7-a289-16ce83a6376d,219WT,,0,0,1589778851643,0,0
plugin_ios_activity_recognition,"[""stationary""]",0,2,0,99fd867d-73c2-4fa7-a289-16ce83a6376d,219WT,,0,1,1589778858363,0,0
plugin_ios_activity_recognition,,0,2,0,99fd867d-73c2-4fa7-a289-16ce83a6376d,219WT,,0,0,1589778911868,0,0
plugin_ios_activity_recognition,"[""stationary""]",0,2,0,99fd867d-73c2-4fa7-a289-16ce83a6376d,219WT,,0,1,1589778921779,0,0
plugin_ios_activity_recognition,,0,2,0,99fd867d-73c2-4fa7-a289-16ce83a6376d,219WT,,0,0,1589778924655,0,0
plugin_ios_activity_recognition,"[""stationary""]",0,2,0,99fd867d-73c2-4fa7-a289-16ce83a6376d,219WT,,0,1,1589778929139,0,0
plugin_ios_activity_recognition,,0,2,0,99fd867d-73c2-4fa7-a289-16ce83a6376d,219WT,,0,0,1589778930736,0,0
plugin_ios_activity_recognition,"[""stationary""]",0,2,0,99fd867d-73c2-4fa7-a289-16ce83a6376d,219WT,,0,1,1589778934894,0,0
plugin_ios_activity_recognition,,0,2,0,99fd867d-73c2-4fa7-a289-16ce83a6376d,219WT,,0,0,1589778938099,0,0
plugin_ios_activity_recognition,"[""stationary""]",0,2,0,99fd867d-73c2-4fa7-a289-16ce83a6376d,219WT,,0,1,1589778949931,0,0
plugin_ios_activity_recognition,,0,2,0,99fd867d-73c2-4fa7-a289-16ce83a6376d,219WT,,0,0,1589778996369,0,0
plugin_ios_activity_recognition,"[""stationary""]",0,2,0,99fd867d-73c2-4fa7-a289-16ce83a6376d,219WT,,0,1,1589779000536,0,0
plugin_ios_activity_recognition,,0,2,0,99fd867d-73c2-4fa7-a289-16ce83a6376d,219WT,,0,0,1589779043480,0,0
plugin_ios_activity_recognition,"[""stationary""]",0,2,0,99fd867d-73c2-4fa7-a289-16ce83a6376d,219WT,,0,1,1589779047633,0,0
plugin_ios_activity_recognition,,0,2,0,99fd867d-73c2-4fa7-a289-16ce83a6376d,219WT,,0,0,1589779055640,0,0
plugin_ios_activity_recognition,"[""stationary""]",0,2,0,99fd867d-73c2-4fa7-a289-16ce83a6376d,219WT,,0,1,1589779070302,0,0
plugin_ios_activity_recognition,,0,2,0,99fd867d-73c2-4fa7-a289-16ce83a6376d,219WT,,0,0,1589779077353,0,0
plugin_ios_activity_recognition,"[""stationary""]",0,2,0,99fd867d-73c2-4fa7-a289-16ce83a6376d,219WT,,0,1,1589779085664,0,0
plugin_ios_activity_recognition,,0,2,0,99fd867d-73c2-4fa7-a289-16ce83a6376d,219WT,,0,0,1589779101692,0,0
plugin_ios_activity_recognition,"[""stationary""]",0,2,0,99fd867d-73c2-4fa7-a289-16ce83a6376d,219WT,,0,1,1589779105862,0,0
plugin_ios_activity_recognition,,0,2,0,99fd867d-73c2-4fa7-a289-16ce83a6376d,219WT,,0,0,1589779163551,0,0
plugin_ios_activity_recognition,"[""stationary""]",0,2,0,99fd867d-73c2-4fa7-a289-16ce83a6376d,219WT,,0,1,1589779182739,0,0
plugin_ios_activity_recognition,,0,2,0,99fd867d-73c2-4fa7-a289-16ce83a6376d,219WT,,0,0,1589779191390,0,0
plugin_ios_activity_recognition,"[""stationary""]",0,2,0,99fd867d-73c2-4fa7-a289-16ce83a6376d,219WT,,0,1,1589779195560,0,0
plugin_ios_activity_recognition,,0,2,0,99fd867d-73c2-4fa7-a289-16ce83a6376d,219WT,,0,0,1589779220551,0,0
plugin_ios_activity_recognition,"[""stationary""]",0,2,0,99fd867d-73c2-4fa7-a289-16ce83a6376d,219WT,,0,1,1589779231752,0,0
plugin_ios_activity_recognition,,0,2,0,99fd867d-73c2-4fa7-a289-16ce83a6376d,219WT,,0,0,1589779273408,0,0
plugin_ios_activity_recognition,"[""stationary""]",0,2,0,99fd867d-73c2-4fa7-a289-16ce83a6376d,219WT,,0,1,1589779278212,0,0
plugin_ios_activity_recognition,,0,2,0,99fd867d-73c2-4fa7-a289-16ce83a6376d,219WT,,0,0,1589779311841,0,0
plugin_ios_activity_recognition,"[""stationary""]",0,2,0,99fd867d-73c2-4fa7-a289-16ce83a6376d,219WT,,0,1,1589779320799,0,0
plugin_ios_activity_recognition,,0,2,0,99fd867d-73c2-4fa7-a289-16ce83a6376d,219WT,,0,0,1589779334903,0,0
plugin_ios_activity_recognition,"[""stationary""]",0,2,0,99fd867d-73c2-4fa7-a289-16ce83a6376d,219WT,,0,1,1589779346102,0,0
plugin_ios_activity_recognition,,0,2,0,99fd867d-73c2-4fa7-a289-16ce83a6376d,219WT,,0,0,1589779349605,0,0
plugin_ios_activity_recognition,"[""stationary""]",0,2,0,99fd867d-73c2-4fa7-a289-16ce83a6376d,219WT,,0,1,1589779355352,0,0
plugin_ios_activity_recognition,,0,2,0,99fd867d-73c2-4fa7-a289-16ce83a6376d,219WT,,0,0,1589779396701,0,0
plugin_ios_activity_recognition,"[""stationary""]",0,2,0,99fd867d-73c2-4fa7-a289-16ce83a6376d,219WT,,0,1,1589779403727,0,0
plugin_ios_activity_recognition,"[""stationary""]",0,2,0,99fd867d-73c2-4fa7-a289-16ce83a6376d,219WT,supplement,0,1,1589779463727,0,0
plugin_ios_activity_recognition,,0,2,0,99fd867d-73c2-4fa7-a289-16ce83a6376d,219WT,,0,0,1589779517831,0,0
plugin_ios_activity_recognition,"[""stationary""]",0,2,0,99fd867d-73c2-4fa7-a289-16ce83a6376d,219WT,supplement,0,1,1589779523727,0,0
plugin_ios_activity_recognition,,0,2,0,99fd867d-73c2-4fa7-a289-16ce83a6376d,219WT,supplement,0,0,1589779577831,0,0
plugin_ios_activity_recognition,,0,2,0,99fd867d-73c2-4fa7-a289-16ce83a6376d,219WT,supplement,0,0,1589779637831,0,0
plugin_ios_activity_recognition,"[""stationary""]",0,2,0,99fd867d-73c2-4fa7-a289-16ce83a6376d,219WT,,0,1,1589779640865,0,0
plugin_ios_activity_recognition,,0,2,0,99fd867d-73c2-4fa7-a289-16ce83a6376d,219WT,,0,0,1589779655279,0,0
plugin_ios_activity_recognition,"[""stationary""]",0,2,0,99fd867d-73c2-4fa7-a289-16ce83a6376d,219WT,,0,1,1589779680167,0,0
plugin_ios_activity_recognition,,0,2,0,99fd867d-73c2-4fa7-a289-16ce83a6376d,219WT,,0,0,1589779694562,0,0
plugin_ios_activity_recognition,,0,2,0,99fd867d-73c2-4fa7-a289-16ce83a6376d,219WT,supplement,0,0,1589779697831,0,0
plugin_ios_activity_recognition,,0,2,0,99fd867d-73c2-4fa7-a289-16ce83a6376d,219WT,supplement,0,0,1589779754562,0,0
plugin_ios_activity_recognition,"[""stationary""]",0,2,0,99fd867d-73c2-4fa7-a289-16ce83a6376d,219WT,,0,1,1589779806641,0,0
plugin_ios_activity_recognition,,0,2,0,99fd867d-73c2-4fa7-a289-16ce83a6376d,219WT,,0,0,1589779807921,0,0
plugin_ios_activity_recognition,,0,2,0,99fd867d-73c2-4fa7-a289-16ce83a6376d,219WT,supplement,0,0,1589779814562,0,0
plugin_ios_activity_recognition,"[""stationary""]",0,2,0,99fd867d-73c2-4fa7-a289-16ce83a6376d,219WT,,0,1,1589779834393,0,0
plugin_ios_activity_recognition,,0,2,0,99fd867d-73c2-4fa7-a289-16ce83a6376d,219WT,,0,0,1589779841432,0,0
plugin_ios_activity_recognition,"[""stationary""]",0,2,0,99fd867d-73c2-4fa7-a289-16ce83a6376d,219WT,,0,1,1589779847189,0,0
plugin_ios_activity_recognition,,0,2,0,99fd867d-73c2-4fa7-a289-16ce83a6376d,219WT,,0,0,1589779874731,0,0
plugin_ios_activity_recognition,"[""stationary""]",0,2,0,99fd867d-73c2-4fa7-a289-16ce83a6376d,219WT,,0,1,1589779882407,0,0
plugin_ios_activity_recognition,,0,2,0,99fd867d-73c2-4fa7-a289-16ce83a6376d,219WT,,0,0,1589779903474,0,0
plugin_ios_activity_recognition,"[""stationary""]",0,2,0,99fd867d-73c2-4fa7-a289-16ce83a6376d,219WT,,0,1,1589779907003,0,0
plugin_ios_activity_recognition,,0,2,0,99fd867d-73c2-4fa7-a289-16ce83a6376d,219WT,,0,0,1589779907321,0,0
plugin_ios_activity_recognition,"[""stationary""]",0,2,0,99fd867d-73c2-4fa7-a289-16ce83a6376d,219WT,,0,1,1589779917204,0,0
plugin_ios_activity_recognition,,0,2,0,99fd867d-73c2-4fa7-a289-16ce83a6376d,219WT,,0,0,1589779969869,0,0
plugin_ios_activity_recognition,"[""stationary""]",0,2,0,99fd867d-73c2-4fa7-a289-16ce83a6376d,219WT,,0,1,1589779983258,0,0
plugin_ios_activity_recognition,,0,2,0,99fd867d-73c2-4fa7-a289-16ce83a6376d,219WT,,0,0,1589780003412,0,0
plugin_ios_activity_recognition,"[""walking""]",0,1,0,99fd867d-73c2-4fa7-a289-16ce83a6376d,219WT,,0,0,1589780009170,0,1
plugin_ios_activity_recognition,"[""walking""]",0,2,0,99fd867d-73c2-4fa7-a289-16ce83a6376d,219WT,,0,0,1589780011721,0,1
plugin_ios_activity_recognition,"[""stationary""]",0,2,0,99fd867d-73c2-4fa7-a289-16ce83a6376d,219WT,,0,1,1589780030283,0,0
plugin_ios_activity_recognition,,0,2,0,99fd867d-73c2-4fa7-a289-16ce83a6376d,219WT,,0,0,1589780082199,0,0
plugin_ios_activity_recognition,"[""stationary""]",0,2,0,99fd867d-73c2-4fa7-a289-16ce83a6376d,219WT,,0,1,1589780096898,0,0
plugin_ios_activity_recognition,,0,2,0,99fd867d-73c2-4fa7-a289-16ce83a6376d,219WT,,0,0,1589780107792,0,0
plugin_ios_activity_recognition,"[""stationary""]",0,2,0,99fd867d-73c2-4fa7-a289-16ce83a6376d,219WT,,0,1,1589780120270,0,0
plugin_ios_activity_recognition,,0,2,0,99fd867d-73c2-4fa7-a289-16ce83a6376d,219WT,,0,0,1589780122830,0,0
plugin_ios_activity_recognition,"[""stationary""]",0,2,0,99fd867d-73c2-4fa7-a289-16ce83a6376d,219WT,,0,1,1589780131478,0,0
plugin_ios_activity_recognition,,0,2,0,99fd867d-73c2-4fa7-a289-16ce83a6376d,219WT,,0,0,1589780135623,0,0
plugin_ios_activity_recognition,"[""stationary""]",0,2,0,99fd867d-73c2-4fa7-a289-16ce83a6376d,219WT,,0,1,1589780143315,0,0
plugin_ios_activity_recognition,,0,2,0,99fd867d-73c2-4fa7-a289-16ce83a6376d,219WT,,0,0,1589780168302,0,0
plugin_ios_activity_recognition,"[""stationary""]",0,2,0,99fd867d-73c2-4fa7-a289-16ce83a6376d,219WT,,0,1,1589780175018,0,0
plugin_ios_activity_recognition,,0,2,0,99fd867d-73c2-4fa7-a289-16ce83a6376d,219WT,,0,0,1589780179499,0,0
plugin_ios_activity_recognition,"[""stationary""]",0,2,0,99fd867d-73c2-4fa7-a289-16ce83a6376d,219WT,,0,1,1589780215282,0,0
plugin_ios_activity_recognition,,0,2,0,99fd867d-73c2-4fa7-a289-16ce83a6376d,219WT,,0,0,1589780216560,0,0
plugin_ios_activity_recognition,"[""stationary""]",0,2,0,99fd867d-73c2-4fa7-a289-16ce83a6376d,219WT,,0,1,1589780229368,0,0
plugin_ios_activity_recognition,,0,2,0,99fd867d-73c2-4fa7-a289-16ce83a6376d,219WT,,0,0,1589780230959,0,0
plugin_ios_activity_recognition,"[""stationary""]",0,2,0,99fd867d-73c2-4fa7-a289-16ce83a6376d,219WT,,0,1,1589780249214,0,0
plugin_ios_activity_recognition,,0,2,0,99fd867d-73c2-4fa7-a289-16ce83a6376d,219WT,,0,0,1589780261380,0,0
plugin_ios_activity_recognition,"[""stationary""]",0,2,0,99fd867d-73c2-4fa7-a289-16ce83a6376d,219WT,,0,1,1589780265548,0,0
plugin_ios_activity_recognition,,0,2,0,99fd867d-73c2-4fa7-a289-16ce83a6376d,219WT,,0,0,1589780281886,0,0
plugin_ios_activity_recognition,"[""stationary""]",0,2,0,99fd867d-73c2-4fa7-a289-16ce83a6376d,219WT,,0,1,1589780287327,0,0
plugin_ios_activity_recognition,,0,2,0,99fd867d-73c2-4fa7-a289-16ce83a6376d,219WT,,0,0,1589780320325,0,0
plugin_ios_activity_recognition,"[""stationary""]",0,2,0,99fd867d-73c2-4fa7-a289-16ce83a6376d,219WT,,0,1,1589780325124,0,0
plugin_ios_activity_recognition,,0,2,0,99fd867d-73c2-4fa7-a289-16ce83a6376d,219WT,,0,0,1589780328963,0,0
plugin_ios_activity_recognition,"[""stationary""]",0,2,0,99fd867d-73c2-4fa7-a289-16ce83a6376d,219WT,,0,1,1589780335676,0,0
plugin_ios_activity_recognition,,0,2,0,99fd867d-73c2-4fa7-a289-16ce83a6376d,219WT,,0,0,1589780364834,0,0
plugin_ios_activity_recognition,"[""stationary""]",0,2,0,99fd867d-73c2-4fa7-a289-16ce83a6376d,219WT,,0,1,1589780369629,0,0
plugin_ios_activity_recognition,,0,2,0,99fd867d-73c2-4fa7-a289-16ce83a6376d,219WT,,0,0,1589780408361,0,0
plugin_ios_activity_recognition,"[""stationary""]",0,2,0,99fd867d-73c2-4fa7-a289-16ce83a6376d,219WT,,0,1,1589780417320,0,0
plugin_ios_activity_recognition,,0,2,0,99fd867d-73c2-4fa7-a289-16ce83a6376d,219WT,,0,0,1589780450316,0,0
plugin_ios_activity_recognition,"[""stationary""]",0,2,0,99fd867d-73c2-4fa7-a289-16ce83a6376d,219WT,,0,1,1589780453839,0,0
plugin_ios_activity_recognition,,0,2,0,99fd867d-73c2-4fa7-a289-16ce83a6376d,219WT,,0,0,1589780494822,0,0
plugin_ios_activity_recognition,"[""stationary""]",0,2,0,99fd867d-73c2-4fa7-a289-16ce83a6376d,219WT,,0,1,1589780498661,0,0
plugin_ios_activity_recognition,,0,2,0,99fd867d-73c2-4fa7-a289-16ce83a6376d,219WT,,0,0,1589780514362,0,0
plugin_ios_activity_recognition,"[""stationary""]",0,2,0,99fd867d-73c2-4fa7-a289-16ce83a6376d,219WT,,0,1,1589780524599,0,0
plugin_ios_activity_recognition,,0,2,0,99fd867d-73c2-4fa7-a289-16ce83a6376d,219WT,,0,0,1589780531963,0,0
plugin_ios_activity_recognition,"[""stationary""]",0,2,0,99fd867d-73c2-4fa7-a289-16ce83a6376d,219WT,,0,1,1589780542504,0,0
plugin_ios_activity_recognition,,0,2,0,99fd867d-73c2-4fa7-a289-16ce83a6376d,219WT,,0,0,1589780552124,0,0
plugin_ios_activity_recognition,"[""stationary""]",0,2,0,99fd867d-73c2-4fa7-a289-16ce83a6376d,219WT,,0,1,1589780558212,0,0
plugin_ios_activity_recognition,,0,2,0,99fd867d-73c2-4fa7-a289-16ce83a6376d,219WT,,0,0,1589780607886,0,0
plugin_ios_activity_recognition,"[""stationary""]",0,2,0,99fd867d-73c2-4fa7-a289-16ce83a6376d,219WT,,0,1,1589780613960,0,0
plugin_ios_activity_recognition,,0,2,0,99fd867d-73c2-4fa7-a289-16ce83a6376d,219WT,,0,0,1589780648254,0,0
plugin_ios_activity_recognition,"[""stationary""]",0,2,0,99fd867d-73c2-4fa7-a289-16ce83a6376d,219WT,,0,1,1589780657848,0,0
plugin_ios_activity_recognition,,0,2,0,99fd867d-73c2-4fa7-a289-16ce83a6376d,219WT,,0,0,1589780668417,0,0
plugin_ios_activity_recognition,"[""stationary""]",0,2,0,99fd867d-73c2-4fa7-a289-16ce83a6376d,219WT,,0,1,1589780707033,0,0
plugin_ios_activity_recognition,,0,2,0,99fd867d-73c2-4fa7-a289-16ce83a6376d,219WT,,0,0,1589780715363,0,0
plugin_ios_activity_recognition,"[""stationary""]",0,2,0,99fd867d-73c2-4fa7-a289-16ce83a6376d,219WT,,0,1,1589780721126,0,0
plugin_ios_activity_recognition,,0,2,0,99fd867d-73c2-4fa7-a289-16ce83a6376d,219WT,,0,0,1589780761181,0,0
plugin_ios_activity_recognition,"[""stationary""]",0,2,0,99fd867d-73c2-4fa7-a289-16ce83a6376d,219WT,,0,1,1589780767585,0,0
plugin_ios_activity_recognition,,0,2,0,99fd867d-73c2-4fa7-a289-16ce83a6376d,219WT,,0,0,1589780792225,0,0
plugin_ios_activity_recognition,"[""stationary""]",0,2,0,99fd867d-73c2-4fa7-a289-16ce83a6376d,219WT,,0,1,1589780804350,0,0
plugin_ios_activity_recognition,"[""stationary""]",0,2,0,99fd867d-73c2-4fa7-a289-16ce83a6376d,219WT,supplement,0,1,1589780864350,0,0
plugin_ios_activity_recognition,"[""stationary""]",0,2,0,99fd867d-73c2-4fa7-a289-16ce83a6376d,219WT,supplement,0,1,1589780924350,0,0
plugin_ios_activity_recognition,"[""stationary""]",0,2,0,99fd867d-73c2-4fa7-a289-16ce83a6376d,219WT,supplement,0,1,1589780984350,0,0
plugin_ios_activity_recognition,"[""stationary""]",0,2,0,99fd867d-73c2-4fa7-a289-16ce83a6376d,219WT,supplement,0,1,1589781044350,0,0
plugin_ios_activity_recognition,,0,2,0,99fd867d-73c2-4fa7-a289-16ce83a6376d,219WT,,0,0,1589781095402,0,0
plugin_ios_activity_recognition,"[""stationary""]",0,2,0,99fd867d-73c2-4fa7-a289-16ce83a6376d,219WT,,0,1,1589781099549,0,0
plugin_ios_activity_recognition,"[""stationary""]",0,2,0,99fd867d-73c2-4fa7-a289-16ce83a6376d,219WT,supplement,0,1,1589781104350,0,0
plugin_ios_activity_recognition,,0,2,0,99fd867d-73c2-4fa7-a289-16ce83a6376d,219WT,,0,0,1589781142183,0,0
plugin_ios_activity_recognition,"[""stationary""]",0,2,0,99fd867d-73c2-4fa7-a289-16ce83a6376d,219WT,,0,1,1589781145709,0,0
plugin_ios_activity_recognition,,0,2,0,99fd867d-73c2-4fa7-a289-16ce83a6376d,219WT,,0,0,1589781166200,0,0
plugin_ios_activity_recognition,"[""stationary""]",0,2,0,99fd867d-73c2-4fa7-a289-16ce83a6376d,219WT,,0,1,1589781173573,0,0
plugin_ios_activity_recognition,,0,2,0,99fd867d-73c2-4fa7-a289-16ce83a6376d,219WT,,0,0,1589781175491,0,0
plugin_ios_activity_recognition,"[""stationary""]",0,2,0,99fd867d-73c2-4fa7-a289-16ce83a6376d,219WT,,0,1,1589781181576,0,0
plugin_ios_activity_recognition,,0,2,0,99fd867d-73c2-4fa7-a289-16ce83a6376d,219WT,,0,0,1589781182529,0,0
plugin_ios_activity_recognition,"[""stationary""]",0,2,0,99fd867d-73c2-4fa7-a289-16ce83a6376d,219WT,,0,1,1589781187318,0,0
plugin_ios_activity_recognition,,0,2,0,99fd867d-73c2-4fa7-a289-16ce83a6376d,219WT,,0,0,1589781190206,0,0
plugin_ios_activity_recognition,"[""stationary""]",0,2,0,99fd867d-73c2-4fa7-a289-16ce83a6376d,219WT,,0,1,1589781194370,0,0
plugin_ios_activity_recognition,,0,2,0,99fd867d-73c2-4fa7-a289-16ce83a6376d,219WT,,0,0,1589781197574,0,0
plugin_ios_activity_recognition,"[""stationary""]",0,2,0,99fd867d-73c2-4fa7-a289-16ce83a6376d,219WT,,0,1,1589781209391,0,0
plugin_ios_activity_recognition,"[""stationary""]",0,2,0,99fd867d-73c2-4fa7-a289-16ce83a6376d,219WT,supplement,0,1,1589781269391,0,0
plugin_ios_activity_recognition,,0,2,0,99fd867d-73c2-4fa7-a289-16ce83a6376d,219WT,,0,0,1589781271547,0,0
plugin_ios_activity_recognition,"[""stationary""]",0,2,0,99fd867d-73c2-4fa7-a289-16ce83a6376d,219WT,,0,1,1589781276034,0,0
plugin_ios_activity_recognition,"[""stationary""]",0,2,0,99fd867d-73c2-4fa7-a289-16ce83a6376d,219WT,supplement,0,1,1589781329391,0,0
plugin_ios_activity_recognition,,0,2,0,99fd867d-73c2-4fa7-a289-16ce83a6376d,219WT,,0,0,1589781329560,0,0
plugin_ios_activity_recognition,"[""stationary""]",0,2,0,99fd867d-73c2-4fa7-a289-16ce83a6376d,219WT,,0,1,1589781333729,0,0
plugin_ios_activity_recognition,"[""stationary""]",0,2,0,99fd867d-73c2-4fa7-a289-16ce83a6376d,219WT,supplement,0,1,1589781393729,0,0
plugin_ios_activity_recognition,,0,2,0,99fd867d-73c2-4fa7-a289-16ce83a6376d,219WT,,0,0,1589781408404,0,0
plugin_ios_activity_recognition,"[""stationary""]",0,2,0,99fd867d-73c2-4fa7-a289-16ce83a6376d,219WT,,0,1,1589781412572,0,0
plugin_ios_activity_recognition,"[""stationary""]",0,2,0,99fd867d-73c2-4fa7-a289-16ce83a6376d,219WT,supplement,0,1,1589781453729,0,0
plugin_ios_activity_recognition,"[""stationary""]",0,2,0,99fd867d-73c2-4fa7-a289-16ce83a6376d,219WT,supplement,0,1,1589781472572,0,0
plugin_ios_activity_recognition,"[""stationary""]",0,2,0,99fd867d-73c2-4fa7-a289-16ce83a6376d,219WT,supplement,0,1,1589781532572,0,0
plugin_ios_activity_recognition,,0,2,0,99fd867d-73c2-4fa7-a289-16ce83a6376d,219WT,,0,0,1589781542373,0,0
plugin_ios_activity_recognition,"[""stationary""]",0,2,0,99fd867d-73c2-4fa7-a289-16ce83a6376d,219WT,,0,1,1589781548448,0,0
plugin_ios_activity_recognition,,0,2,0,99fd867d-73c2-4fa7-a289-16ce83a6376d,219WT,,0,0,1589781549409,0,0
plugin_ios_activity_recognition,"[""stationary""]",0,2,0,99fd867d-73c2-4fa7-a289-16ce83a6376d,219WT,,0,1,1589781554212,0,0
plugin_ios_activity_recognition,,0,2,0,99fd867d-73c2-4fa7-a289-16ce83a6376d,219WT,,0,0,1589781554851,0,0
plugin_ios_activity_recognition,"[""walking""]",0,1,0,99fd867d-73c2-4fa7-a289-16ce83a6376d,219WT,,0,0,1589781564449,0,1
plugin_ios_activity_recognition,"[""walking""]",0,2,0,99fd867d-73c2-4fa7-a289-16ce83a6376d,219WT,,0,0,1589781574685,0,1
plugin_ios_activity_recognition,"[""stationary""]",0,2,0,99fd867d-73c2-4fa7-a289-16ce83a6376d,219WT,supplement,0,1,1589781592572,0,0
plugin_ios_activity_recognition,"[""stationary""]",0,2,0,99fd867d-73c2-4fa7-a289-16ce83a6376d,219WT,,0,1,1589781615621,0,0
plugin_ios_activity_recognition,"[""walking""]",0,2,0,99fd867d-73c2-4fa7-a289-16ce83a6376d,219WT,,0,0,1589781617525,0,1
plugin_ios_activity_recognition,,0,2,0,99fd867d-73c2-4fa7-a289-16ce83a6376d,219WT,,0,0,1589781625849,0,0
plugin_ios_activity_recognition,"[""stationary""]",0,2,0,99fd867d-73c2-4fa7-a289-16ce83a6376d,219WT,,0,1,1589781633827,0,0
plugin_ios_activity_recognition,,0,2,0,99fd867d-73c2-4fa7-a289-16ce83a6376d,219WT,,0,0,1589781634146,0,0
plugin_ios_activity_recognition,"[""stationary""]",0,2,0,99fd867d-73c2-4fa7-a289-16ce83a6376d,219WT,,0,1,1589781638310,0,0
plugin_ios_activity_recognition,,0,2,0,99fd867d-73c2-4fa7-a289-16ce83a6376d,219WT,,0,0,1589781647286,0,0
plugin_ios_activity_recognition,,0,2,0,99fd867d-73c2-4fa7-a289-16ce83a6376d,219WT,supplement,0,0,1589781707286,0,0
plugin_ios_activity_recognition,"[""stationary""]",0,2,0,99fd867d-73c2-4fa7-a289-16ce83a6376d,219WT,,0,1,1589781739356,0,0
plugin_ios_activity_recognition,,0,2,0,99fd867d-73c2-4fa7-a289-16ce83a6376d,219WT,,0,0,1589781748306,0,0
plugin_ios_activity_recognition,"[""stationary""]",0,2,0,99fd867d-73c2-4fa7-a289-16ce83a6376d,219WT,,0,1,1589781758240,0,0
plugin_ios_activity_recognition,,0,2,0,99fd867d-73c2-4fa7-a289-16ce83a6376d,219WT,,0,0,1589781761760,0,0
plugin_ios_activity_recognition,,0,2,0,99fd867d-73c2-4fa7-a289-16ce83a6376d,219WT,supplement,0,0,1589781767286,0,0
plugin_ios_activity_recognition,"[""stationary""]",0,2,0,99fd867d-73c2-4fa7-a289-16ce83a6376d,219WT,,0,1,1589781790912,0,0
plugin_ios_activity_recognition,,0,2,0,99fd867d-73c2-4fa7-a289-16ce83a6376d,219WT,,0,0,1589781804368,0,0
plugin_ios_activity_recognition,"[""stationary""]",0,2,0,99fd867d-73c2-4fa7-a289-16ce83a6376d,219WT,,0,1,1589781812048,0,0
plugin_ios_activity_recognition,,0,2,0,99fd867d-73c2-4fa7-a289-16ce83a6376d,219WT,,0,0,1589781815895,0,0
plugin_ios_activity_recognition,"[""stationary""]",0,2,0,99fd867d-73c2-4fa7-a289-16ce83a6376d,219WT,,0,1,1589781847298,0,0
plugin_ios_activity_recognition,,0,2,0,99fd867d-73c2-4fa7-a289-16ce83a6376d,219WT,,0,0,1589781853068,0,0
plugin_ios_activity_recognition,"[""stationary""]",0,2,0,99fd867d-73c2-4fa7-a289-16ce83a6376d,219WT,,0,1,1589781861082,0,0
plugin_ios_activity_recognition,,0,2,0,99fd867d-73c2-4fa7-a289-16ce83a6376d,219WT,,0,0,1589781874229,0,0
plugin_ios_activity_recognition,"[""stationary""]",0,2,0,99fd867d-73c2-4fa7-a289-16ce83a6376d,219WT,,0,1,1589781896340,0,0
plugin_ios_activity_recognition,,0,2,0,99fd867d-73c2-4fa7-a289-16ce83a6376d,219WT,,0,0,1589781902428,0,0
plugin_ios_activity_recognition,"[""stationary""]",0,2,0,99fd867d-73c2-4fa7-a289-16ce83a6376d,219WT,,0,1,1589781911719,0,0
plugin_ios_activity_recognition,,0,2,0,99fd867d-73c2-4fa7-a289-16ce83a6376d,219WT,,0,0,1589781921656,0,0
plugin_ios_activity_recognition,,0,2,0,99fd867d-73c2-4fa7-a289-16ce83a6376d,219WT,supplement,0,0,1589781981656,0,0
plugin_ios_activity_recognition,"[""stationary""]",0,2,0,99fd867d-73c2-4fa7-a289-16ce83a6376d,219WT,,0,1,1589781989827,0,0
plugin_ios_activity_recognition,,0,2,0,99fd867d-73c2-4fa7-a289-16ce83a6376d,219WT,,0,0,1589781990452,0,0
plugin_ios_activity_recognition,"[""stationary""]",0,2,0,99fd867d-73c2-4fa7-a289-16ce83a6376d,219WT,,0,1,1589781995253,0,0
plugin_ios_activity_recognition,,0,2,0,99fd867d-73c2-4fa7-a289-16ce83a6376d,219WT,,0,0,1589781997180,0,0
plugin_ios_activity_recognition,"[""stationary""]",0,2,0,99fd867d-73c2-4fa7-a289-16ce83a6376d,219WT,,0,1,1589782005181,0,0
plugin_ios_activity_recognition,,0,2,0,99fd867d-73c2-4fa7-a289-16ce83a6376d,219WT,,0,0,1589782010951,0,0
plugin_ios_activity_recognition,"[""stationary""]",0,2,0,99fd867d-73c2-4fa7-a289-16ce83a6376d,219WT,,0,1,1589782023124,0,0
plugin_ios_activity_recognition,,0,2,0,99fd867d-73c2-4fa7-a289-16ce83a6376d,219WT,,0,0,1589782040112,0,0
plugin_ios_activity_recognition,,0,2,0,99fd867d-73c2-4fa7-a289-16ce83a6376d,219WT,supplement,0,0,1589782041656,0,0
plugin_ios_activity_recognition,"[""stationary""]",0,2,0,99fd867d-73c2-4fa7-a289-16ce83a6376d,219WT,,0,1,1589782043638,0,0
plugin_ios_activity_recognition,,0,2,0,99fd867d-73c2-4fa7-a289-16ce83a6376d,219WT,,0,0,1589782046842,0,0
plugin_ios_activity_recognition,"[""stationary""]",0,2,0,99fd867d-73c2-4fa7-a289-16ce83a6376d,219WT,,0,1,1589782051012,0,0
plugin_ios_activity_recognition,,0,2,0,99fd867d-73c2-4fa7-a289-16ce83a6376d,219WT,,0,0,1589782096534,0,0
plugin_ios_activity_recognition,"[""stationary""]",0,2,0,99fd867d-73c2-4fa7-a289-16ce83a6376d,219WT,,0,1,1589782101344,0,0
plugin_ios_activity_recognition,,0,2,0,99fd867d-73c2-4fa7-a289-16ce83a6376d,219WT,,0,0,1589782108389,0,0
plugin_ios_activity_recognition,"[""stationary""]",0,2,0,99fd867d-73c2-4fa7-a289-16ce83a6376d,219WT,,0,1,1589782122179,0,0
plugin_ios_activity_recognition,,0,2,0,99fd867d-73c2-4fa7-a289-16ce83a6376d,219WT,,0,0,1589782136933,0,0
plugin_ios_activity_recognition,"[""stationary""]",0,2,0,99fd867d-73c2-4fa7-a289-16ce83a6376d,219WT,,0,1,1589782141743,0,0
plugin_ios_activity_recognition,,0,2,0,99fd867d-73c2-4fa7-a289-16ce83a6376d,219WT,,0,0,1589782187553,0,0
plugin_ios_activity_recognition,"[""stationary""]",0,2,0,99fd867d-73c2-4fa7-a289-16ce83a6376d,219WT,,0,1,1589782191080,0,0
plugin_ios_activity_recognition,,0,2,0,99fd867d-73c2-4fa7-a289-16ce83a6376d,219WT,,0,0,1589782195240,0,0
plugin_ios_activity_recognition,"[""stationary""]",0,2,0,99fd867d-73c2-4fa7-a289-16ce83a6376d,219WT,,0,1,1589782198766,0,0
plugin_ios_activity_recognition,,0,2,0,99fd867d-73c2-4fa7-a289-16ce83a6376d,219WT,,0,0,1589782211260,0,0
plugin_ios_activity_recognition,"[""stationary""]",0,2,0,99fd867d-73c2-4fa7-a289-16ce83a6376d,219WT,,0,1,1589782216059,0,0
plugin_ios_activity_recognition,"[""stationary""]",0,2,0,99fd867d-73c2-4fa7-a289-16ce83a6376d,219WT,supplement,0,1,1589782276059,0,0
plugin_ios_activity_recognition,"[""stationary""]",0,2,0,99fd867d-73c2-4fa7-a289-16ce83a6376d,219WT,supplement,0,1,1589782336059,0,0
plugin_ios_activity_recognition,,0,2,0,99fd867d-73c2-4fa7-a289-16ce83a6376d,219WT,,0,0,1589782376650,0,0
plugin_ios_activity_recognition,"[""stationary""]",0,2,0,99fd867d-73c2-4fa7-a289-16ce83a6376d,219WT,,0,1,1589782383046,0,0
plugin_ios_activity_recognition,,0,2,0,99fd867d-73c2-4fa7-a289-16ce83a6376d,219WT,,0,0,1589782384644,0,0
plugin_ios_activity_recognition,"[""stationary""]",0,2,0,99fd867d-73c2-4fa7-a289-16ce83a6376d,219WT,,0,1,1589782390726,0,0
plugin_ios_activity_recognition,"[""stationary""]",0,2,0,99fd867d-73c2-4fa7-a289-16ce83a6376d,219WT,supplement,0,1,1589782396059,0,0
plugin_ios_activity_recognition,,0,2,0,99fd867d-73c2-4fa7-a289-16ce83a6376d,219WT,,0,0,1589782416687,0,0
plugin_ios_activity_recognition,"[""stationary""]",0,2,0,99fd867d-73c2-4fa7-a289-16ce83a6376d,219WT,,0,1,1589782424379,0,0
plugin_ios_activity_recognition,,0,2,0,99fd867d-73c2-4fa7-a289-16ce83a6376d,219WT,,0,0,1589782436879,0,0
plugin_ios_activity_recognition,"[""stationary""]",0,2,0,99fd867d-73c2-4fa7-a289-16ce83a6376d,219WT,,0,1,1589782441687,0,0
plugin_ios_activity_recognition,"[""stationary""]",0,2,0,99fd867d-73c2-4fa7-a289-16ce83a6376d,219WT,supplement,0,1,1589782501687,0,0
plugin_ios_activity_recognition,,0,2,0,99fd867d-73c2-4fa7-a289-16ce83a6376d,219WT,,0,0,1589782529167,0,0
plugin_ios_activity_recognition,"[""stationary""]",0,2,0,99fd867d-73c2-4fa7-a289-16ce83a6376d,219WT,,0,1,1589782538112,0,0
plugin_ios_activity_recognition,,0,2,0,99fd867d-73c2-4fa7-a289-16ce83a6376d,219WT,,0,0,1589782545481,0,0
plugin_ios_activity_recognition,"[""stationary""]",0,2,0,99fd867d-73c2-4fa7-a289-16ce83a6376d,219WT,,0,1,1589782549007,0,0
plugin_ios_activity_recognition,,0,2,0,99fd867d-73c2-4fa7-a289-16ce83a6376d,219WT,,0,0,1589782550289,0,0
plugin_ios_activity_recognition,"[""stationary""]",0,2,0,99fd867d-73c2-4fa7-a289-16ce83a6376d,219WT,,0,1,1589782556364,0,0
plugin_ios_activity_recognition,"[""stationary""]",0,2,0,99fd867d-73c2-4fa7-a289-16ce83a6376d,219WT,supplement,0,1,1589782561687,0,0
plugin_ios_activity_recognition,,0,2,0,99fd867d-73c2-4fa7-a289-16ce83a6376d,219WT,,0,0,1589782575915,0,0
plugin_ios_activity_recognition,"[""stationary""]",0,2,0,99fd867d-73c2-4fa7-a289-16ce83a6376d,219WT,,0,1,1589782580081,0,0
plugin_ios_activity_recognition,,0,2,0,99fd867d-73c2-4fa7-a289-16ce83a6376d,219WT,,0,0,1589782585204,0,0
plugin_ios_activity_recognition,"[""stationary""]",0,2,0,99fd867d-73c2-4fa7-a289-16ce83a6376d,219WT,,0,1,1589782597350,0,0
plugin_ios_activity_recognition,,0,2,0,99fd867d-73c2-4fa7-a289-16ce83a6376d,219WT,,0,0,1589782597991,0,0
plugin_ios_activity_recognition,"[""stationary""]",0,2,0,99fd867d-73c2-4fa7-a289-16ce83a6376d,219WT,,0,1,1589782602162,0,0
plugin_ios_activity_recognition,,0,2,0,99fd867d-73c2-4fa7-a289-16ce83a6376d,219WT,,0,0,1589782626839,0,0
plugin_ios_activity_recognition,"[""stationary""]",0,2,0,99fd867d-73c2-4fa7-a289-16ce83a6376d,219WT,,0,1,1589782630989,0,0
plugin_ios_activity_recognition,,0,2,0,99fd867d-73c2-4fa7-a289-16ce83a6376d,219WT,,0,0,1589782631309,0,0
plugin_ios_activity_recognition,"[""stationary""]",0,2,0,99fd867d-73c2-4fa7-a289-16ce83a6376d,219WT,,0,1,1589782645729,0,0
plugin_ios_activity_recognition,,0,2,0,99fd867d-73c2-4fa7-a289-16ce83a6376d,219WT,,0,0,1589782682245,0,0
plugin_ios_activity_recognition,"[""stationary""]",0,2,0,99fd867d-73c2-4fa7-a289-16ce83a6376d,219WT,,0,1,1589782688015,0,0
plugin_ios_activity_recognition,,0,2,0,99fd867d-73c2-4fa7-a289-16ce83a6376d,219WT,,0,0,1589782720073,0,0
plugin_ios_activity_recognition,"[""stationary""]",0,2,0,99fd867d-73c2-4fa7-a289-16ce83a6376d,219WT,,0,1,1589782725519,0,0
plugin_ios_activity_recognition,,0,2,0,99fd867d-73c2-4fa7-a289-16ce83a6376d,219WT,,0,0,1589782732559,0,0
plugin_ios_activity_recognition,"[""stationary""]",0,2,0,99fd867d-73c2-4fa7-a289-16ce83a6376d,219WT,,0,1,1589782737046,0,0
plugin_ios_activity_recognition,,0,2,0,99fd867d-73c2-4fa7-a289-16ce83a6376d,219WT,,0,0,1589782780285,0,0
plugin_ios_activity_recognition,"[""stationary""]",0,2,0,99fd867d-73c2-4fa7-a289-16ce83a6376d,219WT,,0,1,1589782787967,0,0
plugin_ios_activity_recognition,"[""stationary""]",0,2,0,99fd867d-73c2-4fa7-a289-16ce83a6376d,219WT,supplement,0,1,1589782847967,0,0
plugin_ios_activity_recognition,,0,2,0,99fd867d-73c2-4fa7-a289-16ce83a6376d,219WT,,0,0,1589782898196,0,0
plugin_ios_activity_recognition,"[""stationary""]",0,2,0,99fd867d-73c2-4fa7-a289-16ce83a6376d,219WT,supplement,0,1,1589782907967,0,0
plugin_ios_activity_recognition,"[""stationary""]",0,2,0,99fd867d-73c2-4fa7-a289-16ce83a6376d,219WT,,0,1,1589782908759,0,0
plugin_ios_activity_recognition,,0,2,0,99fd867d-73c2-4fa7-a289-16ce83a6376d,219WT,,0,0,1589782911299,0,0
plugin_ios_activity_recognition,"[""stationary""]",0,2,0,99fd867d-73c2-4fa7-a289-16ce83a6376d,219WT,,0,1,1589782914827,0,0
plugin_ios_activity_recognition,"[""stationary""]",0,2,0,99fd867d-73c2-4fa7-a289-16ce83a6376d,219WT,supplement,0,1,1589782974827,0,0
plugin_ios_activity_recognition,,0,2,0,99fd867d-73c2-4fa7-a289-16ce83a6376d,219WT,,0,0,1589783012232,0,0
plugin_ios_activity_recognition,"[""stationary""]",0,2,0,99fd867d-73c2-4fa7-a289-16ce83a6376d,219WT,,0,1,1589783019899,0,0
plugin_ios_activity_recognition,"[""stationary""]",0,2,0,99fd867d-73c2-4fa7-a289-16ce83a6376d,219WT,supplement,0,1,1589783034827,0,0
plugin_ios_activity_recognition,,0,2,0,99fd867d-73c2-4fa7-a289-16ce83a6376d,219WT,,0,0,1589783043286,0,0
plugin_ios_activity_recognition,"[""stationary""]",0,2,0,99fd867d-73c2-4fa7-a289-16ce83a6376d,219WT,,0,1,1589783051256,0,0
plugin_ios_activity_recognition,,0,2,0,99fd867d-73c2-4fa7-a289-16ce83a6376d,219WT,,0,0,1589783055102,0,0
plugin_ios_activity_recognition,"[""stationary""]",0,2,0,99fd867d-73c2-4fa7-a289-16ce83a6376d,219WT,,0,1,1589783059269,0,0
plugin_ios_activity_recognition,,0,2,0,99fd867d-73c2-4fa7-a289-16ce83a6376d,219WT,,0,0,1589783067282,0,0
plugin_ios_activity_recognition,,0,2,0,99fd867d-73c2-4fa7-a289-16ce83a6376d,219WT,supplement,0,0,1589783127282,0,0
plugin_ios_activity_recognition,"[""stationary""]",0,2,0,99fd867d-73c2-4fa7-a289-16ce83a6376d,219WT,,0,1,1589783130152,0,0
plugin_ios_activity_recognition,,0,2,0,99fd867d-73c2-4fa7-a289-16ce83a6376d,219WT,,0,0,1589783135279,0,0
plugin_ios_activity_recognition,"[""stationary""]",0,2,0,99fd867d-73c2-4fa7-a289-16ce83a6376d,219WT,,0,1,1589783142009,0,0
plugin_ios_activity_recognition,,0,2,0,99fd867d-73c2-4fa7-a289-16ce83a6376d,219WT,,0,0,1589783143609,0,0
plugin_ios_activity_recognition,,0,2,0,99fd867d-73c2-4fa7-a289-16ce83a6376d,219WT,supplement,0,0,1589783187282,0,0
plugin_ios_activity_recognition,,0,2,0,99fd867d-73c2-4fa7-a289-16ce83a6376d,219WT,supplement,0,0,1589783203609,0,0
plugin_ios_activity_recognition,"[""walking""]",0,1,0,99fd867d-73c2-4fa7-a289-16ce83a6376d,219WT,,0,0,1589783229612,0,1
plugin_ios_activity_recognition,"[""walking""]",0,2,0,99fd867d-73c2-4fa7-a289-16ce83a6376d,219WT,,0,0,1589783232169,0,1
plugin_ios_activity_recognition,,0,2,0,99fd867d-73c2-4fa7-a289-16ce83a6376d,219WT,supplement,0,0,1589783263609,0,0
plugin_ios_activity_recognition,"[""stationary""]",0,2,0,99fd867d-73c2-4fa7-a289-16ce83a6376d,219WT,,0,1,1589783272419,0,0
plugin_ios_activity_recognition,"[""walking""]",0,2,0,99fd867d-73c2-4fa7-a289-16ce83a6376d,219WT,,0,0,1589783273701,0,1
plugin_ios_activity_recognition,"[""stationary""]",0,2,0,99fd867d-73c2-4fa7-a289-16ce83a6376d,219WT,,0,1,1589783281677,0,0
plugin_ios_activity_recognition,"[""walking""]",0,2,0,99fd867d-73c2-4fa7-a289-16ce83a6376d,219WT,,0,0,1589783284873,0,1
plugin_ios_activity_recognition,"[""stationary""]",0,2,0,99fd867d-73c2-4fa7-a289-16ce83a6376d,219WT,,0,1,1589783294486,0,0
plugin_ios_activity_recognition,,0,2,0,99fd867d-73c2-4fa7-a289-16ce83a6376d,219WT,,0,0,1589783302819,0,0
plugin_ios_activity_recognition,"[""stationary""]",0,2,0,99fd867d-73c2-4fa7-a289-16ce83a6376d,219WT,,0,1,1589783313698,0,0
plugin_ios_activity_recognition,,0,2,0,99fd867d-73c2-4fa7-a289-16ce83a6376d,219WT,,0,0,1589783315941,0,0
plugin_ios_activity_recognition,"[""stationary""]",0,2,0,99fd867d-73c2-4fa7-a289-16ce83a6376d,219WT,,0,1,1589783320107,0,0
plugin_ios_activity_recognition,"[""stationary""]",0,2,0,99fd867d-73c2-4fa7-a289-16ce83a6376d,219WT,supplement,0,1,1589783380107,0,0
plugin_ios_activity_recognition,,0,2,0,99fd867d-73c2-4fa7-a289-16ce83a6376d,219WT,,0,0,1589783414002,0,0
plugin_ios_activity_recognition,"[""stationary""]",0,2,0,99fd867d-73c2-4fa7-a289-16ce83a6376d,219WT,,0,1,1589783422943,0,0
plugin_ios_activity_recognition,"[""stationary""]",0,2,0,99fd867d-73c2-4fa7-a289-16ce83a6376d,219WT,supplement,0,1,1589783440107,0,0
plugin_ios_activity_recognition,,0,2,0,99fd867d-73c2-4fa7-a289-16ce83a6376d,219WT,,0,0,1589783476137,0,0
plugin_ios_activity_recognition,"[""stationary""]",0,2,0,99fd867d-73c2-4fa7-a289-16ce83a6376d,219WT,,0,1,1589783493996,0,0
plugin_ios_activity_recognition,"[""stationary""]",0,2,0,99fd867d-73c2-4fa7-a289-16ce83a6376d,219WT,supplement,0,1,1589783553996,0,0
plugin_ios_activity_recognition,,0,2,0,99fd867d-73c2-4fa7-a289-16ce83a6376d,219WT,,0,0,1589783560679,0,0
plugin_ios_activity_recognition,"[""stationary""]",0,2,0,99fd867d-73c2-4fa7-a289-16ce83a6376d,219WT,,0,1,1589783565806,0,0
plugin_ios_activity_recognition,,0,2,0,99fd867d-73c2-4fa7-a289-16ce83a6376d,219WT,,0,0,1589783577668,0,0
plugin_ios_activity_recognition,"[""stationary""]",0,2,0,99fd867d-73c2-4fa7-a289-16ce83a6376d,219WT,,0,1,1589783584396,0,0
plugin_ios_activity_recognition,,0,2,0,99fd867d-73c2-4fa7-a289-16ce83a6376d,219WT,,0,0,1589783594961,0,0
plugin_ios_activity_recognition,"[""stationary""]",0,2,0,99fd867d-73c2-4fa7-a289-16ce83a6376d,219WT,,0,1,1589783598796,0,0
plugin_ios_activity_recognition,,0,2,0,99fd867d-73c2-4fa7-a289-16ce83a6376d,219WT,,0,0,1589783610007,0,0
plugin_ios_activity_recognition,"[""stationary""]",0,2,0,99fd867d-73c2-4fa7-a289-16ce83a6376d,219WT,supplement,0,1,1589783613996,0,0
plugin_ios_activity_recognition,"[""stationary""]",0,2,0,99fd867d-73c2-4fa7-a289-16ce83a6376d,219WT,,0,1,1589783636210,0,0
plugin_ios_activity_recognition,,0,2,0,99fd867d-73c2-4fa7-a289-16ce83a6376d,219WT,,0,0,1589783642617,0,0
plugin_ios_activity_recognition,"[""stationary""]",0,2,0,99fd867d-73c2-4fa7-a289-16ce83a6376d,219WT,,0,1,1589783655408,0,0
plugin_ios_activity_recognition,,0,2,0,99fd867d-73c2-4fa7-a289-16ce83a6376d,219WT,,0,0,1589783665621,0,0
plugin_ios_activity_recognition,"[""stationary""]",0,2,0,99fd867d-73c2-4fa7-a289-16ce83a6376d,219WT,,0,1,1589783672978,0,0
plugin_ios_activity_recognition,,0,2,0,99fd867d-73c2-4fa7-a289-16ce83a6376d,219WT,,0,0,1589783675853,0,0
plugin_ios_activity_recognition,"[""stationary""]",0,2,0,99fd867d-73c2-4fa7-a289-16ce83a6376d,219WT,,0,1,1589783686732,0,0
plugin_ios_activity_recognition,,0,2,0,99fd867d-73c2-4fa7-a289-16ce83a6376d,219WT,,0,0,1589783712368,0,0
plugin_ios_activity_recognition,"[""stationary""]",0,2,0,99fd867d-73c2-4fa7-a289-16ce83a6376d,219WT,,0,1,1589783717178,0,0
plugin_ios_activity_recognition,,0,2,0,99fd867d-73c2-4fa7-a289-16ce83a6376d,219WT,,0,0,1589783733523,0,0
plugin_ios_activity_recognition,"[""stationary""]",0,2,0,99fd867d-73c2-4fa7-a289-16ce83a6376d,219WT,,0,1,1589783737689,0,0
plugin_ios_activity_recognition,,0,2,0,99fd867d-73c2-4fa7-a289-16ce83a6376d,219WT,,0,0,1589783746023,0,0
plugin_ios_activity_recognition,"[""stationary""]",0,2,0,99fd867d-73c2-4fa7-a289-16ce83a6376d,219WT,,0,1,1589783750830,0,0
plugin_ios_activity_recognition,,0,2,0,99fd867d-73c2-4fa7-a289-16ce83a6376d,219WT,,0,0,1589783769420,0,0
plugin_ios_activity_recognition,"[""stationary""]",0,2,0,99fd867d-73c2-4fa7-a289-16ce83a6376d,219WT,,0,1,1589783775179,0,0
plugin_ios_activity_recognition,,0,2,0,99fd867d-73c2-4fa7-a289-16ce83a6376d,219WT,,0,0,1589783801455,0,0
plugin_ios_activity_recognition,"[""stationary""]",0,2,0,99fd867d-73c2-4fa7-a289-16ce83a6376d,219WT,,0,1,1589783806261,0,0
plugin_ios_activity_recognition,"[""stationary""]",0,2,0,99fd867d-73c2-4fa7-a289-16ce83a6376d,219WT,supplement,0,1,1589783866261,0,0
plugin_ios_activity_recognition,,0,2,0,99fd867d-73c2-4fa7-a289-16ce83a6376d,219WT,,0,0,1589783880940,0,0
plugin_ios_activity_recognition,"[""stationary""]",0,2,0,99fd867d-73c2-4fa7-a289-16ce83a6376d,219WT,,0,1,1589783885740,0,0
plugin_ios_activity_recognition,"[""stationary""]",0,2,0,99fd867d-73c2-4fa7-a289-16ce83a6376d,219WT,supplement,0,1,1589783926261,0,0
plugin_ios_activity_recognition,"[""stationary""]",0,2,0,99fd867d-73c2-4fa7-a289-16ce83a6376d,219WT,supplement,0,1,1589783945740,0,0
plugin_ios_activity_recognition,,0,2,0,99fd867d-73c2-4fa7-a289-16ce83a6376d,219WT,,0,0,1589783956242,0,0
plugin_ios_activity_recognition,"[""stationary""]",0,2,0,99fd867d-73c2-4fa7-a289-16ce83a6376d,219WT,,0,1,1589783965521,0,0
plugin_ios_activity_recognition,,0,2,0,99fd867d-73c2-4fa7-a289-16ce83a6376d,219WT,,0,0,1589783977378,0,0
plugin_ios_activity_recognition,"[""stationary""]",0,2,0,99fd867d-73c2-4fa7-a289-16ce83a6376d,219WT,,0,1,1589783981539,0,0
plugin_ios_activity_recognition,"[""stationary""]",0,2,0,99fd867d-73c2-4fa7-a289-16ce83a6376d,219WT,supplement,0,1,1589784005740,0,0
plugin_ios_activity_recognition,"[""stationary""]",0,2,0,99fd867d-73c2-4fa7-a289-16ce83a6376d,219WT,supplement,0,1,1589784041539,0,0
plugin_ios_activity_recognition,"[""stationary""]",0,2,0,99fd867d-73c2-4fa7-a289-16ce83a6376d,219WT,supplement,0,1,1589784101539,0,0
plugin_ios_activity_recognition,,0,2,0,99fd867d-73c2-4fa7-a289-16ce83a6376d,219WT,,0,0,1589784146951,0,0
plugin_ios_activity_recognition,"[""stationary""]",0,2,0,99fd867d-73c2-4fa7-a289-16ce83a6376d,219WT,supplement,0,1,1589784161539,0,0
plugin_ios_activity_recognition,"[""stationary""]",0,2,0,99fd867d-73c2-4fa7-a289-16ce83a6376d,219WT,,0,1,1589784195284,0,0
plugin_ios_activity_recognition,,0,2,0,99fd867d-73c2-4fa7-a289-16ce83a6376d,219WT,,0,0,1589784198488,0,0
plugin_ios_activity_recognition,"[""stationary""]",0,2,0,99fd867d-73c2-4fa7-a289-16ce83a6376d,219WT,,0,1,1589784209709,0,0
plugin_ios_activity_recognition,,0,2,0,99fd867d-73c2-4fa7-a289-16ce83a6376d,219WT,,0,0,1589784250746,0,0
plugin_ios_activity_recognition,"[""stationary""]",0,2,0,99fd867d-73c2-4fa7-a289-16ce83a6376d,219WT,,0,1,1589784255875,0,0
plugin_ios_activity_recognition,,0,2,0,99fd867d-73c2-4fa7-a289-16ce83a6376d,219WT,,0,0,1589784263248,0,0
plugin_ios_activity_recognition,"[""stationary""]",0,2,0,99fd867d-73c2-4fa7-a289-16ce83a6376d,219WT,,0,1,1589784302359,0,0
plugin_ios_activity_recognition,,0,2,0,99fd867d-73c2-4fa7-a289-16ce83a6376d,219WT,,0,0,1589784315504,0,0
plugin_ios_activity_recognition,"[""stationary""]",0,2,0,99fd867d-73c2-4fa7-a289-16ce83a6376d,219WT,,0,1,1589784319030,0,0
plugin_ios_activity_recognition,,0,2,0,99fd867d-73c2-4fa7-a289-16ce83a6376d,219WT,,0,0,1589784340511,0,0
plugin_ios_activity_recognition,"[""stationary""]",0,2,0,99fd867d-73c2-4fa7-a289-16ce83a6376d,219WT,,0,1,1589784355902,0,0
plugin_ios_activity_recognition,,0,2,0,99fd867d-73c2-4fa7-a289-16ce83a6376d,219WT,,0,0,1589784370651,0,0
plugin_ios_activity_recognition,"[""stationary""]",0,2,0,99fd867d-73c2-4fa7-a289-16ce83a6376d,219WT,,0,1,1589784374822,0,0
plugin_ios_activity_recognition,,0,2,0,99fd867d-73c2-4fa7-a289-16ce83a6376d,219WT,,0,0,1589784377064,0,0
plugin_ios_activity_recognition,"[""stationary""]",0,2,0,99fd867d-73c2-4fa7-a289-16ce83a6376d,219WT,,0,1,1589784380590,0,0
plugin_ios_activity_recognition,,0,2,0,99fd867d-73c2-4fa7-a289-16ce83a6376d,219WT,,0,0,1589784381232,0,0
plugin_ios_activity_recognition,"[""stationary""]",0,2,0,99fd867d-73c2-4fa7-a289-16ce83a6376d,219WT,,0,1,1589784384759,0,0
plugin_ios_activity_recognition,,0,2,0,99fd867d-73c2-4fa7-a289-16ce83a6376d,219WT,,0,0,1589784387647,0,0
plugin_ios_activity_recognition,"[""stationary""]",0,2,0,99fd867d-73c2-4fa7-a289-16ce83a6376d,219WT,,0,1,1589784395981,0,0
plugin_ios_activity_recognition,,0,2,0,99fd867d-73c2-4fa7-a289-16ce83a6376d,219WT,,0,0,1589784436703,0,0
plugin_ios_activity_recognition,"[""stationary""]",0,2,0,99fd867d-73c2-4fa7-a289-16ce83a6376d,219WT,,0,1,1589784454659,0,0
plugin_ios_activity_recognition,,0,2,0,99fd867d-73c2-4fa7-a289-16ce83a6376d,219WT,,0,0,1589784460742,0,0
plugin_ios_activity_recognition,"[""stationary""]",0,2,0,99fd867d-73c2-4fa7-a289-16ce83a6376d,219WT,,0,1,1589784464269,0,0
plugin_ios_activity_recognition,,0,2,0,99fd867d-73c2-4fa7-a289-16ce83a6376d,219WT,,0,0,1589784469399,0,0
plugin_ios_activity_recognition,"[""stationary""]",0,2,0,99fd867d-73c2-4fa7-a289-16ce83a6376d,219WT,,0,1,1589784477094,0,0
plugin_ios_activity_recognition,"[""stationary""]",0,2,0,99fd867d-73c2-4fa7-a289-16ce83a6376d,219WT,supplement,0,1,1589784537094,0,0
plugin_ios_activity_recognition,"[""stationary""]",0,2,0,99fd867d-73c2-4fa7-a289-16ce83a6376d,219WT,supplement,0,1,1589784597094,0,0
plugin_ios_activity_recognition,,0,2,0,99fd867d-73c2-4fa7-a289-16ce83a6376d,219WT,,0,0,1589784615917,0,0
plugin_ios_activity_recognition,"[""stationary""]",0,2,0,99fd867d-73c2-4fa7-a289-16ce83a6376d,219WT,,0,1,1589784624245,0,0
plugin_ios_activity_recognition,"[""stationary""]",0,2,0,99fd867d-73c2-4fa7-a289-16ce83a6376d,219WT,supplement,0,1,1589784657094,0,0
plugin_ios_activity_recognition,"[""stationary""]",0,2,0,99fd867d-73c2-4fa7-a289-16ce83a6376d,219WT,supplement,0,1,1589784684245,0,0
plugin_ios_activity_recognition,,0,2,0,99fd867d-73c2-4fa7-a289-16ce83a6376d,219WT,,0,0,1589784707595,0,0
plugin_ios_activity_recognition,"[""stationary""]",0,2,0,99fd867d-73c2-4fa7-a289-16ce83a6376d,219WT,,0,1,1589784711122,0,0
plugin_ios_activity_recognition,,0,2,0,99fd867d-73c2-4fa7-a289-16ce83a6376d,219WT,,0,0,1589784743508,0,0
plugin_ios_activity_recognition,"[""stationary""]",0,2,0,99fd867d-73c2-4fa7-a289-16ce83a6376d,219WT,supplement,0,1,1589784744245,0,0
plugin_ios_activity_recognition,"[""stationary""]",0,2,0,99fd867d-73c2-4fa7-a289-16ce83a6376d,219WT,,0,1,1589784751848,0,0
plugin_ios_activity_recognition,,0,2,0,99fd867d-73c2-4fa7-a289-16ce83a6376d,219WT,,0,0,1589784764030,0,0
plugin_ios_activity_recognition,,0,2,0,99fd867d-73c2-4fa7-a289-16ce83a6376d,219WT,supplement,0,0,1589784824030,0,0
plugin_ios_activity_recognition,"[""stationary""]",0,2,0,99fd867d-73c2-4fa7-a289-16ce83a6376d,219WT,,0,1,1589784839379,0,0
plugin_ios_activity_recognition,,0,2,0,99fd867d-73c2-4fa7-a289-16ce83a6376d,219WT,,0,0,1589784847073,0,0
plugin_ios_activity_recognition,"[""stationary""]",0,2,0,99fd867d-73c2-4fa7-a289-16ce83a6376d,219WT,,0,1,1589784852524,0,0
plugin_ios_activity_recognition,,0,2,0,99fd867d-73c2-4fa7-a289-16ce83a6376d,219WT,,0,0,1589784855089,0,0
plugin_ios_activity_recognition,"[""stationary""]",0,2,0,99fd867d-73c2-4fa7-a289-16ce83a6376d,219WT,,0,1,1589784864387,0,0
plugin_ios_activity_recognition,,0,2,0,99fd867d-73c2-4fa7-a289-16ce83a6376d,219WT,,0,0,1589784869518,0,0
plugin_ios_activity_recognition,,0,2,0,99fd867d-73c2-4fa7-a289-16ce83a6376d,219WT,supplement,0,0,1589784884030,0,0
plugin_ios_activity_recognition,"[""stationary""]",0,2,0,99fd867d-73c2-4fa7-a289-16ce83a6376d,219WT,,0,1,1589784887152,0,0
plugin_ios_activity_recognition,,0,2,0,99fd867d-73c2-4fa7-a289-16ce83a6376d,219WT,,0,0,1589784904465,0,0
plugin_ios_activity_recognition,"[""stationary""]",0,2,0,99fd867d-73c2-4fa7-a289-16ce83a6376d,219WT,,0,1,1589784917610,0,0
plugin_ios_activity_recognition,,0,2,0,99fd867d-73c2-4fa7-a289-16ce83a6376d,219WT,,0,0,1589784929474,0,0
plugin_ios_activity_recognition,"[""stationary""]",0,2,0,99fd867d-73c2-4fa7-a289-16ce83a6376d,219WT,,0,1,1589784944545,0,0
plugin_ios_activity_recognition,,0,2,0,99fd867d-73c2-4fa7-a289-16ce83a6376d,219WT,,0,0,1589784953203,0,0
plugin_ios_activity_recognition,"[""stationary""]",0,2,0,99fd867d-73c2-4fa7-a289-16ce83a6376d,219WT,,0,1,1589784959937,0,0
plugin_ios_activity_recognition,,0,2,0,99fd867d-73c2-4fa7-a289-16ce83a6376d,219WT,,0,0,1589784962184,0,0
plugin_ios_activity_recognition,"[""stationary""]",0,2,0,99fd867d-73c2-4fa7-a289-16ce83a6376d,219WT,,0,1,1589784966991,0,0
plugin_ios_activity_recognition,,0,2,0,99fd867d-73c2-4fa7-a289-16ce83a6376d,219WT,,0,0,1589784973083,0,0
plugin_ios_activity_recognition,"[""stationary""]",0,2,0,99fd867d-73c2-4fa7-a289-16ce83a6376d,219WT,,0,1,1589784980459,0,0
plugin_ios_activity_recognition,,0,2,0,99fd867d-73c2-4fa7-a289-16ce83a6376d,219WT,,0,0,1589784984627,0,0
plugin_ios_activity_recognition,"[""stationary""]",0,2,0,99fd867d-73c2-4fa7-a289-16ce83a6376d,219WT,,0,1,1589785001303,0,0
plugin_ios_activity_recognition,,0,2,0,99fd867d-73c2-4fa7-a289-16ce83a6376d,219WT,,0,0,1589785004189,0,0
plugin_ios_activity_recognition,"[""stationary""]",0,2,0,99fd867d-73c2-4fa7-a289-16ce83a6376d,219WT,,0,1,1589785013167,0,0
plugin_ios_activity_recognition,,0,2,0,99fd867d-73c2-4fa7-a289-16ce83a6376d,219WT,,0,0,1589785016694,0,0
plugin_ios_activity_recognition,"[""stationary""]",0,2,0,99fd867d-73c2-4fa7-a289-16ce83a6376d,219WT,,0,1,1589785025673,0,0
plugin_ios_activity_recognition,,0,2,0,99fd867d-73c2-4fa7-a289-16ce83a6376d,219WT,,0,0,1589785064470,0,0
plugin_ios_activity_recognition,"[""stationary""]",0,2,0,99fd867d-73c2-4fa7-a289-16ce83a6376d,219WT,,0,1,1589785088840,0,0
plugin_ios_activity_recognition,,0,2,0,99fd867d-73c2-4fa7-a289-16ce83a6376d,219WT,,0,0,1589785089802,0,0
plugin_ios_activity_recognition,"[""stationary""]",0,2,0,99fd867d-73c2-4fa7-a289-16ce83a6376d,219WT,,0,1,1589785129242,0,0
plugin_ios_activity_recognition,,0,2,0,99fd867d-73c2-4fa7-a289-16ce83a6376d,219WT,,0,0,1589785129562,0,0
plugin_ios_activity_recognition,"[""stationary""]",0,2,0,99fd867d-73c2-4fa7-a289-16ce83a6376d,219WT,,0,1,1589785177668,0,0
plugin_ios_activity_recognition,,0,2,0,99fd867d-73c2-4fa7-a289-16ce83a6376d,219WT,,0,0,1589785194981,0,0
plugin_ios_activity_recognition,"[""stationary""]",0,2,0,99fd867d-73c2-4fa7-a289-16ce83a6376d,219WT,,0,1,1589785215183,0,0
plugin_ios_activity_recognition,,0,2,0,99fd867d-73c2-4fa7-a289-16ce83a6376d,219WT,,0,0,1589785225765,0,0
plugin_ios_activity_recognition,"[""stationary""]",0,2,0,99fd867d-73c2-4fa7-a289-16ce83a6376d,219WT,,0,1,1589785229933,0,0
plugin_ios_activity_recognition,,0,2,0,99fd867d-73c2-4fa7-a289-16ce83a6376d,219WT,,0,0,1589785244042,0,0
plugin_ios_activity_recognition,"[""stationary""]",0,2,0,99fd867d-73c2-4fa7-a289-16ce83a6376d,219WT,,0,1,1589785293741,0,0
plugin_ios_activity_recognition,,0,2,0,99fd867d-73c2-4fa7-a289-16ce83a6376d,219WT,,0,0,1589785299514,0,0
plugin_ios_activity_recognition,"[""stationary""]",0,2,0,99fd867d-73c2-4fa7-a289-16ce83a6376d,219WT,,0,1,1589785306568,0,0
plugin_ios_activity_recognition,,0,2,0,99fd867d-73c2-4fa7-a289-16ce83a6376d,219WT,,0,0,1589785328053,0,0
plugin_ios_activity_recognition,"[""stationary""]",0,2,0,99fd867d-73c2-4fa7-a289-16ce83a6376d,219WT,,0,1,1589785354351,0,0
plugin_ios_activity_recognition,,0,2,0,99fd867d-73c2-4fa7-a289-16ce83a6376d,219WT,,0,0,1589785370359,0,0
plugin_ios_activity_recognition,"[""stationary""]",0,2,0,99fd867d-73c2-4fa7-a289-16ce83a6376d,219WT,,0,1,1589785395370,0,0
plugin_ios_activity_recognition,,0,2,0,99fd867d-73c2-4fa7-a289-16ce83a6376d,219WT,,0,0,1589785398260,0,0
plugin_ios_activity_recognition,"[""stationary""]",0,2,0,99fd867d-73c2-4fa7-a289-16ce83a6376d,219WT,,0,1,1589785403707,0,0
plugin_ios_activity_recognition,,0,2,0,99fd867d-73c2-4fa7-a289-16ce83a6376d,219WT,,0,0,1589785412685,0,0
plugin_ios_activity_recognition,"[""stationary""]",0,2,0,99fd867d-73c2-4fa7-a289-16ce83a6376d,219WT,,0,1,1589785424548,0,0
plugin_ios_activity_recognition,,0,2,0,99fd867d-73c2-4fa7-a289-16ce83a6376d,219WT,,0,0,1589785467835,0,0
plugin_ios_activity_recognition,"[""stationary""]",0,2,0,99fd867d-73c2-4fa7-a289-16ce83a6376d,219WT,,0,1,1589785471362,0,0
plugin_ios_activity_recognition,,0,2,0,99fd867d-73c2-4fa7-a289-16ce83a6376d,219WT,,0,0,1589785473606,0,0
plugin_ios_activity_recognition,"[""stationary""]",0,2,0,99fd867d-73c2-4fa7-a289-16ce83a6376d,219WT,,0,1,1589785484187,0,0
plugin_ios_activity_recognition,,0,2,0,99fd867d-73c2-4fa7-a289-16ce83a6376d,219WT,,0,0,1589785498936,0,0
plugin_ios_activity_recognition,"[""stationary""]",0,2,0,99fd867d-73c2-4fa7-a289-16ce83a6376d,219WT,,0,1,1589785504067,0,0
plugin_ios_activity_recognition,,0,2,0,99fd867d-73c2-4fa7-a289-16ce83a6376d,219WT,,0,0,1589785538695,0,0
plugin_ios_activity_recognition,"[""stationary""]",0,2,0,99fd867d-73c2-4fa7-a289-16ce83a6376d,219WT,,0,1,1589785544146,0,0
plugin_ios_activity_recognition,,0,2,0,99fd867d-73c2-4fa7-a289-16ce83a6376d,219WT,,0,0,1589785545749,0,0
plugin_ios_activity_recognition,"[""stationary""]",0,2,0,99fd867d-73c2-4fa7-a289-16ce83a6376d,219WT,,0,1,1589785560179,0,0
plugin_ios_activity_recognition,,0,2,0,99fd867d-73c2-4fa7-a289-16ce83a6376d,219WT,,0,0,1589785562426,0,0
plugin_ios_activity_recognition,"[""stationary""]",0,2,0,99fd867d-73c2-4fa7-a289-16ce83a6376d,219WT,,0,1,1589785565950,0,0
plugin_ios_activity_recognition,,0,2,0,99fd867d-73c2-4fa7-a289-16ce83a6376d,219WT,,0,0,1589785573646,0,0
plugin_ios_activity_recognition,"[""stationary""]",0,2,0,99fd867d-73c2-4fa7-a289-16ce83a6376d,219WT,,0,1,1589785581343,0,0
plugin_ios_activity_recognition,,0,2,0,99fd867d-73c2-4fa7-a289-16ce83a6376d,219WT,,0,0,1589785585515,0,0
plugin_ios_activity_recognition,"[""stationary""]",0,2,0,99fd867d-73c2-4fa7-a289-16ce83a6376d,219WT,,0,1,1589785593529,0,0
plugin_ios_activity_recognition,,0,2,0,99fd867d-73c2-4fa7-a289-16ce83a6376d,219WT,,0,0,1589785599943,0,0
plugin_ios_activity_recognition,"[""stationary""]",0,2,0,99fd867d-73c2-4fa7-a289-16ce83a6376d,219WT,,0,1,1589785603474,0,0
plugin_ios_activity_recognition,,0,2,0,99fd867d-73c2-4fa7-a289-16ce83a6376d,219WT,,0,0,1589785612130,0,0
plugin_ios_activity_recognition,"[""walking""]",0,1,0,99fd867d-73c2-4fa7-a289-16ce83a6376d,219WT,,0,0,1589785618870,0,1
plugin_ios_activity_recognition,"[""walking""]",0,2,0,99fd867d-73c2-4fa7-a289-16ce83a6376d,219WT,,0,0,1589785632332,0,1
plugin_ios_activity_recognition,"[""stationary""]",0,2,0,99fd867d-73c2-4fa7-a289-16ce83a6376d,219WT,,0,1,1589785651572,0,0
plugin_ios_activity_recognition,"[""walking""]",0,2,0,99fd867d-73c2-4fa7-a289-16ce83a6376d,219WT,,0,0,1589785675621,0,1
plugin_ios_activity_recognition,"[""stationary""]",0,2,0,99fd867d-73c2-4fa7-a289-16ce83a6376d,219WT,,0,1,1589785679789,0,0
plugin_ios_activity_recognition,,0,2,0,99fd867d-73c2-4fa7-a289-16ce83a6376d,219WT,,0,0,1589785717882,0,0
plugin_ios_activity_recognition,"[""stationary""]",0,2,0,99fd867d-73c2-4fa7-a289-16ce83a6376d,219WT,,0,1,1589785729718,0,0
plugin_ios_activity_recognition,"[""stationary""]",0,2,0,99fd867d-73c2-4fa7-a289-16ce83a6376d,219WT,supplement,0,1,1589785789718,0,0
plugin_ios_activity_recognition,"[""stationary""]",0,2,0,99fd867d-73c2-4fa7-a289-16ce83a6376d,219WT,supplement,0,1,1589785849718,0,0
plugin_ios_activity_recognition,,0,2,0,99fd867d-73c2-4fa7-a289-16ce83a6376d,219WT,,0,0,1589785859595,0,0
plugin_ios_activity_recognition,"[""walking""]",0,1,0,99fd867d-73c2-4fa7-a289-16ce83a6376d,219WT,,0,0,1589785862155,0,1
plugin_ios_activity_recognition,"[""stationary""]",0,2,0,99fd867d-73c2-4fa7-a289-16ce83a6376d,219WT,,0,1,1589785872707,0,0
plugin_ios_activity_recognition,"[""walking""]",0,2,0,99fd867d-73c2-4fa7-a289-16ce83a6376d,219WT,,0,0,1589785883904,0,1
plugin_ios_activity_recognition,"[""stationary""]",0,2,0,99fd867d-73c2-4fa7-a289-16ce83a6376d,219WT,,0,1,1589785905334,0,0
plugin_ios_activity_recognition,"[""stationary""]",0,2,0,99fd867d-73c2-4fa7-a289-16ce83a6376d,219WT,supplement,0,1,1589785909718,0,0
plugin_ios_activity_recognition,,0,2,0,99fd867d-73c2-4fa7-a289-16ce83a6376d,219WT,,0,0,1589785928369,0,0
plugin_ios_activity_recognition,"[""stationary""]",0,2,0,99fd867d-73c2-4fa7-a289-16ce83a6376d,219WT,,0,1,1589785936045,0,0
plugin_ios_activity_recognition,,0,2,0,99fd867d-73c2-4fa7-a289-16ce83a6376d,219WT,,0,0,1589785968675,0,0
plugin_ios_activity_recognition,"[""stationary""]",0,2,0,99fd867d-73c2-4fa7-a289-16ce83a6376d,219WT,,0,1,1589785972514,0,0
plugin_ios_activity_recognition,,0,2,0,99fd867d-73c2-4fa7-a289-16ce83a6376d,219WT,,0,0,1589785998108,0,0
plugin_ios_activity_recognition,"[""stationary""]",0,2,0,99fd867d-73c2-4fa7-a289-16ce83a6376d,219WT,,0,1,1589786016342,0,0
plugin_ios_activity_recognition,,0,2,0,99fd867d-73c2-4fa7-a289-16ce83a6376d,219WT,,0,0,1589786016982,0,0
plugin_ios_activity_recognition,"[""stationary""]",0,2,0,99fd867d-73c2-4fa7-a289-16ce83a6376d,219WT,,0,1,1589786076500,0,0
plugin_ios_activity_recognition,,0,2,0,99fd867d-73c2-4fa7-a289-16ce83a6376d,219WT,,0,0,1589786081309,0,0
plugin_ios_activity_recognition,"[""walking""]",0,1,0,99fd867d-73c2-4fa7-a289-16ce83a6376d,219WT,,0,0,1589786089971,0,1
plugin_ios_activity_recognition,"[""walking""]",0,2,0,99fd867d-73c2-4fa7-a289-16ce83a6376d,219WT,,0,0,1589786092536,0,1
plugin_ios_activity_recognition,,0,2,0,99fd867d-73c2-4fa7-a289-16ce83a6376d,219WT,,0,0,1589786143715,0,0
plugin_ios_activity_recognition,"[""walking""]",0,1,0,99fd867d-73c2-4fa7-a289-16ce83a6376d,219WT,,0,0,1589786169334,0,1
plugin_ios_activity_recognition,"[""walking""]",0,2,0,99fd867d-73c2-4fa7-a289-16ce83a6376d,219WT,,0,0,1589786171893,0,1
plugin_ios_activity_recognition,"[""stationary""]",0,2,0,99fd867d-73c2-4fa7-a289-16ce83a6376d,219WT,,0,1,1589786226585,0,0
plugin_ios_activity_recognition,,0,2,0,99fd867d-73c2-4fa7-a289-16ce83a6376d,219WT,,0,0,1589786231063,0,0
plugin_ios_activity_recognition,"[""stationary""]",0,2,0,99fd867d-73c2-4fa7-a289-16ce83a6376d,219WT,,0,1,1589786243858,0,0
plugin_ios_activity_recognition,,0,2,0,99fd867d-73c2-4fa7-a289-16ce83a6376d,219WT,,0,0,1589786274567,0,0
plugin_ios_activity_recognition,"[""walking""]",0,1,0,99fd867d-73c2-4fa7-a289-16ce83a6376d,219WT,,0,0,1589786289616,0,1
plugin_ios_activity_recognition,"[""walking""]",0,2,0,99fd867d-73c2-4fa7-a289-16ce83a6376d,219WT,,0,0,1589786292180,0,1
plugin_ios_activity_recognition,"[""stationary""]",0,2,0,99fd867d-73c2-4fa7-a289-16ce83a6376d,219WT,,0,1,1589786320294,0,0
plugin_ios_activity_recognition,,0,2,0,99fd867d-73c2-4fa7-a289-16ce83a6376d,219WT,,0,0,1589786363796,0,0
plugin_ios_activity_recognition,,0,2,0,99fd867d-73c2-4fa7-a289-16ce83a6376d,219WT,supplement,0,0,1589786423796,0,0
plugin_ios_activity_recognition,"[""stationary""]",0,2,0,99fd867d-73c2-4fa7-a289-16ce83a6376d,219WT,,0,1,1589786483611,0,0
plugin_ios_activity_recognition,,0,2,0,99fd867d-73c2-4fa7-a289-16ce83a6376d,219WT,supplement,0,0,1589786483796,0,0
plugin_ios_activity_recognition,,0,2,0,99fd867d-73c2-4fa7-a289-16ce83a6376d,219WT,,0,0,1589786489387,0,0
plugin_ios_activity_recognition,,0,2,0,99fd867d-73c2-4fa7-a289-16ce83a6376d,219WT,supplement,0,0,1589786549387,0,0
plugin_ios_activity_recognition,,0,2,0,99fd867d-73c2-4fa7-a289-16ce83a6376d,219WT,supplement,0,0,1589786609387,0,0
plugin_ios_activity_recognition,,0,2,0,99fd867d-73c2-4fa7-a289-16ce83a6376d,219WT,supplement,0,0,1589786669387,0,0
plugin_ios_activity_recognition,,0,2,0,99fd867d-73c2-4fa7-a289-16ce83a6376d,219WT,supplement,0,0,1589786729387,0,0
plugin_ios_activity_recognition,,0,2,0,99fd867d-73c2-4fa7-a289-16ce83a6376d,219WT,supplement,0,0,1589786789387,0,0
plugin_ios_activity_recognition,"[""stationary""]",0,2,0,99fd867d-73c2-4fa7-a289-16ce83a6376d,219WT,,0,1,1589786848822,0,0
plugin_ios_activity_recognition,,0,2,0,99fd867d-73c2-4fa7-a289-16ce83a6376d,219WT,supplement,0,0,1589786849387,0,0
plugin_ios_activity_recognition,,0,2,0,99fd867d-73c2-4fa7-a289-16ce83a6376d,219WT,,0,0,1589786851390,0,0
plugin_ios_activity_recognition,"[""stationary""]",0,2,0,99fd867d-73c2-4fa7-a289-16ce83a6376d,219WT,,0,1,1589786910979,0,0
plugin_ios_activity_recognition,,0,2,0,99fd867d-73c2-4fa7-a289-16ce83a6376d,219WT,,0,0,1589786922175,0,0
plugin_ios_activity_recognition,,0,2,0,99fd867d-73c2-4fa7-a289-16ce83a6376d,219WT,supplement,0,0,1589786982175,0,0
plugin_ios_activity_recognition,"[""stationary""]",0,2,0,99fd867d-73c2-4fa7-a289-16ce83a6376d,219WT,,0,1,1589787041527,0,0
plugin_ios_activity_recognition,,0,2,0,99fd867d-73c2-4fa7-a289-16ce83a6376d,219WT,,0,0,1589787041848,0,0
plugin_ios_activity_recognition,,0,2,0,99fd867d-73c2-4fa7-a289-16ce83a6376d,219WT,supplement,0,0,1589787042175,0,0
plugin_ios_activity_recognition,"[""stationary""]",0,2,0,99fd867d-73c2-4fa7-a289-16ce83a6376d,219WT,,0,1,1589787069361,0,0
plugin_ios_activity_recognition,,0,2,0,99fd867d-73c2-4fa7-a289-16ce83a6376d,219WT,,0,0,1589787071610,0,0
plugin_ios_activity_recognition,"[""stationary""]",0,2,0,99fd867d-73c2-4fa7-a289-16ce83a6376d,219WT,,0,1,1589787089885,0,0
plugin_ios_activity_recognition,,0,2,0,99fd867d-73c2-4fa7-a289-16ce83a6376d,219WT,,0,0,1589787095335,0,0
plugin_ios_activity_recognition,"[""stationary""]",0,2,0,99fd867d-73c2-4fa7-a289-16ce83a6376d,219WT,,0,1,1589787143686,0,0
plugin_ios_activity_recognition,,0,2,0,99fd867d-73c2-4fa7-a289-16ce83a6376d,219WT,,0,0,1589787146571,0,0
plugin_ios_activity_recognition,"[""stationary""]",0,2,0,99fd867d-73c2-4fa7-a289-16ce83a6376d,219WT,,0,1,1589787161318,0,0
plugin_ios_activity_recognition,,0,2,0,99fd867d-73c2-4fa7-a289-16ce83a6376d,219WT,,0,0,1589787162918,0,0
plugin_ios_activity_recognition,"[""stationary""]",0,2,0,99fd867d-73c2-4fa7-a289-16ce83a6376d,219WT,,0,1,1589787188876,0,0
plugin_ios_activity_recognition,,0,2,0,99fd867d-73c2-4fa7-a289-16ce83a6376d,219WT,,0,0,1589787197529,0,0
plugin_ios_activity_recognition,"[""stationary""]",0,2,0,99fd867d-73c2-4fa7-a289-16ce83a6376d,219WT,,0,1,1589787201694,0,0
plugin_ios_activity_recognition,,0,2,0,99fd867d-73c2-4fa7-a289-16ce83a6376d,219WT,,0,0,1589787206180,0,0
plugin_ios_activity_recognition,"[""stationary""]",0,2,0,99fd867d-73c2-4fa7-a289-16ce83a6376d,219WT,,0,1,1589787210987,0,0
plugin_ios_activity_recognition,,0,2,0,99fd867d-73c2-4fa7-a289-16ce83a6376d,219WT,,0,0,1589787213230,0,0
plugin_ios_activity_recognition,"[""stationary""]",0,2,0,99fd867d-73c2-4fa7-a289-16ce83a6376d,219WT,,0,1,1589787224116,0,0
plugin_ios_activity_recognition,,0,2,0,99fd867d-73c2-4fa7-a289-16ce83a6376d,219WT,,0,0,1589787225396,0,0
plugin_ios_activity_recognition,"[""stationary""]",0,2,0,99fd867d-73c2-4fa7-a289-16ce83a6376d,219WT,,0,1,1589787280775,0,0
plugin_ios_activity_recognition,,0,2,0,99fd867d-73c2-4fa7-a289-16ce83a6376d,219WT,,0,0,1589787289431,0,0
plugin_ios_activity_recognition,"[""stationary""]",0,2,0,99fd867d-73c2-4fa7-a289-16ce83a6376d,219WT,,0,1,1589787325952,0,0
plugin_ios_activity_recognition,,0,2,0,99fd867d-73c2-4fa7-a289-16ce83a6376d,219WT,,0,0,1589787326593,0,0
plugin_ios_activity_recognition,,0,2,0,99fd867d-73c2-4fa7-a289-16ce83a6376d,219WT,supplement,0,0,1589787386593,0,0
plugin_ios_activity_recognition,"[""walking""]",0,1,0,99fd867d-73c2-4fa7-a289-16ce83a6376d,219WT,,0,0,1589787404745,0,1
plugin_ios_activity_recognition,"[""walking""]",0,2,0,99fd867d-73c2-4fa7-a289-16ce83a6376d,219WT,,0,0,1589787409870,0,1
plugin_ios_activity_recognition,,0,2,0,99fd867d-73c2-4fa7-a289-16ce83a6376d,219WT,supplement,0,0,1589787446593,0,0
plugin_ios_activity_recognition,"[""walking""]",0,2,0,99fd867d-73c2-4fa7-a289-16ce83a6376d,219WT,supplement,0,0,1589787469870,0,1
plugin_ios_activity_recognition,,0,2,0,99fd867d-73c2-4fa7-a289-16ce83a6376d,219WT,,0,0,1589787471278,0,0
plugin_ios_activity_recognition,"[""walking""]",0,2,0,99fd867d-73c2-4fa7-a289-16ce83a6376d,219WT,supplement,0,0,1589787529870,0,1
plugin_ios_activity_recognition,,0,2,0,99fd867d-73c2-4fa7-a289-16ce83a6376d,219WT,supplement,0,0,1589787531278,0,0
plugin_ios_activity_recognition,"[""stationary""]",0,2,0,99fd867d-73c2-4fa7-a289-16ce83a6376d,219WT,,0,1,1589787533123,0,0
plugin_ios_activity_recognition,,0,2,0,99fd867d-73c2-4fa7-a289-16ce83a6376d,219WT,,0,0,1589787533763,0,0
plugin_ios_activity_recognition,"[""stationary""]",0,2,0,99fd867d-73c2-4fa7-a289-16ce83a6376d,219WT,,0,1,1589787537932,0,0
plugin_ios_activity_recognition,,0,2,0,99fd867d-73c2-4fa7-a289-16ce83a6376d,219WT,,0,0,1589787546582,0,0
plugin_ios_activity_recognition,"[""stationary""]",0,2,0,99fd867d-73c2-4fa7-a289-16ce83a6376d,219WT,,0,1,1589787583757,0,0
plugin_ios_activity_recognition,,0,2,0,99fd867d-73c2-4fa7-a289-16ce83a6376d,219WT,,0,0,1589787586321,0,0
plugin_ios_activity_recognition,,0,2,0,99fd867d-73c2-4fa7-a289-16ce83a6376d,219WT,supplement,0,0,1589787591278,0,0
plugin_ios_activity_recognition,"[""stationary""]",0,2,0,99fd867d-73c2-4fa7-a289-16ce83a6376d,219WT,,0,1,1589787600744,0,0
plugin_ios_activity_recognition,,0,2,0,99fd867d-73c2-4fa7-a289-16ce83a6376d,219WT,,0,0,1589787605872,0,0
plugin_ios_activity_recognition,"[""stationary""]",0,2,0,99fd867d-73c2-4fa7-a289-16ce83a6376d,219WT,,0,1,1589787627026,0,0
plugin_ios_activity_recognition,,0,2,0,99fd867d-73c2-4fa7-a289-16ce83a6376d,219WT,,0,0,1589787630234,0,0
plugin_ios_activity_recognition,"[""stationary""]",0,2,0,99fd867d-73c2-4fa7-a289-16ce83a6376d,219WT,,0,1,1589787651064,0,0
plugin_ios_activity_recognition,,0,2,0,99fd867d-73c2-4fa7-a289-16ce83a6376d,219WT,,0,0,1589787652347,0,0
plugin_ios_activity_recognition,"[""stationary""]",0,2,0,99fd867d-73c2-4fa7-a289-16ce83a6376d,219WT,,0,1,1589787706195,0,0
plugin_ios_activity_recognition,,0,2,0,99fd867d-73c2-4fa7-a289-16ce83a6376d,219WT,,0,0,1589787712924,0,0
plugin_ios_activity_recognition,,0,2,0,99fd867d-73c2-4fa7-a289-16ce83a6376d,219WT,supplement,0,0,1589787772924,0,0
plugin_ios_activity_recognition,,0,2,0,99fd867d-73c2-4fa7-a289-16ce83a6376d,219WT,supplement,0,0,1589787832924,0,0
plugin_ios_activity_recognition,"[""stationary""]",0,2,0,99fd867d-73c2-4fa7-a289-16ce83a6376d,219WT,,0,1,1589787877542,0,0
plugin_ios_activity_recognition,,0,2,0,99fd867d-73c2-4fa7-a289-16ce83a6376d,219WT,,0,0,1589787884915,0,0
plugin_ios_activity_recognition,,0,2,0,99fd867d-73c2-4fa7-a289-16ce83a6376d,219WT,supplement,0,0,1589787892924,0,0
plugin_ios_activity_recognition,"[""stationary""]",0,2,0,99fd867d-73c2-4fa7-a289-16ce83a6376d,219WT,,0,1,1589787907312,0,0
plugin_ios_activity_recognition,,0,2,0,99fd867d-73c2-4fa7-a289-16ce83a6376d,219WT,,0,0,1589787919147,0,0
plugin_ios_activity_recognition,"[""stationary""]",0,2,0,99fd867d-73c2-4fa7-a289-16ce83a6376d,219WT,,0,1,1589787930342,0,0
plugin_ios_activity_recognition,,0,2,0,99fd867d-73c2-4fa7-a289-16ce83a6376d,219WT,,0,0,1589787940898,0,0
plugin_ios_activity_recognition,"[""walking""]",0,1,0,99fd867d-73c2-4fa7-a289-16ce83a6376d,219WT,,0,0,1589787945382,0,1
plugin_ios_activity_recognition,"[""walking""]",0,2,0,99fd867d-73c2-4fa7-a289-16ce83a6376d,219WT,,0,0,1589787950498,0,1
plugin_ios_activity_recognition,"[""stationary""]",0,2,0,99fd867d-73c2-4fa7-a289-16ce83a6376d,219WT,,0,1,1589787995274,0,0
plugin_ios_activity_recognition,,0,2,0,99fd867d-73c2-4fa7-a289-16ce83a6376d,219WT,,0,0,1589788007109,0,0
plugin_ios_activity_recognition,"[""walking""]",0,1,0,99fd867d-73c2-4fa7-a289-16ce83a6376d,219WT,,0,0,1589788014472,0,1
plugin_ios_activity_recognition,"[""walking""]",0,2,0,99fd867d-73c2-4fa7-a289-16ce83a6376d,219WT,,0,0,1589788017665,0,1
plugin_ios_activity_recognition,"[""stationary""]",0,2,0,99fd867d-73c2-4fa7-a289-16ce83a6376d,219WT,,0,1,1589788037817,0,0
plugin_ios_activity_recognition,"[""walking""]",0,2,0,99fd867d-73c2-4fa7-a289-16ce83a6376d,219WT,,0,0,1589788060531,0,1
plugin_ios_activity_recognition,"[""stationary""]",0,2,0,99fd867d-73c2-4fa7-a289-16ce83a6376d,219WT,,0,1,1589788067244,0,0
plugin_ios_activity_recognition,,0,2,0,99fd867d-73c2-4fa7-a289-16ce83a6376d,219WT,,0,0,1589788078120,0,0
plugin_ios_activity_recognition,"[""stationary""]",0,2,0,99fd867d-73c2-4fa7-a289-16ce83a6376d,219WT,,0,1,1589788137361,0,0
plugin_ios_activity_recognition,,0,2,0,99fd867d-73c2-4fa7-a289-16ce83a6376d,219WT,,0,0,1589788148553,0,0
plugin_ios_activity_recognition,"[""walking""]",0,1,0,99fd867d-73c2-4fa7-a289-16ce83a6376d,219WT,,0,0,1589788152717,0,1
plugin_ios_activity_recognition,"[""walking""]",0,2,0,99fd867d-73c2-4fa7-a289-16ce83a6376d,219WT,,0,0,1589788160391,0,1
plugin_ios_activity_recognition,"[""stationary""]",0,2,0,99fd867d-73c2-4fa7-a289-16ce83a6376d,219WT,,0,1,1589788163906,0,0
plugin_ios_activity_recognition,"[""walking""]",0,2,0,99fd867d-73c2-4fa7-a289-16ce83a6376d,219WT,,0,0,1589788164866,0,1
plugin_ios_activity_recognition,"[""stationary""]",0,2,0,99fd867d-73c2-4fa7-a289-16ce83a6376d,219WT,,0,1,1589788172223,0,0
plugin_ios_activity_recognition,"[""walking""]",0,2,0,99fd867d-73c2-4fa7-a289-16ce83a6376d,219WT,,0,0,1589788183739,0,1
plugin_ios_activity_recognition,,0,2,0,99fd867d-73c2-4fa7-a289-16ce83a6376d,219WT,,0,0,1589788211583,0,0
plugin_ios_activity_recognition,,0,2,0,99fd867d-73c2-4fa7-a289-16ce83a6376d,219WT,supplement,0,0,1589788271583,0,0
plugin_ios_activity_recognition,,0,2,0,99fd867d-73c2-4fa7-a289-16ce83a6376d,219WT,supplement,0,0,1589788331583,0,0
plugin_ios_activity_recognition,,0,2,0,99fd867d-73c2-4fa7-a289-16ce83a6376d,219WT,supplement,0,0,1589788391583,0,0
plugin_ios_activity_recognition,,0,2,0,99fd867d-73c2-4fa7-a289-16ce83a6376d,219WT,supplement,0,0,1589788451583,0,0
plugin_ios_activity_recognition,,0,2,0,99fd867d-73c2-4fa7-a289-16ce83a6376d,219WT,supplement,0,0,1589788511583,0,0
plugin_ios_activity_recognition,,0,2,0,99fd867d-73c2-4fa7-a289-16ce83a6376d,219WT,supplement,0,0,1589788571583,0,0
plugin_ios_activity_recognition,"[""stationary""]",0,2,0,99fd867d-73c2-4fa7-a289-16ce83a6376d,219WT,,0,1,1589788605579,0,0
plugin_ios_activity_recognition,,0,2,0,99fd867d-73c2-4fa7-a289-16ce83a6376d,219WT,,0,0,1589788612303,0,0
plugin_ios_activity_recognition,"[""stationary""]",0,2,0,99fd867d-73c2-4fa7-a289-16ce83a6376d,219WT,,0,1,1589788615828,0,0
plugin_ios_activity_recognition,,0,2,0,99fd867d-73c2-4fa7-a289-16ce83a6376d,219WT,,0,0,1589788619037,0,0
plugin_ios_activity_recognition,,0,2,0,99fd867d-73c2-4fa7-a289-16ce83a6376d,219WT,supplement,0,0,1589788631583,0,0
plugin_ios_activity_recognition,,0,2,0,99fd867d-73c2-4fa7-a289-16ce83a6376d,219WT,supplement,0,0,1589788679037,0,0
plugin_ios_activity_recognition,,0,2,0,99fd867d-73c2-4fa7-a289-16ce83a6376d,219WT,supplement,0,0,1589788739037,0,0
plugin_ios_activity_recognition,"[""stationary""]",0,2,0,99fd867d-73c2-4fa7-a289-16ce83a6376d,219WT,,0,1,1589788767071,0,0
plugin_ios_activity_recognition,,0,2,0,99fd867d-73c2-4fa7-a289-16ce83a6376d,219WT,,0,0,1589788769314,0,0
plugin_ios_activity_recognition,,0,2,0,99fd867d-73c2-4fa7-a289-16ce83a6376d,219WT,supplement,0,0,1589788799037,0,0
plugin_ios_activity_recognition,"[""stationary""]",0,2,0,99fd867d-73c2-4fa7-a289-16ce83a6376d,219WT,,0,1,1589788808704,0,0
plugin_ios_activity_recognition,,0,2,0,99fd867d-73c2-4fa7-a289-16ce83a6376d,219WT,,0,0,1589788813831,0,0
plugin_ios_activity_recognition,,0,2,0,99fd867d-73c2-4fa7-a289-16ce83a6376d,219WT,supplement,0,0,1589788873831,0,0
plugin_ios_activity_recognition,,0,2,0,99fd867d-73c2-4fa7-a289-16ce83a6376d,219WT,supplement,0,0,1589788933831,0,0
plugin_ios_activity_recognition,,0,2,0,99fd867d-73c2-4fa7-a289-16ce83a6376d,219WT,supplement,0,0,1589788993831,0,0
plugin_ios_activity_recognition,,0,2,0,99fd867d-73c2-4fa7-a289-16ce83a6376d,219WT,supplement,0,0,1589789053831,0,0
plugin_ios_activity_recognition,,0,2,0,99fd867d-73c2-4fa7-a289-16ce83a6376d,219WT,supplement,0,0,1589789113831,0,0
plugin_ios_activity_recognition,"[""stationary""]",0,2,0,99fd867d-73c2-4fa7-a289-16ce83a6376d,219WT,,0,1,1589789145633,0,0
plugin_ios_activity_recognition,,0,2,0,99fd867d-73c2-4fa7-a289-16ce83a6376d,219WT,,0,0,1589789172556,0,0
plugin_ios_activity_recognition,,0,2,0,99fd867d-73c2-4fa7-a289-16ce83a6376d,219WT,supplement,0,0,1589789173831,0,0
plugin_ios_activity_recognition,"[""stationary""]",0,2,0,99fd867d-73c2-4fa7-a289-16ce83a6376d,219WT,,0,1,1589789194970,0,0
plugin_ios_activity_recognition,,0,2,0,99fd867d-73c2-4fa7-a289-16ce83a6376d,219WT,,0,0,1589789203305,0,0
plugin_ios_activity_recognition,,0,2,0,99fd867d-73c2-4fa7-a289-16ce83a6376d,219WT,supplement,0,0,1589789263305,0,0
plugin_ios_activity_recognition,"[""stationary""]",0,2,0,99fd867d-73c2-4fa7-a289-16ce83a6376d,219WT,,0,1,1589789286959,0,0
plugin_ios_activity_recognition,,0,2,0,99fd867d-73c2-4fa7-a289-16ce83a6376d,219WT,,0,0,1589789298497,0,0
plugin_ios_activity_recognition,"[""stationary""]",0,2,0,99fd867d-73c2-4fa7-a289-16ce83a6376d,219WT,,0,1,1589789320934,0,0
plugin_ios_activity_recognition,,0,2,0,99fd867d-73c2-4fa7-a289-16ce83a6376d,219WT,,0,0,1589789322213,0,0
plugin_ios_activity_recognition,,0,2,0,99fd867d-73c2-4fa7-a289-16ce83a6376d,219WT,supplement,0,0,1589789323305,0,0
plugin_ios_activity_recognition,"[""stationary""]",0,2,0,99fd867d-73c2-4fa7-a289-16ce83a6376d,219WT,,0,1,1589789335673,0,0
plugin_ios_activity_recognition,,0,2,0,99fd867d-73c2-4fa7-a289-16ce83a6376d,219WT,,0,0,1589789345288,0,0
plugin_ios_activity_recognition,"[""stationary""]",0,2,0,99fd867d-73c2-4fa7-a289-16ce83a6376d,219WT,,0,1,1589789352980,0,0
plugin_ios_activity_recognition,,0,2,0,99fd867d-73c2-4fa7-a289-16ce83a6376d,219WT,,0,0,1589789356829,0,0
plugin_ios_activity_recognition,"[""stationary""]",0,2,0,99fd867d-73c2-4fa7-a289-16ce83a6376d,219WT,,0,1,1589789368685,0,0
plugin_ios_activity_recognition,,0,2,0,99fd867d-73c2-4fa7-a289-16ce83a6376d,219WT,,0,0,1589789370287,0,0
plugin_ios_activity_recognition,"[""stationary""]",0,2,0,99fd867d-73c2-4fa7-a289-16ce83a6376d,219WT,,0,1,1589789377979,0,0
plugin_ios_activity_recognition,,0,2,0,99fd867d-73c2-4fa7-a289-16ce83a6376d,219WT,,0,0,1589789382147,0,0
plugin_ios_activity_recognition,"[""stationary""]",0,2,0,99fd867d-73c2-4fa7-a289-16ce83a6376d,219WT,,0,1,1589789387916,0,0
plugin_ios_activity_recognition,,0,2,0,99fd867d-73c2-4fa7-a289-16ce83a6376d,219WT,,0,0,1589789389518,0,0
plugin_ios_activity_recognition,"[""stationary""]",0,2,0,99fd867d-73c2-4fa7-a289-16ce83a6376d,219WT,,0,1,1589789402658,0,0
plugin_ios_activity_recognition,,0,2,0,99fd867d-73c2-4fa7-a289-16ce83a6376d,219WT,,0,0,1589789404581,0,0
plugin_ios_activity_recognition,"[""stationary""]",0,2,0,99fd867d-73c2-4fa7-a289-16ce83a6376d,219WT,,0,1,1589789428938,0,0
plugin_ios_activity_recognition,,0,2,0,99fd867d-73c2-4fa7-a289-16ce83a6376d,219WT,,0,0,1589789448489,0,0
plugin_ios_activity_recognition,"[""stationary""]",0,2,0,99fd867d-73c2-4fa7-a289-16ce83a6376d,219WT,,0,1,1589789454261,0,0
plugin_ios_activity_recognition,,0,2,0,99fd867d-73c2-4fa7-a289-16ce83a6376d,219WT,,0,0,1589789457142,0,0
plugin_ios_activity_recognition,"[""stationary""]",0,2,0,99fd867d-73c2-4fa7-a289-16ce83a6376d,219WT,,0,1,1589789466436,0,0
plugin_ios_activity_recognition,,0,2,0,99fd867d-73c2-4fa7-a289-16ce83a6376d,219WT,,0,0,1589789484062,0,0
plugin_ios_activity_recognition,"[""stationary""]",0,2,0,99fd867d-73c2-4fa7-a289-16ce83a6376d,219WT,,0,1,1589789488229,0,0
plugin_ios_activity_recognition,,0,2,0,99fd867d-73c2-4fa7-a289-16ce83a6376d,219WT,,0,0,1589789493036,0,0
plugin_ios_activity_recognition,"[""stationary""]",0,2,0,99fd867d-73c2-4fa7-a289-16ce83a6376d,219WT,,0,1,1589789499124,0,0
plugin_ios_activity_recognition,,0,2,0,99fd867d-73c2-4fa7-a289-16ce83a6376d,219WT,,0,0,1589789510017,0,0
plugin_ios_activity_recognition,"[""stationary""]",0,2,0,99fd867d-73c2-4fa7-a289-16ce83a6376d,219WT,,0,1,1589789515464,0,0
plugin_ios_activity_recognition,,0,2,0,99fd867d-73c2-4fa7-a289-16ce83a6376d,219WT,,0,0,1589789543028,0,0
plugin_ios_activity_recognition,"[""stationary""]",0,2,0,99fd867d-73c2-4fa7-a289-16ce83a6376d,219WT,,0,1,1589789562260,0,0
plugin_ios_activity_recognition,,0,2,0,99fd867d-73c2-4fa7-a289-16ce83a6376d,219WT,,0,0,1589789570916,0,0
plugin_ios_activity_recognition,"[""stationary""]",0,2,0,99fd867d-73c2-4fa7-a289-16ce83a6376d,219WT,,0,1,1589789584057,0,0
plugin_ios_activity_recognition,,0,2,0,99fd867d-73c2-4fa7-a289-16ce83a6376d,219WT,,0,0,1589789588545,0,0
plugin_ios_activity_recognition,"[""stationary""]",0,2,0,99fd867d-73c2-4fa7-a289-16ce83a6376d,219WT,,0,1,1589789596238,0,0
plugin_ios_activity_recognition,,0,2,0,99fd867d-73c2-4fa7-a289-16ce83a6376d,219WT,,0,0,1589789601688,0,0
plugin_ios_activity_recognition,"[""stationary""]",0,2,0,99fd867d-73c2-4fa7-a289-16ce83a6376d,219WT,,0,1,1589789605214,0,0
plugin_ios_activity_recognition,,0,2,0,99fd867d-73c2-4fa7-a289-16ce83a6376d,219WT,,0,0,1589789611304,0,0
plugin_ios_activity_recognition,"[""stationary""]",0,2,0,99fd867d-73c2-4fa7-a289-16ce83a6376d,219WT,,0,1,1589789617716,0,0
plugin_ios_activity_recognition,,0,2,0,99fd867d-73c2-4fa7-a289-16ce83a6376d,219WT,,0,0,1589789669322,0,0
plugin_ios_activity_recognition,"[""stationary""]",0,2,0,99fd867d-73c2-4fa7-a289-16ce83a6376d,219WT,,0,1,1589789692081,0,0
plugin_ios_activity_recognition,,0,2,0,99fd867d-73c2-4fa7-a289-16ce83a6376d,219WT,,0,0,1589789693363,0,0
plugin_ios_activity_recognition,"[""stationary""]",0,2,0,99fd867d-73c2-4fa7-a289-16ce83a6376d,219WT,,0,1,1589789697854,0,0
plugin_ios_activity_recognition,,0,2,0,99fd867d-73c2-4fa7-a289-16ce83a6376d,219WT,,0,0,1589789737926,0,0
plugin_ios_activity_recognition,"[""stationary""]",0,2,0,99fd867d-73c2-4fa7-a289-16ce83a6376d,219WT,,0,1,1589789744021,0,0
plugin_ios_activity_recognition,,0,2,0,99fd867d-73c2-4fa7-a289-16ce83a6376d,219WT,,0,0,1589789803327,0,0
plugin_ios_activity_recognition,"[""stationary""]",0,2,0,99fd867d-73c2-4fa7-a289-16ce83a6376d,219WT,,0,1,1589789841796,0,0
plugin_ios_activity_recognition,,0,2,0,99fd867d-73c2-4fa7-a289-16ce83a6376d,219WT,,0,0,1589789844043,0,0
plugin_ios_activity_recognition,,0,2,0,99fd867d-73c2-4fa7-a289-16ce83a6376d,219WT,supplement,0,0,1589789904043,0,0
plugin_ios_activity_recognition,"[""stationary""]",0,2,0,99fd867d-73c2-4fa7-a289-16ce83a6376d,219WT,,0,1,1589789920334,0,0
plugin_ios_activity_recognition,,0,2,0,99fd867d-73c2-4fa7-a289-16ce83a6376d,219WT,,0,0,1589789922257,0,0
plugin_ios_activity_recognition,"[""stationary""]",0,2,0,99fd867d-73c2-4fa7-a289-16ce83a6376d,219WT,,0,1,1589789936365,0,0
plugin_ios_activity_recognition,,0,2,0,99fd867d-73c2-4fa7-a289-16ce83a6376d,219WT,,0,0,1589789937965,0,0
plugin_ios_activity_recognition,"[""stationary""]",0,2,0,99fd867d-73c2-4fa7-a289-16ce83a6376d,219WT,,0,1,1589789943414,0,0
plugin_ios_activity_recognition,,0,2,0,99fd867d-73c2-4fa7-a289-16ce83a6376d,219WT,,0,0,1589789959763,0,0
plugin_ios_activity_recognition,,0,2,0,99fd867d-73c2-4fa7-a289-16ce83a6376d,219WT,supplement,0,0,1589789964043,0,0
plugin_ios_activity_recognition,"[""stationary""]",0,2,0,99fd867d-73c2-4fa7-a289-16ce83a6376d,219WT,,0,1,1589789968740,0,0
plugin_ios_activity_recognition,,0,2,0,99fd867d-73c2-4fa7-a289-16ce83a6376d,219WT,,0,0,1589789974190,0,0
plugin_ios_activity_recognition,"[""stationary""]",0,2,0,99fd867d-73c2-4fa7-a289-16ce83a6376d,219WT,,0,1,1589789989256,0,0
plugin_ios_activity_recognition,,0,2,0,99fd867d-73c2-4fa7-a289-16ce83a6376d,219WT,,0,0,1589789989897,0,0
plugin_ios_activity_recognition,"[""stationary""]",0,2,0,99fd867d-73c2-4fa7-a289-16ce83a6376d,219WT,,0,1,1589789999834,0,0
plugin_ios_activity_recognition,,0,2,0,99fd867d-73c2-4fa7-a289-16ce83a6376d,219WT,,0,0,1589790013618,0,0
plugin_ios_activity_recognition,"[""stationary""]",0,2,0,99fd867d-73c2-4fa7-a289-16ce83a6376d,219WT,,0,1,1589790020029,0,0
plugin_ios_activity_recognition,,0,2,0,99fd867d-73c2-4fa7-a289-16ce83a6376d,219WT,,0,0,1589790056253,0,0
plugin_ios_activity_recognition,"[""stationary""]",0,2,0,99fd867d-73c2-4fa7-a289-16ce83a6376d,219WT,,0,1,1589790064909,0,0
plugin_ios_activity_recognition,,0,2,0,99fd867d-73c2-4fa7-a289-16ce83a6376d,219WT,,0,0,1589790072286,0,0
plugin_ios_activity_recognition,"[""stationary""]",0,2,0,99fd867d-73c2-4fa7-a289-16ce83a6376d,219WT,,0,1,1589790086389,0,0
plugin_ios_activity_recognition,,0,2,0,99fd867d-73c2-4fa7-a289-16ce83a6376d,219WT,,0,0,1589790110759,0,0
plugin_ios_activity_recognition,"[""stationary""]",0,2,0,99fd867d-73c2-4fa7-a289-16ce83a6376d,219WT,,0,1,1589790116847,0,0
plugin_ios_activity_recognition,,0,2,0,99fd867d-73c2-4fa7-a289-16ce83a6376d,219WT,,0,0,1589790171986,0,0
plugin_ios_activity_recognition,"[""stationary""]",0,2,0,99fd867d-73c2-4fa7-a289-16ce83a6376d,219WT,,0,1,1589790178397,0,0
plugin_ios_activity_recognition,,0,2,0,99fd867d-73c2-4fa7-a289-16ce83a6376d,219WT,,0,0,1589790185771,0,0
plugin_ios_activity_recognition,"[""stationary""]",0,2,0,99fd867d-73c2-4fa7-a289-16ce83a6376d,219WT,,0,1,1589790191221,0,0
plugin_ios_activity_recognition,,0,2,0,99fd867d-73c2-4fa7-a289-16ce83a6376d,219WT,,0,0,1589790199236,0,0
plugin_ios_activity_recognition,"[""stationary""]",0,2,0,99fd867d-73c2-4fa7-a289-16ce83a6376d,219WT,,0,1,1589790204045,0,0
plugin_ios_activity_recognition,,0,2,0,99fd867d-73c2-4fa7-a289-16ce83a6376d,219WT,,0,0,1589790211419,0,0
plugin_ios_activity_recognition,"[""stationary""]",0,2,0,99fd867d-73c2-4fa7-a289-16ce83a6376d,219WT,,0,1,1589790231299,0,0
plugin_ios_activity_recognition,,0,2,0,99fd867d-73c2-4fa7-a289-16ce83a6376d,219WT,,0,0,1589790233220,0,0
plugin_ios_activity_recognition,"[""stationary""]",0,2,0,99fd867d-73c2-4fa7-a289-16ce83a6376d,219WT,,0,1,1589790236746,0,0
plugin_ios_activity_recognition,,0,2,0,99fd867d-73c2-4fa7-a289-16ce83a6376d,219WT,,0,0,1589790252776,0,0
plugin_ios_activity_recognition,"[""stationary""]",0,2,0,99fd867d-73c2-4fa7-a289-16ce83a6376d,219WT,,0,1,1589790309169,0,0
plugin_ios_activity_recognition,,0,2,0,99fd867d-73c2-4fa7-a289-16ce83a6376d,219WT,,0,0,1589790310131,0,0
plugin_ios_activity_recognition,"[""stationary""]",0,2,0,99fd867d-73c2-4fa7-a289-16ce83a6376d,219WT,,0,1,1589790313659,0,0
plugin_ios_activity_recognition,,0,2,0,99fd867d-73c2-4fa7-a289-16ce83a6376d,219WT,,0,0,1589790319110,0,0
plugin_ios_activity_recognition,"[""stationary""]",0,2,0,99fd867d-73c2-4fa7-a289-16ce83a6376d,219WT,,0,1,1589790364646,0,0
plugin_ios_activity_recognition,,0,2,0,99fd867d-73c2-4fa7-a289-16ce83a6376d,219WT,,0,0,1589790370736,0,0
plugin_ios_activity_recognition,,0,2,0,99fd867d-73c2-4fa7-a289-16ce83a6376d,219WT,supplement,0,0,1589790430736,0,0
plugin_ios_activity_recognition,,0,2,0,99fd867d-73c2-4fa7-a289-16ce83a6376d,219WT,supplement,0,0,1589790490736,0,0
plugin_ios_activity_recognition,"[""stationary""]",0,2,0,99fd867d-73c2-4fa7-a289-16ce83a6376d,219WT,,0,1,1589790502857,0,0
plugin_ios_activity_recognition,,0,2,0,99fd867d-73c2-4fa7-a289-16ce83a6376d,219WT,,0,0,1589790515016,0,0
plugin_ios_activity_recognition,"[""stationary""]",0,2,0,99fd867d-73c2-4fa7-a289-16ce83a6376d,219WT,,0,1,1589790521750,0,0
plugin_ios_activity_recognition,,0,2,0,99fd867d-73c2-4fa7-a289-16ce83a6376d,219WT,,0,0,1589790530729,0,0
plugin_ios_activity_recognition,"[""stationary""]",0,2,0,99fd867d-73c2-4fa7-a289-16ce83a6376d,219WT,,0,1,1589790544837,0,0
plugin_ios_activity_recognition,,0,2,0,99fd867d-73c2-4fa7-a289-16ce83a6376d,219WT,supplement,0,0,1589790550736,0,0
plugin_ios_activity_recognition,,0,2,0,99fd867d-73c2-4fa7-a289-16ce83a6376d,219WT,,0,0,1589790552854,0,0
plugin_ios_activity_recognition,"[""stationary""]",0,2,0,99fd867d-73c2-4fa7-a289-16ce83a6376d,219WT,,0,1,1589790562474,0,0
plugin_ios_activity_recognition,,0,2,0,99fd867d-73c2-4fa7-a289-16ce83a6376d,219WT,,0,0,1589790567286,0,0
plugin_ios_activity_recognition,"[""stationary""]",0,2,0,99fd867d-73c2-4fa7-a289-16ce83a6376d,219WT,,0,1,1589790573696,0,0
plugin_ios_activity_recognition,,0,2,0,99fd867d-73c2-4fa7-a289-16ce83a6376d,219WT,,0,0,1589790575619,0,0
plugin_ios_activity_recognition,"[""stationary""]",0,2,0,99fd867d-73c2-4fa7-a289-16ce83a6376d,219WT,,0,1,1589790580750,0,0
plugin_ios_activity_recognition,,0,2,0,99fd867d-73c2-4fa7-a289-16ce83a6376d,219WT,,0,0,1589790590048,0,0
plugin_ios_activity_recognition,"[""stationary""]",0,2,0,99fd867d-73c2-4fa7-a289-16ce83a6376d,219WT,,0,1,1589790600307,0,0
plugin_ios_activity_recognition,,0,2,0,99fd867d-73c2-4fa7-a289-16ce83a6376d,219WT,,0,0,1589790601910,0,0
plugin_ios_activity_recognition,,0,2,0,99fd867d-73c2-4fa7-a289-16ce83a6376d,219WT,supplement,0,0,1589790661910,0,0
plugin_ios_activity_recognition,,0,2,0,99fd867d-73c2-4fa7-a289-16ce83a6376d,219WT,supplement,0,0,1589790721910,0,0
plugin_ios_activity_recognition,"[""stationary""]",0,2,0,99fd867d-73c2-4fa7-a289-16ce83a6376d,219WT,,0,1,1589790740723,0,0
plugin_ios_activity_recognition,,0,2,0,99fd867d-73c2-4fa7-a289-16ce83a6376d,219WT,,0,0,1589790750660,0,0
plugin_ios_activity_recognition,"[""stationary""]",0,2,0,99fd867d-73c2-4fa7-a289-16ce83a6376d,219WT,,0,1,1589790770856,0,0
plugin_ios_activity_recognition,,0,2,0,99fd867d-73c2-4fa7-a289-16ce83a6376d,219WT,,0,0,1589790775343,0,0
plugin_ios_activity_recognition,,0,2,0,99fd867d-73c2-4fa7-a289-16ce83a6376d,219WT,supplement,0,0,1589790781910,0,0
plugin_ios_activity_recognition,"[""stationary""]",0,2,0,99fd867d-73c2-4fa7-a289-16ce83a6376d,219WT,,0,1,1589790790413,0,0
plugin_ios_activity_recognition,,0,2,0,99fd867d-73c2-4fa7-a289-16ce83a6376d,219WT,,0,0,1589790793936,0,0
plugin_ios_activity_recognition,,0,2,0,99fd867d-73c2-4fa7-a289-16ce83a6376d,219WT,supplement,0,0,1589790853936,0,0
plugin_ios_activity_recognition,,0,2,0,99fd867d-73c2-4fa7-a289-16ce83a6376d,219WT,supplement,0,0,1589790913936,0,0
plugin_ios_activity_recognition,,0,2,0,99fd867d-73c2-4fa7-a289-16ce83a6376d,219WT,supplement,0,0,1589790973936,0,0
plugin_ios_activity_recognition,"[""stationary""]",0,2,0,99fd867d-73c2-4fa7-a289-16ce83a6376d,219WT,,0,1,1589791029543,0,0
plugin_ios_activity_recognition,,0,2,0,99fd867d-73c2-4fa7-a289-16ce83a6376d,219WT,,0,0,1589791031470,0,0
plugin_ios_activity_recognition,,0,2,0,99fd867d-73c2-4fa7-a289-16ce83a6376d,219WT,supplement,0,0,1589791033936,0,0
plugin_ios_activity_recognition,"[""stationary""]",0,2,0,99fd867d-73c2-4fa7-a289-16ce83a6376d,219WT,,0,1,1589791054548,0,0
plugin_ios_activity_recognition,,0,2,0,99fd867d-73c2-4fa7-a289-16ce83a6376d,219WT,,0,0,1589791060636,0,0
plugin_ios_activity_recognition,"[""stationary""]",0,2,0,99fd867d-73c2-4fa7-a289-16ce83a6376d,219WT,,0,1,1589791070252,0,0
plugin_ios_activity_recognition,,0,2,0,99fd867d-73c2-4fa7-a289-16ce83a6376d,219WT,,0,0,1589791084357,0,0
plugin_ios_activity_recognition,"[""stationary""]",0,2,0,99fd867d-73c2-4fa7-a289-16ce83a6376d,219WT,,0,1,1589791095579,0,0
plugin_ios_activity_recognition,,0,2,0,99fd867d-73c2-4fa7-a289-16ce83a6376d,219WT,,0,0,1589791098460,0,0
plugin_ios_activity_recognition,"[""stationary""]",0,2,0,99fd867d-73c2-4fa7-a289-16ce83a6376d,219WT,,0,1,1589791111282,0,0
plugin_ios_activity_recognition,,0,2,0,99fd867d-73c2-4fa7-a289-16ce83a6376d,219WT,,0,0,1589791112244,0,0
plugin_ios_activity_recognition,"[""stationary""]",0,2,0,99fd867d-73c2-4fa7-a289-16ce83a6376d,219WT,,0,1,1589791151996,0,0
plugin_ios_activity_recognition,,0,2,0,99fd867d-73c2-4fa7-a289-16ce83a6376d,219WT,,0,0,1589791153916,0,0
plugin_ios_activity_recognition,"[""stationary""]",0,2,0,99fd867d-73c2-4fa7-a289-16ce83a6376d,219WT,,0,1,1589791163853,0,0
plugin_ios_activity_recognition,,0,2,0,99fd867d-73c2-4fa7-a289-16ce83a6376d,219WT,,0,0,1589791167059,0,0
plugin_ios_activity_recognition,"[""stationary""]",0,2,0,99fd867d-73c2-4fa7-a289-16ce83a6376d,219WT,,0,1,1589791171226,0,0
plugin_ios_activity_recognition,,0,2,0,99fd867d-73c2-4fa7-a289-16ce83a6376d,219WT,,0,0,1589791176676,0,0
plugin_ios_activity_recognition,"[""stationary""]",0,2,0,99fd867d-73c2-4fa7-a289-16ce83a6376d,219WT,,0,1,1589791180843,0,0
plugin_ios_activity_recognition,,0,2,0,99fd867d-73c2-4fa7-a289-16ce83a6376d,219WT,,0,0,1589791189498,0,0
plugin_ios_activity_recognition,"[""stationary""]",0,2,0,99fd867d-73c2-4fa7-a289-16ce83a6376d,219WT,,0,1,1589791210654,0,0
plugin_ios_activity_recognition,,0,2,0,99fd867d-73c2-4fa7-a289-16ce83a6376d,219WT,,0,0,1589791214181,0,0
plugin_ios_activity_recognition,"[""stationary""]",0,2,0,99fd867d-73c2-4fa7-a289-16ce83a6376d,219WT,,0,1,1589791225721,0,0
plugin_ios_activity_recognition,,0,2,0,99fd867d-73c2-4fa7-a289-16ce83a6376d,219WT,,0,0,1589791237261,0,0
plugin_ios_activity_recognition,"[""stationary""]",0,2,0,99fd867d-73c2-4fa7-a289-16ce83a6376d,219WT,,0,1,1589791252969,0,0
plugin_ios_activity_recognition,,0,2,0,99fd867d-73c2-4fa7-a289-16ce83a6376d,219WT,,0,0,1589791254892,0,0
plugin_ios_activity_recognition,"[""stationary""]",0,2,0,99fd867d-73c2-4fa7-a289-16ce83a6376d,219WT,,0,1,1589791262268,0,0
plugin_ios_activity_recognition,,0,2,0,99fd867d-73c2-4fa7-a289-16ce83a6376d,219WT,,0,0,1589791268997,0,0
plugin_ios_activity_recognition,"[""stationary""]",0,2,0,99fd867d-73c2-4fa7-a289-16ce83a6376d,219WT,,0,1,1589791276050,0,0
plugin_ios_activity_recognition,,0,2,0,99fd867d-73c2-4fa7-a289-16ce83a6376d,219WT,,0,0,1589791284064,0,0
plugin_ios_activity_recognition,"[""stationary""]",0,2,0,99fd867d-73c2-4fa7-a289-16ce83a6376d,219WT,,0,1,1589791288231,0,0
plugin_ios_activity_recognition,,0,2,0,99fd867d-73c2-4fa7-a289-16ce83a6376d,219WT,,0,0,1589791301374,0,0
plugin_ios_activity_recognition,"[""stationary""]",0,2,0,99fd867d-73c2-4fa7-a289-16ce83a6376d,219WT,,0,1,1589791313876,0,0
plugin_ios_activity_recognition,,0,2,0,99fd867d-73c2-4fa7-a289-16ce83a6376d,219WT,,0,0,1589791314516,0,0
plugin_ios_activity_recognition,"[""stationary""]",0,2,0,99fd867d-73c2-4fa7-a289-16ce83a6376d,219WT,,0,1,1589791322850,0,0
plugin_ios_activity_recognition,,0,2,0,99fd867d-73c2-4fa7-a289-16ce83a6376d,219WT,,0,0,1589791336954,0,0
plugin_ios_activity_recognition,"[""stationary""]",0,2,0,99fd867d-73c2-4fa7-a289-16ce83a6376d,219WT,,0,1,1589791350737,0,0
plugin_ios_activity_recognition,,0,2,0,99fd867d-73c2-4fa7-a289-16ce83a6376d,219WT,,0,0,1589791361956,0,0
plugin_ios_activity_recognition,"[""stationary""]",0,2,0,99fd867d-73c2-4fa7-a289-16ce83a6376d,219WT,,0,1,1589791378623,0,0
plugin_ios_activity_recognition,,0,2,0,99fd867d-73c2-4fa7-a289-16ce83a6376d,219WT,,0,0,1589791379264,0,0
plugin_ios_activity_recognition,"[""stationary""]",0,2,0,99fd867d-73c2-4fa7-a289-16ce83a6376d,219WT,,0,1,1589791395618,0,0
plugin_ios_activity_recognition,,0,2,0,99fd867d-73c2-4fa7-a289-16ce83a6376d,219WT,,0,0,1589791396255,0,0
plugin_ios_activity_recognition,"[""stationary""]",0,2,0,99fd867d-73c2-4fa7-a289-16ce83a6376d,219WT,,0,1,1589791429596,0,0
plugin_ios_activity_recognition,,0,2,0,99fd867d-73c2-4fa7-a289-16ce83a6376d,219WT,,0,0,1589791430236,0,0
plugin_ios_activity_recognition,"[""stationary""]",0,2,0,99fd867d-73c2-4fa7-a289-16ce83a6376d,219WT,,0,1,1589791436649,0,0
plugin_ios_activity_recognition,,0,2,0,99fd867d-73c2-4fa7-a289-16ce83a6376d,219WT,,0,0,1589791439852,0,0
plugin_ios_activity_recognition,"[""stationary""]",0,2,0,99fd867d-73c2-4fa7-a289-16ce83a6376d,219WT,,0,1,1589791454600,0,0
plugin_ios_activity_recognition,,0,2,0,99fd867d-73c2-4fa7-a289-16ce83a6376d,219WT,,0,0,1589791496265,0,0
plugin_ios_activity_recognition,"[""stationary""]",0,2,0,99fd867d-73c2-4fa7-a289-16ce83a6376d,219WT,,0,1,1589791501714,0,0
plugin_ios_activity_recognition,,0,2,0,99fd867d-73c2-4fa7-a289-16ce83a6376d,219WT,,0,0,1589791553001,0,0
plugin_ios_activity_recognition,"[""stationary""]",0,2,0,99fd867d-73c2-4fa7-a289-16ce83a6376d,219WT,,0,1,1589791579287,0,0
plugin_ios_activity_recognition,,0,2,0,99fd867d-73c2-4fa7-a289-16ce83a6376d,219WT,,0,0,1589791591149,0,0
plugin_ios_activity_recognition,"[""stationary""]",0,2,0,99fd867d-73c2-4fa7-a289-16ce83a6376d,219WT,,0,1,1589791613592,0,0
plugin_ios_activity_recognition,,0,2,0,99fd867d-73c2-4fa7-a289-16ce83a6376d,219WT,,0,0,1589791626093,0,0
plugin_ios_activity_recognition,"[""stationary""]",0,2,0,99fd867d-73c2-4fa7-a289-16ce83a6376d,219WT,,0,1,1589791637954,0,0
plugin_ios_activity_recognition,,0,2,0,99fd867d-73c2-4fa7-a289-16ce83a6376d,219WT,,0,0,1589791644369,0,0
plugin_ios_activity_recognition,"[""stationary""]",0,2,0,99fd867d-73c2-4fa7-a289-16ce83a6376d,219WT,,0,1,1589791650457,0,0
plugin_ios_activity_recognition,,0,2,0,99fd867d-73c2-4fa7-a289-16ce83a6376d,219WT,,0,0,1589791655586,0,0
plugin_ios_activity_recognition,"[""stationary""]",0,2,0,99fd867d-73c2-4fa7-a289-16ce83a6376d,219WT,,0,1,1589791669051,0,0
plugin_ios_activity_recognition,,0,2,0,99fd867d-73c2-4fa7-a289-16ce83a6376d,219WT,,0,0,1589791687968,0,0
plugin_ios_activity_recognition,"[""stationary""]",0,2,0,99fd867d-73c2-4fa7-a289-16ce83a6376d,219WT,,0,1,1589791697262,0,0
plugin_ios_activity_recognition,,0,2,0,99fd867d-73c2-4fa7-a289-16ce83a6376d,219WT,,0,0,1589791703674,0,0
plugin_ios_activity_recognition,,0,2,0,99fd867d-73c2-4fa7-a289-16ce83a6376d,219WT,supplement,0,0,1589791763674,0,0
plugin_ios_activity_recognition,"[""stationary""]",0,2,0,99fd867d-73c2-4fa7-a289-16ce83a6376d,219WT,,0,1,1589791775173,0,0
plugin_ios_activity_recognition,,0,2,0,99fd867d-73c2-4fa7-a289-16ce83a6376d,219WT,,0,0,1589791775811,0,0
plugin_ios_activity_recognition,"[""stationary""]",0,2,0,99fd867d-73c2-4fa7-a289-16ce83a6376d,219WT,,0,1,1589791779979,0,0
plugin_ios_activity_recognition,,0,2,0,99fd867d-73c2-4fa7-a289-16ce83a6376d,219WT,,0,0,1589791785433,0,0
plugin_ios_activity_recognition,"[""stationary""]",0,2,0,99fd867d-73c2-4fa7-a289-16ce83a6376d,219WT,,0,1,1589791818137,0,0
plugin_ios_activity_recognition,,0,2,0,99fd867d-73c2-4fa7-a289-16ce83a6376d,219WT,supplement,0,0,1589791823674,0,0
plugin_ios_activity_recognition,,0,2,0,99fd867d-73c2-4fa7-a289-16ce83a6376d,219WT,,0,0,1589791826477,0,0
plugin_ios_activity_recognition,"[""stationary""]",0,2,0,99fd867d-73c2-4fa7-a289-16ce83a6376d,219WT,,0,1,1589791855650,0,0
plugin_ios_activity_recognition,,0,2,0,99fd867d-73c2-4fa7-a289-16ce83a6376d,219WT,,0,0,1589791862386,0,0
plugin_ios_activity_recognition,"[""walking""]",0,1,0,99fd867d-73c2-4fa7-a289-16ce83a6376d,219WT,,0,0,1589791921406,0,1
plugin_ios_activity_recognition,"[""walking""]",0,2,0,99fd867d-73c2-4fa7-a289-16ce83a6376d,219WT,,0,0,1589791923971,0,1
plugin_ios_activity_recognition,"[""stationary""]",0,2,0,99fd867d-73c2-4fa7-a289-16ce83a6376d,219WT,,0,1,1589791928385,0,0
plugin_ios_activity_recognition,,0,2,0,99fd867d-73c2-4fa7-a289-16ce83a6376d,219WT,,0,0,1589791977434,0,0
plugin_ios_activity_recognition,"[""stationary""]",0,2,0,99fd867d-73c2-4fa7-a289-16ce83a6376d,219WT,,0,1,1589791986410,0,0
plugin_ios_activity_recognition,,0,2,0,99fd867d-73c2-4fa7-a289-16ce83a6376d,219WT,,0,0,1589792027757,0,0
plugin_ios_activity_recognition,"[""stationary""]",0,2,0,99fd867d-73c2-4fa7-a289-16ce83a6376d,219WT,,0,1,1589792031923,0,0
plugin_ios_activity_recognition,"[""stationary""]",0,2,0,99fd867d-73c2-4fa7-a289-16ce83a6376d,219WT,supplement,0,1,1589792091923,0,0
plugin_ios_activity_recognition,,0,2,0,99fd867d-73c2-4fa7-a289-16ce83a6376d,219WT,,0,0,1589792108842,0,0
plugin_ios_activity_recognition,"[""stationary""]",0,2,0,99fd867d-73c2-4fa7-a289-16ce83a6376d,219WT,,0,1,1589792145380,0,0
plugin_ios_activity_recognition,"[""stationary""]",0,2,0,99fd867d-73c2-4fa7-a289-16ce83a6376d,219WT,supplement,0,1,1589792151923,0,0
plugin_ios_activity_recognition,"[""stationary""]",0,2,0,99fd867d-73c2-4fa7-a289-16ce83a6376d,219WT,supplement,0,1,1589792205380,0,0
plugin_ios_activity_recognition,"[""stationary""]",0,2,0,99fd867d-73c2-4fa7-a289-16ce83a6376d,219WT,supplement,0,1,1589792265380,0,0
plugin_ios_activity_recognition,"[""stationary""]",0,2,0,99fd867d-73c2-4fa7-a289-16ce83a6376d,219WT,supplement,0,1,1589792325380,0,0
plugin_ios_activity_recognition,"[""stationary""]",0,2,0,99fd867d-73c2-4fa7-a289-16ce83a6376d,219WT,supplement,0,1,1589792385380,0,0
plugin_ios_activity_recognition,"[""stationary""]",0,2,0,99fd867d-73c2-4fa7-a289-16ce83a6376d,219WT,supplement,0,1,1589792445380,0,0
plugin_ios_activity_recognition,,0,2,0,99fd867d-73c2-4fa7-a289-16ce83a6376d,219WT,,0,0,1589792473199,0,0
plugin_ios_activity_recognition,"[""stationary""]",0,2,0,99fd867d-73c2-4fa7-a289-16ce83a6376d,219WT,,0,1,1589792481850,0,0
plugin_ios_activity_recognition,"[""stationary""]",0,2,0,99fd867d-73c2-4fa7-a289-16ce83a6376d,219WT,supplement,0,1,1589792505380,0,0
plugin_ios_activity_recognition,"[""stationary""]",0,2,0,99fd867d-73c2-4fa7-a289-16ce83a6376d,219WT,supplement,0,1,1589792541850,0,0
plugin_ios_activity_recognition,"[""stationary""]",0,2,0,99fd867d-73c2-4fa7-a289-16ce83a6376d,219WT,supplement,0,1,1589792601850,0,0
plugin_ios_activity_recognition,,0,2,0,99fd867d-73c2-4fa7-a289-16ce83a6376d,219WT,,0,0,1589792652971,0,0
plugin_ios_activity_recognition,"[""stationary""]",0,2,0,99fd867d-73c2-4fa7-a289-16ce83a6376d,219WT,,0,1,1589792657140,0,0
plugin_ios_activity_recognition,"[""stationary""]",0,2,0,99fd867d-73c2-4fa7-a289-16ce83a6376d,219WT,supplement,0,1,1589792661850,0,0
plugin_ios_activity_recognition,"[""stationary""]",0,2,0,99fd867d-73c2-4fa7-a289-16ce83a6376d,219WT,supplement,0,1,1589792717140,0,0
plugin_ios_activity_recognition,,0,2,0,99fd867d-73c2-4fa7-a289-16ce83a6376d,219WT,,0,0,1589792730197,0,0
plugin_ios_activity_recognition,"[""stationary""]",0,2,0,99fd867d-73c2-4fa7-a289-16ce83a6376d,219WT,,0,1,1589792743014,0,0
plugin_ios_activity_recognition,"[""stationary""]",0,2,0,99fd867d-73c2-4fa7-a289-16ce83a6376d,219WT,supplement,0,1,1589792777140,0,0
plugin_ios_activity_recognition,,0,2,0,99fd867d-73c2-4fa7-a289-16ce83a6376d,219WT,,0,0,1589792798771,0,0
plugin_ios_activity_recognition,"[""stationary""]",0,2,0,99fd867d-73c2-4fa7-a289-16ce83a6376d,219WT,,0,1,1589792803260,0,0
plugin_ios_activity_recognition,,0,2,0,99fd867d-73c2-4fa7-a289-16ce83a6376d,219WT,,0,0,1589792822483,0,0
plugin_ios_activity_recognition,"[""stationary""]",0,2,0,99fd867d-73c2-4fa7-a289-16ce83a6376d,219WT,,0,1,1589792829213,0,0
plugin_ios_activity_recognition,,0,2,0,99fd867d-73c2-4fa7-a289-16ce83a6376d,219WT,,0,0,1589792847156,0,0
plugin_ios_activity_recognition,"[""stationary""]",0,2,0,99fd867d-73c2-4fa7-a289-16ce83a6376d,219WT,,0,1,1589792851965,0,0
plugin_ios_activity_recognition,,0,2,0,99fd867d-73c2-4fa7-a289-16ce83a6376d,219WT,,0,0,1589792886248,0,0
plugin_ios_activity_recognition,"[""stationary""]",0,2,0,99fd867d-73c2-4fa7-a289-16ce83a6376d,219WT,,0,1,1589792892979,0,0
plugin_ios_activity_recognition,,0,2,0,99fd867d-73c2-4fa7-a289-16ce83a6376d,219WT,,0,0,1589792908675,0,0
plugin_ios_activity_recognition,"[""stationary""]",0,2,0,99fd867d-73c2-4fa7-a289-16ce83a6376d,219WT,,0,1,1589792914121,0,0
plugin_ios_activity_recognition,,0,2,0,99fd867d-73c2-4fa7-a289-16ce83a6376d,219WT,,0,0,1589792950647,0,0
plugin_ios_activity_recognition,"[""stationary""]",0,2,0,99fd867d-73c2-4fa7-a289-16ce83a6376d,219WT,,0,1,1589792955454,0,0
plugin_ios_activity_recognition,,0,2,0,99fd867d-73c2-4fa7-a289-16ce83a6376d,219WT,,0,0,1589792985572,0,0
plugin_ios_activity_recognition,,0,2,0,99fd867d-73c2-4fa7-a289-16ce83a6376d,219WT,supplement,0,0,1589793045572,0,0
plugin_ios_activity_recognition,"[""stationary""]",0,2,0,99fd867d-73c2-4fa7-a289-16ce83a6376d,219WT,,0,1,1589793076244,0,0
plugin_ios_activity_recognition,,0,2,0,99fd867d-73c2-4fa7-a289-16ce83a6376d,219WT,,0,0,1589793088420,0,0
plugin_ios_activity_recognition,"[""stationary""]",0,2,0,99fd867d-73c2-4fa7-a289-16ce83a6376d,219WT,,0,1,1589793094508,0,0
plugin_ios_activity_recognition,,0,2,0,99fd867d-73c2-4fa7-a289-16ce83a6376d,219WT,,0,0,1589793103161,0,0
plugin_ios_activity_recognition,,0,2,0,99fd867d-73c2-4fa7-a289-16ce83a6376d,219WT,supplement,0,0,1589793105572,0,0
plugin_ios_activity_recognition,"[""stationary""]",0,2,0,99fd867d-73c2-4fa7-a289-16ce83a6376d,219WT,,0,1,1589793112130,0,0
plugin_ios_activity_recognition,,0,2,0,99fd867d-73c2-4fa7-a289-16ce83a6376d,219WT,,0,0,1589793157306,0,0
plugin_ios_activity_recognition,"[""stationary""]",0,2,0,99fd867d-73c2-4fa7-a289-16ce83a6376d,219WT,,0,1,1589793163715,0,0
plugin_ios_activity_recognition,,0,2,0,99fd867d-73c2-4fa7-a289-16ce83a6376d,219WT,,0,0,1589793189990,0,0
plugin_ios_activity_recognition,"[""stationary""]",0,2,0,99fd867d-73c2-4fa7-a289-16ce83a6376d,219WT,,0,1,1589793195757,0,0
plugin_ios_activity_recognition,,0,2,0,99fd867d-73c2-4fa7-a289-16ce83a6376d,219WT,,0,0,1589793240283,0,0
plugin_ios_activity_recognition,"[""stationary""]",0,2,0,99fd867d-73c2-4fa7-a289-16ce83a6376d,219WT,,0,1,1589793246370,0,0
plugin_ios_activity_recognition,,0,2,0,99fd867d-73c2-4fa7-a289-16ce83a6376d,219WT,,0,0,1589793263672,0,0
plugin_ios_activity_recognition,"[""stationary""]",0,2,0,99fd867d-73c2-4fa7-a289-16ce83a6376d,219WT,,0,1,1589793272003,0,0
plugin_ios_activity_recognition,,0,2,0,99fd867d-73c2-4fa7-a289-16ce83a6376d,219WT,,0,0,1589793289304,0,0
plugin_ios_activity_recognition,"[""stationary""]",0,2,0,99fd867d-73c2-4fa7-a289-16ce83a6376d,219WT,,0,1,1589793293470,0,0
plugin_ios_activity_recognition,,0,2,0,99fd867d-73c2-4fa7-a289-16ce83a6376d,219WT,,0,0,1589793352099,0,0
plugin_ios_activity_recognition,"[""stationary""]",0,2,0,99fd867d-73c2-4fa7-a289-16ce83a6376d,219WT,,0,1,1589793357225,0,0
plugin_ios_activity_recognition,,0,2,0,99fd867d-73c2-4fa7-a289-16ce83a6376d,219WT,,0,0,1589793402717,0,0
plugin_ios_activity_recognition,"[""stationary""]",0,2,0,99fd867d-73c2-4fa7-a289-16ce83a6376d,219WT,,0,1,1589793408804,0,0
plugin_ios_activity_recognition,,0,2,0,99fd867d-73c2-4fa7-a289-16ce83a6376d,219WT,,0,0,1589793448529,0,0
plugin_ios_activity_recognition,"[""stationary""]",0,2,0,99fd867d-73c2-4fa7-a289-16ce83a6376d,219WT,,0,1,1589793488571,0,0
plugin_ios_activity_recognition,"[""stationary""]",0,2,0,99fd867d-73c2-4fa7-a289-16ce83a6376d,219WT,supplement,0,1,1589793548571,0,0
plugin_ios_activity_recognition,"[""stationary""]",0,2,0,99fd867d-73c2-4fa7-a289-16ce83a6376d,219WT,supplement,0,1,1589793608571,0,0
plugin_ios_activity_recognition,,0,2,0,99fd867d-73c2-4fa7-a289-16ce83a6376d,219WT,,0,0,1589793626652,0,0
plugin_ios_activity_recognition,"[""stationary""]",0,2,0,99fd867d-73c2-4fa7-a289-16ce83a6376d,219WT,,0,1,1589793633380,0,0
plugin_ios_activity_recognition,"[""stationary""]",0,2,0,99fd867d-73c2-4fa7-a289-16ce83a6376d,219WT,supplement,0,1,1589793668571,0,0
plugin_ios_activity_recognition,"[""stationary""]",0,2,0,99fd867d-73c2-4fa7-a289-16ce83a6376d,219WT,supplement,0,1,1589793693380,0,0
plugin_ios_activity_recognition,"[""stationary""]",0,2,0,99fd867d-73c2-4fa7-a289-16ce83a6376d,219WT,supplement,0,1,1589793753380,0,0
plugin_ios_activity_recognition,"[""stationary""]",0,2,0,99fd867d-73c2-4fa7-a289-16ce83a6376d,219WT,supplement,0,1,1589793813380,0,0
plugin_ios_activity_recognition,,0,2,0,99fd867d-73c2-4fa7-a289-16ce83a6376d,219WT,,0,0,1589793828491,0,0
plugin_ios_activity_recognition,"[""stationary""]",0,2,0,99fd867d-73c2-4fa7-a289-16ce83a6376d,219WT,,0,1,1589793844185,0,0
plugin_ios_activity_recognition,"[""stationary""]",0,2,0,99fd867d-73c2-4fa7-a289-16ce83a6376d,219WT,supplement,0,1,1589793873380,0,0
plugin_ios_activity_recognition,"[""stationary""]",0,2,0,99fd867d-73c2-4fa7-a289-16ce83a6376d,219WT,supplement,0,1,1589793904185,0,0
plugin_ios_activity_recognition,,0,2,0,99fd867d-73c2-4fa7-a289-16ce83a6376d,219WT,,0,0,1589793943186,0,0
plugin_ios_activity_recognition,"[""stationary""]",0,2,0,99fd867d-73c2-4fa7-a289-16ce83a6376d,219WT,,0,1,1589793947351,0,0
plugin_ios_activity_recognition,"[""stationary""]",0,2,0,99fd867d-73c2-4fa7-a289-16ce83a6376d,219WT,supplement,0,1,1589793964185,0,0
plugin_ios_activity_recognition,,0,2,0,99fd867d-73c2-4fa7-a289-16ce83a6376d,219WT,,0,0,1589793981634,0,0
plugin_ios_activity_recognition,"[""stationary""]",0,2,0,99fd867d-73c2-4fa7-a289-16ce83a6376d,219WT,,0,1,1589793987722,0,0
plugin_ios_activity_recognition,"[""stationary""]",0,2,0,99fd867d-73c2-4fa7-a289-16ce83a6376d,219WT,supplement,0,1,1589794047722,0,0
plugin_ios_activity_recognition,,0,2,0,99fd867d-73c2-4fa7-a289-16ce83a6376d,219WT,,0,0,1589794084148,0,0
plugin_ios_activity_recognition,"[""stationary""]",0,2,0,99fd867d-73c2-4fa7-a289-16ce83a6376d,219WT,,0,1,1589794090234,0,0
plugin_ios_activity_recognition,"[""stationary""]",0,2,0,99fd867d-73c2-4fa7-a289-16ce83a6376d,219WT,supplement,0,1,1589794107722,0,0
plugin_ios_activity_recognition,,0,2,0,99fd867d-73c2-4fa7-a289-16ce83a6376d,219WT,,0,0,1589794148205,0,0
plugin_ios_activity_recognition,"[""stationary""]",0,2,0,99fd867d-73c2-4fa7-a289-16ce83a6376d,219WT,,0,1,1589794153652,0,0
plugin_ios_activity_recognition,"[""stationary""]",0,2,0,99fd867d-73c2-4fa7-a289-16ce83a6376d,219WT,supplement,0,1,1589794213652,0,0
plugin_ios_activity_recognition,"[""stationary""]",0,2,0,99fd867d-73c2-4fa7-a289-16ce83a6376d,219WT,supplement,0,1,1589794273652,0,0
plugin_ios_activity_recognition,"[""stationary""]",0,2,0,99fd867d-73c2-4fa7-a289-16ce83a6376d,219WT,supplement,0,1,1589794333652,0,0
plugin_ios_activity_recognition,"[""stationary""]",0,2,0,99fd867d-73c2-4fa7-a289-16ce83a6376d,219WT,supplement,0,1,1589794393652,0,0
plugin_ios_activity_recognition,"[""stationary""]",0,2,0,99fd867d-73c2-4fa7-a289-16ce83a6376d,219WT,supplement,0,1,1589794453652,0,0
plugin_ios_activity_recognition,"[""stationary""]",0,2,0,99fd867d-73c2-4fa7-a289-16ce83a6376d,219WT,supplement,0,1,1589794513652,0,0
plugin_ios_activity_recognition,"[""stationary""]",0,2,0,99fd867d-73c2-4fa7-a289-16ce83a6376d,219WT,supplement,0,1,1589794573652,0,0
plugin_ios_activity_recognition,"[""stationary""]",0,2,0,99fd867d-73c2-4fa7-a289-16ce83a6376d,219WT,supplement,0,1,1589794633652,0,0
plugin_ios_activity_recognition,,0,2,0,99fd867d-73c2-4fa7-a289-16ce83a6376d,219WT,,0,0,1589794634235,0,0
plugin_ios_activity_recognition,"[""stationary""]",0,2,0,99fd867d-73c2-4fa7-a289-16ce83a6376d,219WT,,0,1,1589794650252,0,0
plugin_ios_activity_recognition,"[""stationary""]",0,2,0,99fd867d-73c2-4fa7-a289-16ce83a6376d,219WT,supplement,0,1,1589794693652,0,0
plugin_ios_activity_recognition,"[""stationary""]",0,2,0,99fd867d-73c2-4fa7-a289-16ce83a6376d,219WT,supplement,0,1,1589794710252,0,0
plugin_ios_activity_recognition,"[""stationary""]",0,2,0,99fd867d-73c2-4fa7-a289-16ce83a6376d,219WT,supplement,0,1,1589794770252,0,0
plugin_ios_activity_recognition,"[""stationary""]",0,2,0,99fd867d-73c2-4fa7-a289-16ce83a6376d,219WT,supplement,0,1,1589794830252,0,0
plugin_ios_activity_recognition,,0,2,0,99fd867d-73c2-4fa7-a289-16ce83a6376d,219WT,,0,0,1589794872297,0,0
plugin_ios_activity_recognition,"[""stationary""]",0,2,0,99fd867d-73c2-4fa7-a289-16ce83a6376d,219WT,,0,1,1589794876461,0,0
plugin_ios_activity_recognition,"[""stationary""]",0,2,0,99fd867d-73c2-4fa7-a289-16ce83a6376d,219WT,supplement,0,1,1589794890252,0,0
plugin_ios_activity_recognition,,0,2,0,99fd867d-73c2-4fa7-a289-16ce83a6376d,219WT,,0,0,1589794906581,0,0
plugin_ios_activity_recognition,,0,2,0,99fd867d-73c2-4fa7-a289-16ce83a6376d,219WT,supplement,0,0,1589794966581,0,0
plugin_ios_activity_recognition,,0,2,0,99fd867d-73c2-4fa7-a289-16ce83a6376d,219WT,supplement,0,0,1589795026581,0,0
plugin_ios_activity_recognition,,0,2,0,99fd867d-73c2-4fa7-a289-16ce83a6376d,219WT,supplement,0,0,1589795086581,0,0
plugin_ios_activity_recognition,"[""stationary""]",0,2,0,99fd867d-73c2-4fa7-a289-16ce83a6376d,219WT,,0,1,1589795146229,0,0
plugin_ios_activity_recognition,,0,2,0,99fd867d-73c2-4fa7-a289-16ce83a6376d,219WT,supplement,0,0,1589795146581,0,0
plugin_ios_activity_recognition,"[""stationary""]",0,2,0,99fd867d-73c2-4fa7-a289-16ce83a6376d,219WT,supplement,0,1,1589795206229,0,0
plugin_ios_activity_recognition,,0,2,0,99fd867d-73c2-4fa7-a289-16ce83a6376d,219WT,,0,0,1589795254854,0,0
plugin_ios_activity_recognition,"[""stationary""]",0,2,0,99fd867d-73c2-4fa7-a289-16ce83a6376d,219WT,supplement,0,1,1589795266229,0,0
plugin_ios_activity_recognition,"[""stationary""]",0,2,0,99fd867d-73c2-4fa7-a289-16ce83a6376d,219WT,,0,1,1589795269593,0,0
plugin_ios_activity_recognition,,0,2,0,99fd867d-73c2-4fa7-a289-16ce83a6376d,219WT,,0,0,1589795322465,0,0
plugin_ios_activity_recognition,"[""stationary""]",0,2,0,99fd867d-73c2-4fa7-a289-16ce83a6376d,219WT,,0,1,1589795326629,0,0
plugin_ios_activity_recognition,,0,2,0,99fd867d-73c2-4fa7-a289-16ce83a6376d,219WT,,0,0,1589795382386,0,0
plugin_ios_activity_recognition,"[""stationary""]",0,2,0,99fd867d-73c2-4fa7-a289-16ce83a6376d,219WT,,0,1,1589795388473,0,0
plugin_ios_activity_recognition,"[""stationary""]",0,2,0,99fd867d-73c2-4fa7-a289-16ce83a6376d,219WT,supplement,0,1,1589795448473,0,0
plugin_ios_activity_recognition,"[""stationary""]",0,2,0,99fd867d-73c2-4fa7-a289-16ce83a6376d,219WT,supplement,0,1,1589795508473,0,0
plugin_ios_activity_recognition,"[""stationary""]",0,2,0,99fd867d-73c2-4fa7-a289-16ce83a6376d,219WT,supplement,0,1,1589795568473,0,0
plugin_ios_activity_recognition,"[""stationary""]",0,2,0,99fd867d-73c2-4fa7-a289-16ce83a6376d,219WT,supplement,0,1,1589795628473,0,0
plugin_ios_activity_recognition,"[""stationary""]",0,2,0,99fd867d-73c2-4fa7-a289-16ce83a6376d,219WT,supplement,0,1,1589795688473,0,0
plugin_ios_activity_recognition,"[""stationary""]",0,2,0,99fd867d-73c2-4fa7-a289-16ce83a6376d,219WT,supplement,0,1,1589795748473,0,0
plugin_ios_activity_recognition,"[""stationary""]",0,2,0,99fd867d-73c2-4fa7-a289-16ce83a6376d,219WT,supplement,0,1,1589795808473,0,0
plugin_ios_activity_recognition,,0,2,0,99fd867d-73c2-4fa7-a289-16ce83a6376d,219WT,,0,0,1589795830652,0,0
plugin_ios_activity_recognition,"[""stationary""]",0,2,0,99fd867d-73c2-4fa7-a289-16ce83a6376d,219WT,,0,1,1589795834817,0,0
plugin_ios_activity_recognition,"[""stationary""]",0,2,0,99fd867d-73c2-4fa7-a289-16ce83a6376d,219WT,supplement,0,1,1589795868473,0,0
plugin_ios_activity_recognition,"[""stationary""]",0,2,0,99fd867d-73c2-4fa7-a289-16ce83a6376d,219WT,supplement,0,1,1589795894817,0,0
plugin_ios_activity_recognition,"[""stationary""]",0,2,0,99fd867d-73c2-4fa7-a289-16ce83a6376d,219WT,supplement,0,1,1589795954817,0,0
plugin_ios_activity_recognition,"[""stationary""]",0,2,0,99fd867d-73c2-4fa7-a289-16ce83a6376d,219WT,supplement,0,1,1589796014817,0,0
plugin_ios_activity_recognition,"[""stationary""]",0,2,0,99fd867d-73c2-4fa7-a289-16ce83a6376d,219WT,supplement,0,1,1589796074817,0,0
plugin_ios_activity_recognition,"[""stationary""]",0,2,0,99fd867d-73c2-4fa7-a289-16ce83a6376d,219WT,supplement,0,1,1589796134817,0,0
plugin_ios_activity_recognition,,0,2,0,99fd867d-73c2-4fa7-a289-16ce83a6376d,219WT,,0,0,1589796166437,0,0
plugin_ios_activity_recognition,"[""stationary""]",0,2,0,99fd867d-73c2-4fa7-a289-16ce83a6376d,219WT,,0,1,1589796183419,0,0
plugin_ios_activity_recognition,,0,2,0,99fd867d-73c2-4fa7-a289-16ce83a6376d,219WT,,0,0,1589796190147,0,0
plugin_ios_activity_recognition,"[""stationary""]",0,2,0,99fd867d-73c2-4fa7-a289-16ce83a6376d,219WT,,0,1,1589796193671,0,0
plugin_ios_activity_recognition,"[""stationary""]",0,2,0,99fd867d-73c2-4fa7-a289-16ce83a6376d,219WT,supplement,0,1,1589796194817,0,0
plugin_ios_activity_recognition,"[""stationary""]",0,2,0,99fd867d-73c2-4fa7-a289-16ce83a6376d,219WT,supplement,0,1,1589796253671,0,0
plugin_ios_activity_recognition,,0,2,0,99fd867d-73c2-4fa7-a289-16ce83a6376d,219WT,,0,0,1589796268011,0,0
plugin_ios_activity_recognition,"[""stationary""]",0,2,0,99fd867d-73c2-4fa7-a289-16ce83a6376d,219WT,,0,1,1589796272817,0,0
plugin_ios_activity_recognition,,0,2,0,99fd867d-73c2-4fa7-a289-16ce83a6376d,219WT,,0,0,1589796293004,0,0
plugin_ios_activity_recognition,"[""stationary""]",0,2,0,99fd867d-73c2-4fa7-a289-16ce83a6376d,219WT,,0,1,1589796296529,0,0
plugin_ios_activity_recognition,"[""stationary""]",0,2,0,99fd867d-73c2-4fa7-a289-16ce83a6376d,219WT,supplement,0,1,1589796313671,0,0
plugin_ios_activity_recognition,"[""stationary""]",0,2,0,99fd867d-73c2-4fa7-a289-16ce83a6376d,219WT,supplement,0,1,1589796356529,0,0
plugin_ios_activity_recognition,,0,2,0,99fd867d-73c2-4fa7-a289-16ce83a6376d,219WT,,0,0,1589796368948,0,0
plugin_ios_activity_recognition,"[""stationary""]",0,2,0,99fd867d-73c2-4fa7-a289-16ce83a6376d,219WT,supplement,0,1,1589796416529,0,0
plugin_ios_activity_recognition,,0,2,0,99fd867d-73c2-4fa7-a289-16ce83a6376d,219WT,supplement,0,0,1589796428948,0,0
plugin_ios_activity_recognition,,0,2,0,99fd867d-73c2-4fa7-a289-16ce83a6376d,219WT,supplement,0,0,1589796488948,0,0
plugin_ios_activity_recognition,,0,2,0,99fd867d-73c2-4fa7-a289-16ce83a6376d,219WT,supplement,0,0,1589796548948,0,0
plugin_ios_activity_recognition,,0,2,0,99fd867d-73c2-4fa7-a289-16ce83a6376d,219WT,supplement,0,0,1589796608948,0,0
plugin_ios_activity_recognition,,0,2,0,99fd867d-73c2-4fa7-a289-16ce83a6376d,219WT,supplement,0,0,1589796668948,0,0
plugin_ios_activity_recognition,,0,2,0,99fd867d-73c2-4fa7-a289-16ce83a6376d,219WT,supplement,0,0,1589796728948,0,0
plugin_ios_activity_recognition,,0,2,0,99fd867d-73c2-4fa7-a289-16ce83a6376d,219WT,supplement,0,0,1589796788948,0,0
plugin_ios_activity_recognition,,0,2,0,99fd867d-73c2-4fa7-a289-16ce83a6376d,219WT,supplement,0,0,1589796848948,0,0
plugin_ios_activity_recognition,,0,2,0,99fd867d-73c2-4fa7-a289-16ce83a6376d,219WT,supplement,0,0,1589796908948,0,0
plugin_ios_activity_recognition,,0,2,0,99fd867d-73c2-4fa7-a289-16ce83a6376d,219WT,supplement,0,0,1589796968948,0,0
plugin_ios_activity_recognition,,0,2,0,99fd867d-73c2-4fa7-a289-16ce83a6376d,219WT,supplement,0,0,1589797028948,0,0
plugin_ios_activity_recognition,,0,2,0,99fd867d-73c2-4fa7-a289-16ce83a6376d,219WT,supplement,0,0,1589797088948,0,0
plugin_ios_activity_recognition,,0,2,0,99fd867d-73c2-4fa7-a289-16ce83a6376d,219WT,supplement,0,0,1589797148948,0,0
plugin_ios_activity_recognition,,0,2,0,99fd867d-73c2-4fa7-a289-16ce83a6376d,219WT,supplement,0,0,1589797208948,0,0
plugin_ios_activity_recognition,,0,2,0,99fd867d-73c2-4fa7-a289-16ce83a6376d,219WT,supplement,0,0,1589797268948,0,0
plugin_ios_activity_recognition,,0,2,0,99fd867d-73c2-4fa7-a289-16ce83a6376d,219WT,supplement,0,0,1589797328948,0,0
plugin_ios_activity_recognition,,0,2,0,99fd867d-73c2-4fa7-a289-16ce83a6376d,219WT,supplement,0,0,1589797388948,0,0
plugin_ios_activity_recognition,,0,2,0,99fd867d-73c2-4fa7-a289-16ce83a6376d,219WT,supplement,0,0,1589797448948,0,0
plugin_ios_activity_recognition,,0,2,0,99fd867d-73c2-4fa7-a289-16ce83a6376d,219WT,supplement,0,0,1589797508948,0,0
plugin_ios_activity_recognition,,0,2,0,99fd867d-73c2-4fa7-a289-16ce83a6376d,219WT,supplement,0,0,1589797568948,0,0
plugin_ios_activity_recognition,,0,2,0,99fd867d-73c2-4fa7-a289-16ce83a6376d,219WT,supplement,0,0,1589797628948,0,0
plugin_ios_activity_recognition,,0,2,0,99fd867d-73c2-4fa7-a289-16ce83a6376d,219WT,supplement,0,0,1589797688948,0,0
plugin_ios_activity_recognition,,0,2,0,99fd867d-73c2-4fa7-a289-16ce83a6376d,219WT,supplement,0,0,1589797748948,0,0
plugin_ios_activity_recognition,,0,2,0,99fd867d-73c2-4fa7-a289-16ce83a6376d,219WT,supplement,0,0,1589797808948,0,0
plugin_ios_activity_recognition,,0,2,0,99fd867d-73c2-4fa7-a289-16ce83a6376d,219WT,supplement,0,0,1589797868948,0,0
plugin_ios_activity_recognition,,0,2,0,99fd867d-73c2-4fa7-a289-16ce83a6376d,219WT,supplement,0,0,1589797928948,0,0
plugin_ios_activity_recognition,,0,2,0,99fd867d-73c2-4fa7-a289-16ce83a6376d,219WT,supplement,0,0,1589797988948,0,0
plugin_ios_activity_recognition,,0,2,0,99fd867d-73c2-4fa7-a289-16ce83a6376d,219WT,supplement,0,0,1589798048948,0,0
plugin_ios_activity_recognition,,0,2,0,99fd867d-73c2-4fa7-a289-16ce83a6376d,219WT,supplement,0,0,1589798108948,0,0
plugin_ios_activity_recognition,,0,2,0,99fd867d-73c2-4fa7-a289-16ce83a6376d,219WT,supplement,0,0,1589798168948,0,0
plugin_ios_activity_recognition,,0,2,0,99fd867d-73c2-4fa7-a289-16ce83a6376d,219WT,supplement,0,0,1589798228948,0,0
plugin_ios_activity_recognition,,0,2,0,99fd867d-73c2-4fa7-a289-16ce83a6376d,219WT,supplement,0,0,1589798288948,0,0
plugin_ios_activity_recognition,,0,2,0,99fd867d-73c2-4fa7-a289-16ce83a6376d,219WT,supplement,0,0,1589798348948,0,0
plugin_ios_activity_recognition,,0,2,0,99fd867d-73c2-4fa7-a289-16ce83a6376d,219WT,supplement,0,0,1589798408948,0,0
plugin_ios_activity_recognition,,0,2,0,99fd867d-73c2-4fa7-a289-16ce83a6376d,219WT,supplement,0,0,1589798468948,0,0
plugin_ios_activity_recognition,,0,2,0,99fd867d-73c2-4fa7-a289-16ce83a6376d,219WT,supplement,0,0,1589798528948,0,0
plugin_ios_activity_recognition,,0,2,0,99fd867d-73c2-4fa7-a289-16ce83a6376d,219WT,supplement,0,0,1589798588948,0,0
plugin_ios_activity_recognition,,0,2,0,99fd867d-73c2-4fa7-a289-16ce83a6376d,219WT,supplement,0,0,1589798648948,0,0
plugin_ios_activity_recognition,,0,2,0,99fd867d-73c2-4fa7-a289-16ce83a6376d,219WT,supplement,0,0,1589798708948,0,0
plugin_ios_activity_recognition,,0,2,0,99fd867d-73c2-4fa7-a289-16ce83a6376d,219WT,supplement,0,0,1589798768948,0,0
plugin_ios_activity_recognition,,0,2,0,99fd867d-73c2-4fa7-a289-16ce83a6376d,219WT,supplement,0,0,1589798828948,0,0
plugin_ios_activity_recognition,,0,2,0,99fd867d-73c2-4fa7-a289-16ce83a6376d,219WT,supplement,0,0,1589798888948,0,0
plugin_ios_activity_recognition,"[""stationary""]",0,2,0,99fd867d-73c2-4fa7-a289-16ce83a6376d,219WT,,0,1,1589798927661,0,0
plugin_ios_activity_recognition,,0,2,0,99fd867d-73c2-4fa7-a289-16ce83a6376d,219WT,supplement,0,0,1589798948948,0,0
plugin_ios_activity_recognition,"[""stationary""]",0,2,0,99fd867d-73c2-4fa7-a289-16ce83a6376d,219WT,supplement,0,1,1589798987661,0,0
plugin_ios_activity_recognition,"[""stationary""]",0,2,0,99fd867d-73c2-4fa7-a289-16ce83a6376d,219WT,supplement,0,1,1589799047661,0,0
plugin_ios_activity_recognition,"[""stationary""]",0,2,0,99fd867d-73c2-4fa7-a289-16ce83a6376d,219WT,supplement,0,1,1589799107661,0,0
plugin_ios_activity_recognition,,0,2,0,99fd867d-73c2-4fa7-a289-16ce83a6376d,219WT,,0,0,1589799114427,0,0
plugin_ios_activity_recognition,"[""stationary""]",0,2,0,99fd867d-73c2-4fa7-a289-16ce83a6376d,219WT,,0,1,1589799117950,0,0
plugin_ios_activity_recognition,"[""stationary""]",0,2,0,99fd867d-73c2-4fa7-a289-16ce83a6376d,219WT,supplement,0,1,1589799167661,0,0
plugin_ios_activity_recognition,"[""stationary""]",0,2,0,99fd867d-73c2-4fa7-a289-16ce83a6376d,219WT,supplement,0,1,1589799177950,0,0
plugin_ios_activity_recognition,"[""stationary""]",0,2,0,99fd867d-73c2-4fa7-a289-16ce83a6376d,219WT,supplement,0,1,1589799237950,0,0
plugin_ios_activity_recognition,"[""stationary""]",0,2,0,99fd867d-73c2-4fa7-a289-16ce83a6376d,219WT,supplement,0,1,1589799297950,0,0
plugin_ios_activity_recognition,"[""stationary""]",0,2,0,99fd867d-73c2-4fa7-a289-16ce83a6376d,219WT,supplement,0,1,1589799357950,0,0
plugin_ios_activity_recognition,"[""stationary""]",0,2,0,99fd867d-73c2-4fa7-a289-16ce83a6376d,219WT,supplement,0,1,1589799417950,0,0
plugin_ios_activity_recognition,"[""stationary""]",0,2,0,99fd867d-73c2-4fa7-a289-16ce83a6376d,219WT,supplement,0,1,1589799477950,0,0
plugin_ios_activity_recognition,"[""stationary""]",0,2,0,99fd867d-73c2-4fa7-a289-16ce83a6376d,219WT,supplement,0,1,1589799537950,0,0
plugin_ios_activity_recognition,,0,2,0,99fd867d-73c2-4fa7-a289-16ce83a6376d,219WT,,0,0,1589799546273,0,0
plugin_ios_activity_recognition,"[""stationary""]",0,2,0,99fd867d-73c2-4fa7-a289-16ce83a6376d,219WT,,0,1,1589799551079,0,0
plugin_ios_activity_recognition,,0,2,0,99fd867d-73c2-4fa7-a289-16ce83a6376d,219WT,,0,0,1589799564516,0,0
plugin_ios_activity_recognition,"[""stationary""]",0,2,0,99fd867d-73c2-4fa7-a289-16ce83a6376d,219WT,,0,1,1589799593025,0,0
plugin_ios_activity_recognition,,0,2,0,99fd867d-73c2-4fa7-a289-16ce83a6376d,219WT,,0,0,1589799596544,0,0
plugin_ios_activity_recognition,"[""stationary""]",0,2,0,99fd867d-73c2-4fa7-a289-16ce83a6376d,219WT,supplement,0,1,1589799597950,0,0
plugin_ios_activity_recognition,"[""stationary""]",0,2,0,99fd867d-73c2-4fa7-a289-16ce83a6376d,219WT,,0,1,1589799602955,0,0
plugin_ios_activity_recognition,"[""stationary""]",0,2,0,99fd867d-73c2-4fa7-a289-16ce83a6376d,219WT,supplement,0,1,1589799662955,0,0
plugin_ios_activity_recognition,,0,2,0,99fd867d-73c2-4fa7-a289-16ce83a6376d,219WT,,0,0,1589799704180,0,0
plugin_ios_activity_recognition,"[""stationary""]",0,2,0,99fd867d-73c2-4fa7-a289-16ce83a6376d,219WT,supplement,0,1,1589799722955,0,0
plugin_ios_activity_recognition,,0,2,0,99fd867d-73c2-4fa7-a289-16ce83a6376d,219WT,supplement,0,0,1589799764180,0,0
plugin_ios_activity_recognition,,0,2,0,99fd867d-73c2-4fa7-a289-16ce83a6376d,219WT,supplement,0,0,1589799824180,0,0
plugin_ios_activity_recognition,,0,2,0,99fd867d-73c2-4fa7-a289-16ce83a6376d,219WT,supplement,0,0,1589799884180,0,0
plugin_ios_activity_recognition,"[""stationary""]",0,2,0,99fd867d-73c2-4fa7-a289-16ce83a6376d,219WT,,0,1,1589799926820,0,0
plugin_ios_activity_recognition,,0,2,0,99fd867d-73c2-4fa7-a289-16ce83a6376d,219WT,,0,0,1589799931947,0,0
plugin_ios_activity_recognition,"[""stationary""]",0,2,0,99fd867d-73c2-4fa7-a289-16ce83a6376d,219WT,,0,1,1589799940275,0,0
plugin_ios_activity_recognition,,0,2,0,99fd867d-73c2-4fa7-a289-16ce83a6376d,219WT,supplement,0,0,1589799944180,0,0
plugin_ios_activity_recognition,"[""stationary""]",0,2,0,99fd867d-73c2-4fa7-a289-16ce83a6376d,219WT,supplement,0,1,1589800000275,0,0
plugin_ios_activity_recognition,"[""stationary""]",0,2,0,99fd867d-73c2-4fa7-a289-16ce83a6376d,219WT,supplement,0,1,1589800060275,0,0
plugin_ios_activity_recognition,"[""stationary""]",0,2,0,99fd867d-73c2-4fa7-a289-16ce83a6376d,219WT,supplement,0,1,1589800120275,0,0
plugin_ios_activity_recognition,"[""stationary""]",0,2,0,99fd867d-73c2-4fa7-a289-16ce83a6376d,219WT,supplement,0,1,1589800180275,0,0
plugin_ios_activity_recognition,"[""stationary""]",0,2,0,99fd867d-73c2-4fa7-a289-16ce83a6376d,219WT,supplement,0,1,1589800240275,0,0
plugin_ios_activity_recognition,,0,2,0,99fd867d-73c2-4fa7-a289-16ce83a6376d,219WT,,0,0,1589800243334,0,0
plugin_ios_activity_recognition,"[""stationary""]",0,2,0,99fd867d-73c2-4fa7-a289-16ce83a6376d,219WT,supplement,0,1,1589800300275,0,0
plugin_ios_activity_recognition,,0,2,0,99fd867d-73c2-4fa7-a289-16ce83a6376d,219WT,supplement,0,0,1589800303334,0,0
plugin_ios_activity_recognition,,0,2,0,99fd867d-73c2-4fa7-a289-16ce83a6376d,219WT,supplement,0,0,1589800363334,0,0
plugin_ios_activity_recognition,,0,2,0,99fd867d-73c2-4fa7-a289-16ce83a6376d,219WT,supplement,0,0,1589800423334,0,0
plugin_ios_activity_recognition,,0,2,0,99fd867d-73c2-4fa7-a289-16ce83a6376d,219WT,supplement,0,0,1589800483334,0,0
plugin_ios_activity_recognition,,0,2,0,99fd867d-73c2-4fa7-a289-16ce83a6376d,219WT,supplement,0,0,1589800543334,0,0
plugin_ios_activity_recognition,,0,2,0,99fd867d-73c2-4fa7-a289-16ce83a6376d,219WT,supplement,0,0,1589800603334,0,0
plugin_ios_activity_recognition,"[""stationary""]",0,2,0,99fd867d-73c2-4fa7-a289-16ce83a6376d,219WT,,0,1,1589800616230,0,0
plugin_ios_activity_recognition,,0,2,0,99fd867d-73c2-4fa7-a289-16ce83a6376d,219WT,,0,0,1589800652436,0,0
plugin_ios_activity_recognition,,0,2,0,99fd867d-73c2-4fa7-a289-16ce83a6376d,219WT,supplement,0,0,1589800663334,0,0
plugin_ios_activity_recognition,"[""stationary""]",0,2,0,99fd867d-73c2-4fa7-a289-16ce83a6376d,219WT,,0,1,1589800671339,0,0
plugin_ios_activity_recognition,,0,2,0,99fd867d-73c2-4fa7-a289-16ce83a6376d,219WT,,0,0,1589800687678,0,0
plugin_ios_activity_recognition,"[""stationary""]",0,2,0,99fd867d-73c2-4fa7-a289-16ce83a6376d,219WT,,0,1,1589800692484,0,0
plugin_ios_activity_recognition,"[""stationary""]",0,2,0,99fd867d-73c2-4fa7-a289-16ce83a6376d,219WT,supplement,0,1,1589800752484,0,0
plugin_ios_activity_recognition,"[""stationary""]",0,2,0,99fd867d-73c2-4fa7-a289-16ce83a6376d,219WT,supplement,0,1,1589800812484,0,0
plugin_ios_activity_recognition,"[""stationary""]",0,2,0,99fd867d-73c2-4fa7-a289-16ce83a6376d,219WT,supplement,0,1,1589800872484,0,0
plugin_ios_activity_recognition,"[""stationary""]",0,2,0,99fd867d-73c2-4fa7-a289-16ce83a6376d,219WT,supplement,0,1,1589800932484,0,0
plugin_ios_activity_recognition,"[""stationary""]",0,2,0,99fd867d-73c2-4fa7-a289-16ce83a6376d,219WT,supplement,0,1,1589800992484,0,0
plugin_ios_activity_recognition,,0,2,0,99fd867d-73c2-4fa7-a289-16ce83a6376d,219WT,,0,0,1589801043273,0,0
plugin_ios_activity_recognition,"[""stationary""]",0,2,0,99fd867d-73c2-4fa7-a289-16ce83a6376d,219WT,supplement,0,1,1589801052484,0,0
plugin_ios_activity_recognition,,0,2,0,99fd867d-73c2-4fa7-a289-16ce83a6376d,219WT,supplement,0,0,1589801103273,0,0
plugin_ios_activity_recognition,,0,2,0,99fd867d-73c2-4fa7-a289-16ce83a6376d,219WT,supplement,0,0,1589801163273,0,0
plugin_ios_activity_recognition,,0,2,0,99fd867d-73c2-4fa7-a289-16ce83a6376d,219WT,supplement,0,0,1589801223273,0,0
plugin_ios_activity_recognition,,0,2,0,99fd867d-73c2-4fa7-a289-16ce83a6376d,219WT,supplement,0,0,1589801283273,0,0
plugin_ios_activity_recognition,,0,2,0,99fd867d-73c2-4fa7-a289-16ce83a6376d,219WT,supplement,0,0,1589801343273,0,0
plugin_ios_activity_recognition,,0,2,0,99fd867d-73c2-4fa7-a289-16ce83a6376d,219WT,supplement,0,0,1589801403273,0,0
plugin_ios_activity_recognition,,0,2,0,99fd867d-73c2-4fa7-a289-16ce83a6376d,219WT,supplement,0,0,1589801463273,0,0
plugin_ios_activity_recognition,,0,2,0,99fd867d-73c2-4fa7-a289-16ce83a6376d,219WT,supplement,0,0,1589801523273,0,0
plugin_ios_activity_recognition,,0,2,0,99fd867d-73c2-4fa7-a289-16ce83a6376d,219WT,supplement,0,0,1589801583273,0,0
plugin_ios_activity_recognition,,0,2,0,99fd867d-73c2-4fa7-a289-16ce83a6376d,219WT,supplement,0,0,1589801643273,0,0
plugin_ios_activity_recognition,,0,2,0,99fd867d-73c2-4fa7-a289-16ce83a6376d,219WT,supplement,0,0,1589801703273,0,0
plugin_ios_activity_recognition,,0,2,0,99fd867d-73c2-4fa7-a289-16ce83a6376d,219WT,supplement,0,0,1589801763273,0,0
plugin_ios_activity_recognition,,0,2,0,99fd867d-73c2-4fa7-a289-16ce83a6376d,219WT,supplement,0,0,1589801823273,0,0
plugin_ios_activity_recognition,,0,2,0,99fd867d-73c2-4fa7-a289-16ce83a6376d,219WT,supplement,0,0,1589801883273,0,0
plugin_ios_activity_recognition,,0,2,0,99fd867d-73c2-4fa7-a289-16ce83a6376d,219WT,supplement,0,0,1589801943273,0,0
plugin_ios_activity_recognition,,0,2,0,99fd867d-73c2-4fa7-a289-16ce83a6376d,219WT,supplement,0,0,1589802003273,0,0
plugin_ios_activity_recognition,,0,2,0,99fd867d-73c2-4fa7-a289-16ce83a6376d,219WT,supplement,0,0,1589802063273,0,0
plugin_ios_activity_recognition,,0,2,0,99fd867d-73c2-4fa7-a289-16ce83a6376d,219WT,supplement,0,0,1589802123273,0,0
plugin_ios_activity_recognition,,0,2,0,99fd867d-73c2-4fa7-a289-16ce83a6376d,219WT,supplement,0,0,1589802183273,0,0
plugin_ios_activity_recognition,,0,2,0,99fd867d-73c2-4fa7-a289-16ce83a6376d,219WT,supplement,0,0,1589802243273,0,0
plugin_ios_activity_recognition,,0,2,0,99fd867d-73c2-4fa7-a289-16ce83a6376d,219WT,supplement,0,0,1589802303273,0,0
plugin_ios_activity_recognition,,0,2,0,99fd867d-73c2-4fa7-a289-16ce83a6376d,219WT,supplement,0,0,1589802363273,0,0
plugin_ios_activity_recognition,,0,2,0,99fd867d-73c2-4fa7-a289-16ce83a6376d,219WT,supplement,0,0,1589802423273,0,0
plugin_ios_activity_recognition,,0,2,0,99fd867d-73c2-4fa7-a289-16ce83a6376d,219WT,supplement,0,0,1589802483273,0,0
plugin_ios_activity_recognition,,0,2,0,99fd867d-73c2-4fa7-a289-16ce83a6376d,219WT,supplement,0,0,1589802543273,0,0
plugin_ios_activity_recognition,,0,2,0,99fd867d-73c2-4fa7-a289-16ce83a6376d,219WT,supplement,0,0,1589802603273,0,0
plugin_ios_activity_recognition,,0,2,0,99fd867d-73c2-4fa7-a289-16ce83a6376d,219WT,supplement,0,0,1589802663273,0,0
plugin_ios_activity_recognition,,0,2,0,99fd867d-73c2-4fa7-a289-16ce83a6376d,219WT,supplement,0,0,1589802723273,0,0
plugin_ios_activity_recognition,,0,2,0,99fd867d-73c2-4fa7-a289-16ce83a6376d,219WT,supplement,0,0,1589802783273,0,0
plugin_ios_activity_recognition,,0,2,0,99fd867d-73c2-4fa7-a289-16ce83a6376d,219WT,supplement,0,0,1589802843273,0,0
plugin_ios_activity_recognition,,0,2,0,99fd867d-73c2-4fa7-a289-16ce83a6376d,219WT,supplement,0,0,1589802903273,0,0
plugin_ios_activity_recognition,"[""stationary""]",0,2,0,99fd867d-73c2-4fa7-a289-16ce83a6376d,219WT,,0,1,1589802944947,0,0
plugin_ios_activity_recognition,,0,2,0,99fd867d-73c2-4fa7-a289-16ce83a6376d,219WT,,0,0,1589802958722,0,0
plugin_ios_activity_recognition,,0,2,0,99fd867d-73c2-4fa7-a289-16ce83a6376d,219WT,supplement,0,0,1589802963273,0,0
plugin_ios_activity_recognition,"[""stationary""]",0,2,0,99fd867d-73c2-4fa7-a289-16ce83a6376d,219WT,,0,1,1589802991724,0,0
plugin_ios_activity_recognition,,0,2,0,99fd867d-73c2-4fa7-a289-16ce83a6376d,219WT,,0,0,1589802996530,0,0
plugin_ios_activity_recognition,"[""stationary""]",0,2,0,99fd867d-73c2-4fa7-a289-16ce83a6376d,219WT,,0,1,1589803000695,0,0
plugin_ios_activity_recognition,,0,2,0,99fd867d-73c2-4fa7-a289-16ce83a6376d,219WT,,0,0,1589803060614,0,0
plugin_ios_activity_recognition,"[""stationary""]",0,2,0,99fd867d-73c2-4fa7-a289-16ce83a6376d,219WT,,0,1,1589803074072,0,0
plugin_ios_activity_recognition,,0,2,0,99fd867d-73c2-4fa7-a289-16ce83a6376d,219WT,,0,0,1589803088171,0,0
plugin_ios_activity_recognition,"[""stationary""]",0,2,0,99fd867d-73c2-4fa7-a289-16ce83a6376d,219WT,,0,1,1589803105474,0,0
plugin_ios_activity_recognition,,0,2,0,99fd867d-73c2-4fa7-a289-16ce83a6376d,219WT,,0,0,1589803106438,0,0
plugin_ios_activity_recognition,"[""stationary""]",0,2,0,99fd867d-73c2-4fa7-a289-16ce83a6376d,219WT,,0,1,1589803122457,0,0
plugin_ios_activity_recognition,,0,2,0,99fd867d-73c2-4fa7-a289-16ce83a6376d,219WT,,0,0,1589803126302,0,0
plugin_ios_activity_recognition,"[""stationary""]",0,2,0,99fd867d-73c2-4fa7-a289-16ce83a6376d,219WT,,0,1,1589803137199,0,0
plugin_ios_activity_recognition,,0,2,0,99fd867d-73c2-4fa7-a289-16ce83a6376d,219WT,,0,0,1589803146488,0,0
plugin_ios_activity_recognition,"[""stationary""]",0,2,0,99fd867d-73c2-4fa7-a289-16ce83a6376d,219WT,,0,1,1589803151294,0,0
plugin_ios_activity_recognition,,0,2,0,99fd867d-73c2-4fa7-a289-16ce83a6376d,219WT,,0,0,1589803152256,0,0
plugin_ios_activity_recognition,"[""stationary""]",0,2,0,99fd867d-73c2-4fa7-a289-16ce83a6376d,219WT,,0,1,1589803157062,0,0
plugin_ios_activity_recognition,,0,2,0,99fd867d-73c2-4fa7-a289-16ce83a6376d,219WT,,0,0,1589803162822,0,0
plugin_ios_activity_recognition,"[""stationary""]",0,2,0,99fd867d-73c2-4fa7-a289-16ce83a6376d,219WT,,0,1,1589803168907,0,0
plugin_ios_activity_recognition,,0,2,0,99fd867d-73c2-4fa7-a289-16ce83a6376d,219WT,,0,0,1589803178840,0,0
plugin_ios_activity_recognition,"[""stationary""]",0,2,0,99fd867d-73c2-4fa7-a289-16ce83a6376d,219WT,,0,1,1589803183647,0,0
plugin_ios_activity_recognition,,0,2,0,99fd867d-73c2-4fa7-a289-16ce83a6376d,219WT,,0,0,1589803197424,0,0
plugin_ios_activity_recognition,"[""stationary""]",0,2,0,99fd867d-73c2-4fa7-a289-16ce83a6376d,219WT,,0,1,1589803202871,0,0
plugin_ios_activity_recognition,,0,2,0,99fd867d-73c2-4fa7-a289-16ce83a6376d,219WT,,0,0,1589803248690,0,0
plugin_ios_activity_recognition,"[""stationary""]",0,2,0,99fd867d-73c2-4fa7-a289-16ce83a6376d,219WT,,0,1,1589803255419,0,0
plugin_ios_activity_recognition,"[""stationary""]",0,2,0,99fd867d-73c2-4fa7-a289-16ce83a6376d,219WT,supplement,0,1,1589803315419,0,0
plugin_ios_activity_recognition,,0,2,0,99fd867d-73c2-4fa7-a289-16ce83a6376d,219WT,,0,0,1589803338090,0,0
plugin_ios_activity_recognition,"[""stationary""]",0,2,0,99fd867d-73c2-4fa7-a289-16ce83a6376d,219WT,,0,1,1589803343536,0,0
plugin_ios_activity_recognition,"[""stationary""]",0,2,0,99fd867d-73c2-4fa7-a289-16ce83a6376d,219WT,supplement,0,1,1589803375419,0,0
plugin_ios_activity_recognition,"[""stationary""]",0,2,0,99fd867d-73c2-4fa7-a289-16ce83a6376d,219WT,supplement,0,1,1589803403536,0,0
plugin_ios_activity_recognition,"[""stationary""]",0,2,0,99fd867d-73c2-4fa7-a289-16ce83a6376d,219WT,supplement,0,1,1589803463536,0,0
plugin_ios_activity_recognition,"[""stationary""]",0,2,0,99fd867d-73c2-4fa7-a289-16ce83a6376d,219WT,supplement,0,1,1589803523536,0,0
plugin_ios_activity_recognition,"[""stationary""]",0,2,0,99fd867d-73c2-4fa7-a289-16ce83a6376d,219WT,supplement,0,1,1589803583536,0,0
plugin_ios_activity_recognition,,0,2,0,99fd867d-73c2-4fa7-a289-16ce83a6376d,219WT,,0,0,1589803588668,0,0
plugin_ios_activity_recognition,"[""stationary""]",0,2,0,99fd867d-73c2-4fa7-a289-16ce83a6376d,219WT,,0,1,1589803594114,0,0
plugin_ios_activity_recognition,"[""stationary""]",0,2,0,99fd867d-73c2-4fa7-a289-16ce83a6376d,219WT,supplement,0,1,1589803643536,0,0
plugin_ios_activity_recognition,"[""stationary""]",0,2,0,99fd867d-73c2-4fa7-a289-16ce83a6376d,219WT,supplement,0,1,1589803654114,0,0
plugin_ios_activity_recognition,,0,2,0,99fd867d-73c2-4fa7-a289-16ce83a6376d,219WT,,0,0,1589803658526,0,0
plugin_ios_activity_recognition,"[""stationary""]",0,2,0,99fd867d-73c2-4fa7-a289-16ce83a6376d,219WT,,0,1,1589803664614,0,0
plugin_ios_activity_recognition,"[""stationary""]",0,2,0,99fd867d-73c2-4fa7-a289-16ce83a6376d,219WT,supplement,0,1,1589803714114,0,0
plugin_ios_activity_recognition,"[""stationary""]",0,2,0,99fd867d-73c2-4fa7-a289-16ce83a6376d,219WT,supplement,0,1,1589803724614,0,0
plugin_ios_activity_recognition,"[""stationary""]",0,2,0,99fd867d-73c2-4fa7-a289-16ce83a6376d,219WT,supplement,0,1,1589803784614,0,0
plugin_ios_activity_recognition,,0,2,0,99fd867d-73c2-4fa7-a289-16ce83a6376d,219WT,,0,0,1589803831570,0,0
plugin_ios_activity_recognition,"[""stationary""]",0,2,0,99fd867d-73c2-4fa7-a289-16ce83a6376d,219WT,supplement,0,1,1589803844614,0,0
plugin_ios_activity_recognition,,0,2,0,99fd867d-73c2-4fa7-a289-16ce83a6376d,219WT,supplement,0,0,1589803891570,0,0
plugin_ios_activity_recognition,,0,2,0,99fd867d-73c2-4fa7-a289-16ce83a6376d,219WT,supplement,0,0,1589803951570,0,0
plugin_ios_activity_recognition,,0,2,0,99fd867d-73c2-4fa7-a289-16ce83a6376d,219WT,supplement,0,0,1589804011570,0,0
plugin_ios_activity_recognition,,0,2,0,99fd867d-73c2-4fa7-a289-16ce83a6376d,219WT,supplement,0,0,1589804071570,0,0
plugin_ios_activity_recognition,,0,2,0,99fd867d-73c2-4fa7-a289-16ce83a6376d,219WT,supplement,0,0,1589804131570,0,0
plugin_ios_activity_recognition,"[""stationary""]",0,2,0,99fd867d-73c2-4fa7-a289-16ce83a6376d,219WT,,0,1,1589804145273,0,0
plugin_ios_activity_recognition,,0,2,0,99fd867d-73c2-4fa7-a289-16ce83a6376d,219WT,supplement,0,0,1589804191570,0,0
plugin_ios_activity_recognition,"[""stationary""]",0,2,0,99fd867d-73c2-4fa7-a289-16ce83a6376d,219WT,supplement,0,1,1589804205273,0,0
plugin_ios_activity_recognition,"[""stationary""]",0,2,0,99fd867d-73c2-4fa7-a289-16ce83a6376d,219WT,supplement,0,1,1589804265273,0,0
plugin_ios_activity_recognition,,0,2,0,99fd867d-73c2-4fa7-a289-16ce83a6376d,219WT,,0,0,1589804275384,0,0
plugin_ios_activity_recognition,"[""stationary""]",0,2,0,99fd867d-73c2-4fa7-a289-16ce83a6376d,219WT,,0,1,1589804280188,0,0
plugin_ios_activity_recognition,"[""stationary""]",0,2,0,99fd867d-73c2-4fa7-a289-16ce83a6376d,219WT,supplement,0,1,1589804325273,0,0
plugin_ios_activity_recognition,"[""stationary""]",0,2,0,99fd867d-73c2-4fa7-a289-16ce83a6376d,219WT,supplement,0,1,1589804340188,0,0
plugin_ios_activity_recognition,"[""stationary""]",0,2,0,99fd867d-73c2-4fa7-a289-16ce83a6376d,219WT,supplement,0,1,1589804400188,0,0
plugin_ios_activity_recognition,"[""stationary""]",0,2,0,99fd867d-73c2-4fa7-a289-16ce83a6376d,219WT,supplement,0,1,1589804460188,0,0
plugin_ios_activity_recognition,"[""stationary""]",0,2,0,99fd867d-73c2-4fa7-a289-16ce83a6376d,219WT,supplement,0,1,1589804520188,0,0
plugin_ios_activity_recognition,,0,2,0,99fd867d-73c2-4fa7-a289-16ce83a6376d,219WT,,0,0,1589804542011,0,0
plugin_ios_activity_recognition,"[""stationary""]",0,2,0,99fd867d-73c2-4fa7-a289-16ce83a6376d,219WT,,0,1,1589804547776,0,0
plugin_ios_activity_recognition,,0,2,0,99fd867d-73c2-4fa7-a289-16ce83a6376d,219WT,,0,0,1589804555788,0,0
plugin_ios_activity_recognition,"[""stationary""]",0,2,0,99fd867d-73c2-4fa7-a289-16ce83a6376d,219WT,,0,1,1589804562197,0,0
plugin_ios_activity_recognition,"[""stationary""]",0,2,0,99fd867d-73c2-4fa7-a289-16ce83a6376d,219WT,supplement,0,1,1589804580188,0,0
plugin_ios_activity_recognition,"[""stationary""]",0,2,0,99fd867d-73c2-4fa7-a289-16ce83a6376d,219WT,supplement,0,1,1589804622197,0,0
plugin_ios_activity_recognition,"[""stationary""]",0,2,0,99fd867d-73c2-4fa7-a289-16ce83a6376d,219WT,supplement,0,1,1589804682197,0,0
plugin_ios_activity_recognition,"[""stationary""]",0,2,0,99fd867d-73c2-4fa7-a289-16ce83a6376d,219WT,supplement,0,1,1589804742197,0,0
plugin_ios_activity_recognition,,0,2,0,99fd867d-73c2-4fa7-a289-16ce83a6376d,219WT,,0,0,1589804744541,0,0
plugin_ios_activity_recognition,"[""stationary""]",0,2,0,99fd867d-73c2-4fa7-a289-16ce83a6376d,219WT,,0,1,1589804749346,0,0
plugin_ios_activity_recognition,"[""stationary""]",0,2,0,99fd867d-73c2-4fa7-a289-16ce83a6376d,219WT,supplement,0,1,1589804802197,0,0
plugin_ios_activity_recognition,"[""stationary""]",0,2,0,99fd867d-73c2-4fa7-a289-16ce83a6376d,219WT,supplement,0,1,1589804809346,0,0
plugin_ios_activity_recognition,,0,2,0,99fd867d-73c2-4fa7-a289-16ce83a6376d,219WT,,0,0,1589804820488,0,0
plugin_ios_activity_recognition,"[""stationary""]",0,2,0,99fd867d-73c2-4fa7-a289-16ce83a6376d,219WT,,0,1,1589804841317,0,0
plugin_ios_activity_recognition,"[""stationary""]",0,2,0,99fd867d-73c2-4fa7-a289-16ce83a6376d,219WT,supplement,0,1,1589804869346,0,0
plugin_ios_activity_recognition,"[""stationary""]",0,2,0,99fd867d-73c2-4fa7-a289-16ce83a6376d,219WT,supplement,0,1,1589804901317,0,0
plugin_ios_activity_recognition,"[""stationary""]",0,2,0,99fd867d-73c2-4fa7-a289-16ce83a6376d,219WT,supplement,0,1,1589804961317,0,0
plugin_ios_activity_recognition,,0,2,0,99fd867d-73c2-4fa7-a289-16ce83a6376d,219WT,,0,0,1589804986465,0,0
plugin_ios_activity_recognition,"[""stationary""]",0,2,0,99fd867d-73c2-4fa7-a289-16ce83a6376d,219WT,supplement,0,1,1589805021317,0,0
plugin_ios_activity_recognition,,0,2,0,99fd867d-73c2-4fa7-a289-16ce83a6376d,219WT,supplement,0,0,1589805046465,0,0
plugin_ios_activity_recognition,"[""stationary""]",0,2,0,99fd867d-73c2-4fa7-a289-16ce83a6376d,219WT,,0,1,1589805095595,0,0
plugin_ios_activity_recognition,,0,2,0,99fd867d-73c2-4fa7-a289-16ce83a6376d,219WT,supplement,0,0,1589805106465,0,0
plugin_ios_activity_recognition,,0,2,0,99fd867d-73c2-4fa7-a289-16ce83a6376d,219WT,,0,0,1589805124758,0,0
plugin_ios_activity_recognition,"[""stationary""]",0,2,0,99fd867d-73c2-4fa7-a289-16ce83a6376d,219WT,,0,1,1589805131488,0,0
plugin_ios_activity_recognition,,0,2,0,99fd867d-73c2-4fa7-a289-16ce83a6376d,219WT,,0,0,1589805132770,0,0
plugin_ios_activity_recognition,"[""stationary""]",0,2,0,99fd867d-73c2-4fa7-a289-16ce83a6376d,219WT,,0,1,1589805146230,0,0
plugin_ios_activity_recognition,,0,2,0,99fd867d-73c2-4fa7-a289-16ce83a6376d,219WT,,0,0,1589805203598,0,0
plugin_ios_activity_recognition,"[""stationary""]",0,2,0,99fd867d-73c2-4fa7-a289-16ce83a6376d,219WT,,0,1,1589805208725,0,0
plugin_ios_activity_recognition,"[""stationary""]",0,2,0,99fd867d-73c2-4fa7-a289-16ce83a6376d,219WT,supplement,0,1,1589805268725,0,0
plugin_ios_activity_recognition,"[""stationary""]",0,2,0,99fd867d-73c2-4fa7-a289-16ce83a6376d,219WT,supplement,0,1,1589805328725,0,0
plugin_ios_activity_recognition,,0,2,0,99fd867d-73c2-4fa7-a289-16ce83a6376d,219WT,,0,0,1589805378915,0,0
plugin_ios_activity_recognition,"[""stationary""]",0,2,0,99fd867d-73c2-4fa7-a289-16ce83a6376d,219WT,supplement,0,1,1589805388725,0,0
plugin_ios_activity_recognition,,0,2,0,99fd867d-73c2-4fa7-a289-16ce83a6376d,219WT,supplement,0,0,1589805438915,0,0
plugin_ios_activity_recognition,,0,2,0,99fd867d-73c2-4fa7-a289-16ce83a6376d,219WT,supplement,0,0,1589805498915,0,0
plugin_ios_activity_recognition,,0,2,0,99fd867d-73c2-4fa7-a289-16ce83a6376d,219WT,supplement,0,0,1589805558915,0,0
plugin_ios_activity_recognition,,0,2,0,99fd867d-73c2-4fa7-a289-16ce83a6376d,219WT,supplement,0,0,1589805618915,0,0
plugin_ios_activity_recognition,,0,2,0,99fd867d-73c2-4fa7-a289-16ce83a6376d,219WT,supplement,0,0,1589805678915,0,0
plugin_ios_activity_recognition,,0,2,0,99fd867d-73c2-4fa7-a289-16ce83a6376d,219WT,supplement,0,0,1589805738915,0,0
plugin_ios_activity_recognition,,0,2,0,99fd867d-73c2-4fa7-a289-16ce83a6376d,219WT,supplement,0,0,1589805798915,0,0
plugin_ios_activity_recognition,,0,2,0,99fd867d-73c2-4fa7-a289-16ce83a6376d,219WT,supplement,0,0,1589805858915,0,0
plugin_ios_activity_recognition,,0,2,0,99fd867d-73c2-4fa7-a289-16ce83a6376d,219WT,supplement,0,0,1589805918915,0,0
plugin_ios_activity_recognition,"[""stationary""]",0,2,0,99fd867d-73c2-4fa7-a289-16ce83a6376d,219WT,,0,1,1589805935605,0,0
plugin_ios_activity_recognition,,0,2,0,99fd867d-73c2-4fa7-a289-16ce83a6376d,219WT,,0,0,1589805946178,0,0
plugin_ios_activity_recognition,"[""stationary""]",0,2,0,99fd867d-73c2-4fa7-a289-16ce83a6376d,219WT,,0,1,1589805951626,0,0
plugin_ios_activity_recognition,,0,2,0,99fd867d-73c2-4fa7-a289-16ce83a6376d,219WT,supplement,0,0,1589805978915,0,0
plugin_ios_activity_recognition,"[""stationary""]",0,2,0,99fd867d-73c2-4fa7-a289-16ce83a6376d,219WT,supplement,0,1,1589806011626,0,0
plugin_ios_activity_recognition,"[""stationary""]",0,2,0,99fd867d-73c2-4fa7-a289-16ce83a6376d,219WT,supplement,0,1,1589806071626,0,0
plugin_ios_activity_recognition,,0,2,0,99fd867d-73c2-4fa7-a289-16ce83a6376d,219WT,,0,0,1589806108666,0,0
plugin_ios_activity_recognition,"[""stationary""]",0,2,0,99fd867d-73c2-4fa7-a289-16ce83a6376d,219WT,,0,1,1589806114752,0,0
plugin_ios_activity_recognition,"[""stationary""]",0,2,0,99fd867d-73c2-4fa7-a289-16ce83a6376d,219WT,supplement,0,1,1589806131626,0,0
plugin_ios_activity_recognition,"[""stationary""]",0,2,0,99fd867d-73c2-4fa7-a289-16ce83a6376d,219WT,supplement,0,1,1589806174752,0,0
plugin_ios_activity_recognition,,0,2,0,99fd867d-73c2-4fa7-a289-16ce83a6376d,219WT,,0,0,1589806177888,0,0
plugin_ios_activity_recognition,"[""stationary""]",0,2,0,99fd867d-73c2-4fa7-a289-16ce83a6376d,219WT,,0,1,1589806194230,0,0
plugin_ios_activity_recognition,,0,2,0,99fd867d-73c2-4fa7-a289-16ce83a6376d,219WT,,0,0,1589806198717,0,0
plugin_ios_activity_recognition,"[""stationary""]",0,2,0,99fd867d-73c2-4fa7-a289-16ce83a6376d,219WT,,0,1,1589806218588,0,0
plugin_ios_activity_recognition,"[""stationary""]",0,2,0,99fd867d-73c2-4fa7-a289-16ce83a6376d,219WT,supplement,0,1,1589806234752,0,0
plugin_ios_activity_recognition,,0,2,0,99fd867d-73c2-4fa7-a289-16ce83a6376d,219WT,,0,0,1589806256727,0,0
plugin_ios_activity_recognition,"[""stationary""]",0,2,0,99fd867d-73c2-4fa7-a289-16ce83a6376d,219WT,,0,1,1589806260253,0,0
plugin_ios_activity_recognition,,0,2,0,99fd867d-73c2-4fa7-a289-16ce83a6376d,219WT,,0,0,1589806307687,0,0
plugin_ios_activity_recognition,"[""stationary""]",0,2,0,99fd867d-73c2-4fa7-a289-16ce83a6376d,219WT,,0,1,1589806325636,0,0
plugin_ios_activity_recognition,,0,2,0,99fd867d-73c2-4fa7-a289-16ce83a6376d,219WT,,0,0,1589806344864,0,0
plugin_ios_activity_recognition,"[""running""]",0,2,0,99fd867d-73c2-4fa7-a289-16ce83a6376d,219WT,,1,0,1589806349685,0,0
plugin_ios_activity_recognition,,0,2,0,99fd867d-73c2-4fa7-a289-16ce83a6376d,219WT,,0,0,1589806352249,0,0
plugin_ios_activity_recognition,"[""walking""]",0,1,0,99fd867d-73c2-4fa7-a289-16ce83a6376d,219WT,,0,0,1589806357401,0,1
plugin_ios_activity_recognition,"[""stationary""]",0,2,0,99fd867d-73c2-4fa7-a289-16ce83a6376d,219WT,,0,1,1589806365409,0,0
plugin_ios_activity_recognition,"[""walking""]",0,2,0,99fd867d-73c2-4fa7-a289-16ce83a6376d,219WT,,0,0,1589806371820,0,1
plugin_ios_activity_recognition,"[""stationary""]",0,2,0,99fd867d-73c2-4fa7-a289-16ce83a6376d,219WT,,0,1,1589806375987,0,0
plugin_ios_activity_recognition,"[""walking""]",0,2,0,99fd867d-73c2-4fa7-a289-16ce83a6376d,219WT,,0,0,1589806384961,0,1
plugin_ios_activity_recognition,"[""stationary""]",0,2,0,99fd867d-73c2-4fa7-a289-16ce83a6376d,219WT,,0,1,1589806394256,0,0
plugin_ios_activity_recognition,"[""walking""]",0,2,0,99fd867d-73c2-4fa7-a289-16ce83a6376d,219WT,,0,0,1589806399705,0,1
plugin_ios_activity_recognition,"[""stationary""]",0,2,0,99fd867d-73c2-4fa7-a289-16ce83a6376d,219WT,,0,1,1589806407077,0,0
plugin_ios_activity_recognition,"[""walking""]",0,2,0,99fd867d-73c2-4fa7-a289-16ce83a6376d,219WT,,0,0,1589806408038,0,1
plugin_ios_activity_recognition,,0,2,0,99fd867d-73c2-4fa7-a289-16ce83a6376d,219WT,,0,0,1589806413812,0,0
plugin_ios_activity_recognition,"[""stationary""]",0,2,0,99fd867d-73c2-4fa7-a289-16ce83a6376d,219WT,,0,1,1589806419257,0,0
plugin_ios_activity_recognition,,0,2,0,99fd867d-73c2-4fa7-a289-16ce83a6376d,219WT,,0,0,1589806425666,0,0
plugin_ios_activity_recognition,"[""stationary""]",0,2,0,99fd867d-73c2-4fa7-a289-16ce83a6376d,219WT,,0,1,1589806430794,0,0
plugin_ios_activity_recognition,,0,2,0,99fd867d-73c2-4fa7-a289-16ce83a6376d,219WT,,0,0,1589806469253,0,0
plugin_ios_activity_recognition,"[""stationary""]",0,2,0,99fd867d-73c2-4fa7-a289-16ce83a6376d,219WT,,0,1,1589806476624,0,0
plugin_ios_activity_recognition,,0,2,0,99fd867d-73c2-4fa7-a289-16ce83a6376d,219WT,,0,0,1589806483354,0,0
plugin_ios_activity_recognition,"[""stationary""]",0,2,0,99fd867d-73c2-4fa7-a289-16ce83a6376d,219WT,,0,1,1589806491365,0,0
plugin_ios_activity_recognition,,0,2,0,99fd867d-73c2-4fa7-a289-16ce83a6376d,219WT,,0,0,1589806513477,0,0
plugin_ios_activity_recognition,"[""stationary""]",0,2,0,99fd867d-73c2-4fa7-a289-16ce83a6376d,219WT,,0,1,1589806533026,0,0
plugin_ios_activity_recognition,,0,2,0,99fd867d-73c2-4fa7-a289-16ce83a6376d,219WT,,0,0,1589806573723,0,0
plugin_ios_activity_recognition,"[""stationary""]",0,2,0,99fd867d-73c2-4fa7-a289-16ce83a6376d,219WT,,0,1,1589806578851,0,0
plugin_ios_activity_recognition,"[""stationary""]",0,2,0,99fd867d-73c2-4fa7-a289-16ce83a6376d,219WT,supplement,0,1,1589806638851,0,0
plugin_ios_activity_recognition,"[""stationary""]",0,2,0,99fd867d-73c2-4fa7-a289-16ce83a6376d,219WT,supplement,0,1,1589806698851,0,0
plugin_ios_activity_recognition,"[""stationary""]",0,2,0,99fd867d-73c2-4fa7-a289-16ce83a6376d,219WT,supplement,0,1,1589806758851,0,0
plugin_ios_activity_recognition,"[""stationary""]",0,2,0,99fd867d-73c2-4fa7-a289-16ce83a6376d,219WT,supplement,0,1,1589806818851,0,0
plugin_ios_activity_recognition,"[""stationary""]",0,2,0,99fd867d-73c2-4fa7-a289-16ce83a6376d,219WT,supplement,0,1,1589806878851,0,0
plugin_ios_activity_recognition,"[""stationary""]",0,2,0,99fd867d-73c2-4fa7-a289-16ce83a6376d,219WT,supplement,0,1,1589806938851,0,0
plugin_ios_activity_recognition,"[""stationary""]",0,2,0,99fd867d-73c2-4fa7-a289-16ce83a6376d,219WT,supplement,0,1,1589806998851,0,0
plugin_ios_activity_recognition,"[""stationary""]",0,2,0,99fd867d-73c2-4fa7-a289-16ce83a6376d,219WT,supplement,0,1,1589807058851,0,0
plugin_ios_activity_recognition,"[""stationary""]",0,2,0,99fd867d-73c2-4fa7-a289-16ce83a6376d,219WT,supplement,0,1,1589807118851,0,0
plugin_ios_activity_recognition,"[""stationary""]",0,2,0,99fd867d-73c2-4fa7-a289-16ce83a6376d,219WT,supplement,0,1,1589807178851,0,0
plugin_ios_activity_recognition,,0,2,0,99fd867d-73c2-4fa7-a289-16ce83a6376d,219WT,,0,0,1589807208107,0,0
plugin_ios_activity_recognition,"[""stationary""]",0,2,0,99fd867d-73c2-4fa7-a289-16ce83a6376d,219WT,supplement,0,1,1589807238851,0,0
plugin_ios_activity_recognition,,0,2,0,99fd867d-73c2-4fa7-a289-16ce83a6376d,219WT,supplement,0,0,1589807268107,0,0
plugin_ios_activity_recognition,,0,2,0,99fd867d-73c2-4fa7-a289-16ce83a6376d,219WT,supplement,0,0,1589807328107,0,0
plugin_ios_activity_recognition,,0,2,0,99fd867d-73c2-4fa7-a289-16ce83a6376d,219WT,supplement,0,0,1589807388107,0,0
plugin_ios_activity_recognition,,0,2,0,99fd867d-73c2-4fa7-a289-16ce83a6376d,219WT,supplement,0,0,1589807448107,0,0
plugin_ios_activity_recognition,,0,2,0,99fd867d-73c2-4fa7-a289-16ce83a6376d,219WT,supplement,0,0,1589807508107,0,0
plugin_ios_activity_recognition,,0,2,0,99fd867d-73c2-4fa7-a289-16ce83a6376d,219WT,supplement,0,0,1589807568107,0,0
plugin_ios_activity_recognition,,0,2,0,99fd867d-73c2-4fa7-a289-16ce83a6376d,219WT,supplement,0,0,1589807628107,0,0
plugin_ios_activity_recognition,,0,2,0,99fd867d-73c2-4fa7-a289-16ce83a6376d,219WT,supplement,0,0,1589807688107,0,0
plugin_ios_activity_recognition,,0,2,0,99fd867d-73c2-4fa7-a289-16ce83a6376d,219WT,supplement,0,0,1589807748107,0,0
plugin_ios_activity_recognition,,0,2,0,99fd867d-73c2-4fa7-a289-16ce83a6376d,219WT,supplement,0,0,1589807808107,0,0
plugin_ios_activity_recognition,,0,2,0,99fd867d-73c2-4fa7-a289-16ce83a6376d,219WT,supplement,0,0,1589807868107,0,0
plugin_ios_activity_recognition,,0,2,0,99fd867d-73c2-4fa7-a289-16ce83a6376d,219WT,supplement,0,0,1589807928107,0,0
plugin_ios_activity_recognition,,0,2,0,99fd867d-73c2-4fa7-a289-16ce83a6376d,219WT,supplement,0,0,1589807988107,0,0
plugin_ios_activity_recognition,,0,2,0,99fd867d-73c2-4fa7-a289-16ce83a6376d,219WT,supplement,0,0,1589808048107,0,0
plugin_ios_activity_recognition,"[""stationary""]",0,2,0,99fd867d-73c2-4fa7-a289-16ce83a6376d,219WT,,0,1,1589808050319,0,0
plugin_ios_activity_recognition,,0,2,0,99fd867d-73c2-4fa7-a289-16ce83a6376d,219WT,,0,0,1589808076588,0,0
plugin_ios_activity_recognition,"[""stationary""]",0,2,0,99fd867d-73c2-4fa7-a289-16ce83a6376d,219WT,,0,1,1589808082674,0,0
plugin_ios_activity_recognition,,0,2,0,99fd867d-73c2-4fa7-a289-16ce83a6376d,219WT,,0,0,1589808086199,0,0
plugin_ios_activity_recognition,"[""stationary""]",0,2,0,99fd867d-73c2-4fa7-a289-16ce83a6376d,219WT,,0,1,1589808090362,0,0
plugin_ios_activity_recognition,,0,2,0,99fd867d-73c2-4fa7-a289-16ce83a6376d,219WT,supplement,0,0,1589808108107,0,0
plugin_ios_activity_recognition,,0,2,0,99fd867d-73c2-4fa7-a289-16ce83a6376d,219WT,,0,0,1589808122719,0,0
plugin_ios_activity_recognition,"[""stationary""]",0,2,0,99fd867d-73c2-4fa7-a289-16ce83a6376d,219WT,,0,1,1589808126242,0,0
plugin_ios_activity_recognition,"[""stationary""]",0,2,0,99fd867d-73c2-4fa7-a289-16ce83a6376d,219WT,supplement,0,1,1589808186242,0,0
plugin_ios_activity_recognition,,0,2,0,99fd867d-73c2-4fa7-a289-16ce83a6376d,219WT,,0,0,1589808202172,0,0
plugin_ios_activity_recognition,"[""stationary""]",0,2,0,99fd867d-73c2-4fa7-a289-16ce83a6376d,219WT,,0,1,1589808219793,0,0
plugin_ios_activity_recognition,"[""stationary""]",0,2,0,99fd867d-73c2-4fa7-a289-16ce83a6376d,219WT,supplement,0,1,1589808246242,0,0
plugin_ios_activity_recognition,"[""stationary""]",0,2,0,99fd867d-73c2-4fa7-a289-16ce83a6376d,219WT,supplement,0,1,1589808279793,0,0
plugin_ios_activity_recognition,"[""stationary""]",0,2,0,99fd867d-73c2-4fa7-a289-16ce83a6376d,219WT,supplement,0,1,1589808339793,0,0
plugin_ios_activity_recognition,,0,2,0,99fd867d-73c2-4fa7-a289-16ce83a6376d,219WT,,0,0,1589808384141,0,0
plugin_ios_activity_recognition,"[""stationary""]",0,2,0,99fd867d-73c2-4fa7-a289-16ce83a6376d,219WT,,0,1,1589808396313,0,0
plugin_ios_activity_recognition,"[""stationary""]",0,2,0,99fd867d-73c2-4fa7-a289-16ce83a6376d,219WT,supplement,0,1,1589808399793,0,0
plugin_ios_activity_recognition,,0,2,0,99fd867d-73c2-4fa7-a289-16ce83a6376d,219WT,,0,0,1589808415536,0,0
plugin_ios_activity_recognition,"[""stationary""]",0,2,0,99fd867d-73c2-4fa7-a289-16ce83a6376d,219WT,,0,1,1589808419699,0,0
plugin_ios_activity_recognition,"[""stationary""]",0,2,0,99fd867d-73c2-4fa7-a289-16ce83a6376d,219WT,supplement,0,1,1589808479699,0,0
plugin_ios_activity_recognition,"[""stationary""]",0,2,0,99fd867d-73c2-4fa7-a289-16ce83a6376d,219WT,supplement,0,1,1589808539699,0,0
plugin_ios_activity_recognition,"[""stationary""]",0,2,0,99fd867d-73c2-4fa7-a289-16ce83a6376d,219WT,supplement,0,1,1589808599699,0,0
plugin_ios_activity_recognition,"[""stationary""]",0,2,0,99fd867d-73c2-4fa7-a289-16ce83a6376d,219WT,supplement,0,1,1589808659699,0,0
plugin_ios_activity_recognition,"[""stationary""]",0,2,0,99fd867d-73c2-4fa7-a289-16ce83a6376d,219WT,supplement,0,1,1589808719699,0,0
plugin_ios_activity_recognition,"[""stationary""]",0,2,0,99fd867d-73c2-4fa7-a289-16ce83a6376d,219WT,supplement,0,1,1589808779699,0,0
plugin_ios_activity_recognition,"[""stationary""]",0,2,0,99fd867d-73c2-4fa7-a289-16ce83a6376d,219WT,supplement,0,1,1589808839699,0,0
plugin_ios_activity_recognition,"[""stationary""]",0,2,0,99fd867d-73c2-4fa7-a289-16ce83a6376d,219WT,supplement,0,1,1589808899699,0,0
plugin_ios_activity_recognition,,0,2,0,99fd867d-73c2-4fa7-a289-16ce83a6376d,219WT,,0,0,1589808906302,0,0
plugin_ios_activity_recognition,"[""stationary""]",0,2,0,99fd867d-73c2-4fa7-a289-16ce83a6376d,219WT,,0,1,1589808911747,0,0
plugin_ios_activity_recognition,,0,2,0,99fd867d-73c2-4fa7-a289-16ce83a6376d,219WT,,0,0,1589808922963,0,0
plugin_ios_activity_recognition,"[""stationary""]",0,2,0,99fd867d-73c2-4fa7-a289-16ce83a6376d,219WT,,0,1,1589808928406,0,0
plugin_ios_activity_recognition,"[""stationary""]",0,2,0,99fd867d-73c2-4fa7-a289-16ce83a6376d,219WT,supplement,0,1,1589808959699,0,0
plugin_ios_activity_recognition,"[""stationary""]",0,2,0,99fd867d-73c2-4fa7-a289-16ce83a6376d,219WT,supplement,0,1,1589808988406,0,0
plugin_ios_activity_recognition,"[""stationary""]",0,2,0,99fd867d-73c2-4fa7-a289-16ce83a6376d,219WT,supplement,0,1,1589809048406,0,0
plugin_ios_activity_recognition,,0,2,0,99fd867d-73c2-4fa7-a289-16ce83a6376d,219WT,,0,0,1589809081862,0,0
plugin_ios_activity_recognition,"[""stationary""]",0,2,0,99fd867d-73c2-4fa7-a289-16ce83a6376d,219WT,,0,1,1589809085382,0,0
plugin_ios_activity_recognition,"[""stationary""]",0,2,0,99fd867d-73c2-4fa7-a289-16ce83a6376d,219WT,supplement,0,1,1589809108406,0,0
plugin_ios_activity_recognition,"[""stationary""]",0,2,0,99fd867d-73c2-4fa7-a289-16ce83a6376d,219WT,supplement,0,1,1589809145382,0,0
plugin_ios_activity_recognition,,0,2,0,99fd867d-73c2-4fa7-a289-16ce83a6376d,219WT,,0,0,1589809187897,0,0
plugin_ios_activity_recognition,"[""stationary""]",0,2,0,99fd867d-73c2-4fa7-a289-16ce83a6376d,219WT,,0,1,1589809192701,0,0
plugin_ios_activity_recognition,"[""stationary""]",0,2,0,99fd867d-73c2-4fa7-a289-16ce83a6376d,219WT,supplement,0,1,1589809205382,0,0
plugin_ios_activity_recognition,,0,2,0,99fd867d-73c2-4fa7-a289-16ce83a6376d,219WT,,0,0,1589809222819,0,0
plugin_ios_activity_recognition,"[""stationary""]",0,2,0,99fd867d-73c2-4fa7-a289-16ce83a6376d,219WT,,0,1,1589809227300,0,0
plugin_ios_activity_recognition,,0,2,0,99fd867d-73c2-4fa7-a289-16ce83a6376d,219WT,,0,0,1589809237231,0,0
plugin_ios_activity_recognition,"[""stationary""]",0,2,0,99fd867d-73c2-4fa7-a289-16ce83a6376d,219WT,,0,1,1589809242036,0,0
plugin_ios_activity_recognition,"[""stationary""]",0,2,0,99fd867d-73c2-4fa7-a289-16ce83a6376d,219WT,supplement,0,1,1589809302036,0,0
plugin_ios_activity_recognition,,0,2,0,99fd867d-73c2-4fa7-a289-16ce83a6376d,219WT,,0,0,1589809343905,0,0
plugin_ios_activity_recognition,"[""stationary""]",0,2,0,99fd867d-73c2-4fa7-a289-16ce83a6376d,219WT,,0,1,1589809349030,0,0
plugin_ios_activity_recognition,"[""stationary""]",0,2,0,99fd867d-73c2-4fa7-a289-16ce83a6376d,219WT,supplement,0,1,1589809362036,0,0
plugin_ios_activity_recognition,,0,2,0,99fd867d-73c2-4fa7-a289-16ce83a6376d,219WT,,0,0,1589809374659,0,0
plugin_ios_activity_recognition,"[""stationary""]",0,2,0,99fd867d-73c2-4fa7-a289-16ce83a6376d,219WT,,0,1,1589809379463,0,0
plugin_ios_activity_recognition,"[""stationary""]",0,2,0,99fd867d-73c2-4fa7-a289-16ce83a6376d,219WT,supplement,0,1,1589809439463,0,0
plugin_ios_activity_recognition,"[""stationary""]",0,2,0,99fd867d-73c2-4fa7-a289-16ce83a6376d,219WT,supplement,0,1,1589809499463,0,0
plugin_ios_activity_recognition,,0,2,0,99fd867d-73c2-4fa7-a289-16ce83a6376d,219WT,,0,0,1589809539304,0,0
plugin_ios_activity_recognition,"[""stationary""]",0,2,0,99fd867d-73c2-4fa7-a289-16ce83a6376d,219WT,,0,1,1589809544751,0,0
plugin_ios_activity_recognition,"[""stationary""]",0,2,0,99fd867d-73c2-4fa7-a289-16ce83a6376d,219WT,supplement,0,1,1589809559463,0,0
plugin_ios_activity_recognition,,0,2,0,99fd867d-73c2-4fa7-a289-16ce83a6376d,219WT,,0,0,1589809573900,0,0
plugin_ios_activity_recognition,"[""stationary""]",0,2,0,99fd867d-73c2-4fa7-a289-16ce83a6376d,219WT,,0,1,1589809578701,0,0
plugin_ios_activity_recognition,,0,2,0,99fd867d-73c2-4fa7-a289-16ce83a6376d,219WT,,0,0,1589809636040,0,0
plugin_ios_activity_recognition,"[""stationary""]",0,2,0,99fd867d-73c2-4fa7-a289-16ce83a6376d,219WT,,0,1,1589809644369,0,0
plugin_ios_activity_recognition,,0,2,0,99fd867d-73c2-4fa7-a289-16ce83a6376d,219WT,,0,0,1589809661029,0,0
plugin_ios_activity_recognition,"[""stationary""]",0,2,0,99fd867d-73c2-4fa7-a289-16ce83a6376d,219WT,,0,1,1589809667113,0,0
plugin_ios_activity_recognition,"[""stationary""]",0,2,0,99fd867d-73c2-4fa7-a289-16ce83a6376d,219WT,supplement,0,1,1589809727113,0,0
plugin_ios_activity_recognition,"[""stationary""]",0,2,0,99fd867d-73c2-4fa7-a289-16ce83a6376d,219WT,supplement,0,1,1589809787113,0,0
plugin_ios_activity_recognition,,0,2,0,99fd867d-73c2-4fa7-a289-16ce83a6376d,219WT,,0,0,1589809846816,0,0
plugin_ios_activity_recognition,"[""stationary""]",0,2,0,99fd867d-73c2-4fa7-a289-16ce83a6376d,219WT,supplement,0,1,1589809847113,0,0
plugin_ios_activity_recognition,"[""stationary""]",0,2,0,99fd867d-73c2-4fa7-a289-16ce83a6376d,219WT,,0,1,1589809852902,0,0
plugin_ios_activity_recognition,"[""stationary""]",0,2,0,99fd867d-73c2-4fa7-a289-16ce83a6376d,219WT,supplement,0,1,1589809912902,0,0
plugin_ios_activity_recognition,,0,2,0,99fd867d-73c2-4fa7-a289-16ce83a6376d,219WT,,0,0,1589809921457,0,0
plugin_ios_activity_recognition,"[""stationary""]",0,2,0,99fd867d-73c2-4fa7-a289-16ce83a6376d,219WT,,0,1,1589809931067,0,0
plugin_ios_activity_recognition,"[""stationary""]",0,2,0,99fd867d-73c2-4fa7-a289-16ce83a6376d,219WT,supplement,0,1,1589809972902,0,0
plugin_ios_activity_recognition,"[""stationary""]",0,2,0,99fd867d-73c2-4fa7-a289-16ce83a6376d,219WT,supplement,0,1,1589809991067,0,0
plugin_ios_activity_recognition,"[""stationary""]",0,2,0,99fd867d-73c2-4fa7-a289-16ce83a6376d,219WT,supplement,0,1,1589810051067,0,0
plugin_ios_activity_recognition,"[""stationary""]",0,2,0,99fd867d-73c2-4fa7-a289-16ce83a6376d,219WT,supplement,0,1,1589810111067,0,0
plugin_ios_activity_recognition,"[""stationary""]",0,2,0,99fd867d-73c2-4fa7-a289-16ce83a6376d,219WT,supplement,0,1,1589810171067,0,0
plugin_ios_activity_recognition,"[""stationary""]",0,2,0,99fd867d-73c2-4fa7-a289-16ce83a6376d,219WT,supplement,0,1,1589810231067,0,0
plugin_ios_activity_recognition,"[""stationary""]",0,2,0,99fd867d-73c2-4fa7-a289-16ce83a6376d,219WT,supplement,0,1,1589810291067,0,0
plugin_ios_activity_recognition,"[""stationary""]",0,2,0,99fd867d-73c2-4fa7-a289-16ce83a6376d,219WT,supplement,0,1,1589810351067,0,0
plugin_ios_activity_recognition,"[""stationary""]",0,2,0,99fd867d-73c2-4fa7-a289-16ce83a6376d,219WT,supplement,0,1,1589810411067,0,0
plugin_ios_activity_recognition,"[""stationary""]",0,2,0,99fd867d-73c2-4fa7-a289-16ce83a6376d,219WT,supplement,0,1,1589810471067,0,0
plugin_ios_activity_recognition,,0,2,0,99fd867d-73c2-4fa7-a289-16ce83a6376d,219WT,,0,0,1589810516998,0,0
plugin_ios_activity_recognition,"[""stationary""]",0,2,0,99fd867d-73c2-4fa7-a289-16ce83a6376d,219WT,supplement,0,1,1589810531067,0,0
plugin_ios_activity_recognition,"[""stationary""]",0,2,0,99fd867d-73c2-4fa7-a289-16ce83a6376d,219WT,,0,1,1589810532695,0,0
plugin_ios_activity_recognition,,0,2,0,99fd867d-73c2-4fa7-a289-16ce83a6376d,219WT,,0,0,1589810571462,0,0
plugin_ios_activity_recognition,,0,2,0,99fd867d-73c2-4fa7-a289-16ce83a6376d,219WT,supplement,0,0,1589810631462,0,0
plugin_ios_activity_recognition,,0,2,0,99fd867d-73c2-4fa7-a289-16ce83a6376d,219WT,supplement,0,0,1589810691462,0,0
plugin_ios_activity_recognition,,0,2,0,99fd867d-73c2-4fa7-a289-16ce83a6376d,219WT,supplement,0,0,1589810751462,0,0
plugin_ios_activity_recognition,,0,2,0,99fd867d-73c2-4fa7-a289-16ce83a6376d,219WT,supplement,0,0,1589810811462,0,0
plugin_ios_activity_recognition,"[""stationary""]",0,2,0,99fd867d-73c2-4fa7-a289-16ce83a6376d,219WT,,0,1,1589810814628,0,0
plugin_ios_activity_recognition,,0,2,0,99fd867d-73c2-4fa7-a289-16ce83a6376d,219WT,supplement,0,0,1589810871462,0,0
plugin_ios_activity_recognition,"[""stationary""]",0,2,0,99fd867d-73c2-4fa7-a289-16ce83a6376d,219WT,supplement,0,1,1589810874628,0,0
plugin_ios_activity_recognition,"[""stationary""]",0,2,0,99fd867d-73c2-4fa7-a289-16ce83a6376d,219WT,supplement,0,1,1589810934628,0,0
plugin_ios_activity_recognition,"[""stationary""]",0,2,0,99fd867d-73c2-4fa7-a289-16ce83a6376d,219WT,supplement,0,1,1589810994628,0,0
plugin_ios_activity_recognition,,0,2,0,99fd867d-73c2-4fa7-a289-16ce83a6376d,219WT,,0,0,1589811018686,0,0
plugin_ios_activity_recognition,"[""stationary""]",0,2,0,99fd867d-73c2-4fa7-a289-16ce83a6376d,219WT,,0,1,1589811026053,0,0
plugin_ios_activity_recognition,,0,2,0,99fd867d-73c2-4fa7-a289-16ce83a6376d,219WT,,0,0,1589811051999,0,0
plugin_ios_activity_recognition,"[""stationary""]",0,2,0,99fd867d-73c2-4fa7-a289-16ce83a6376d,219WT,supplement,0,1,1589811054628,0,0
plugin_ios_activity_recognition,"[""stationary""]",0,2,0,99fd867d-73c2-4fa7-a289-16ce83a6376d,219WT,,0,1,1589811065774,0,0
plugin_ios_activity_recognition,"[""stationary""]",0,2,0,99fd867d-73c2-4fa7-a289-16ce83a6376d,219WT,supplement,0,1,1589811125774,0,0
plugin_ios_activity_recognition,"[""stationary""]",0,2,0,99fd867d-73c2-4fa7-a289-16ce83a6376d,219WT,supplement,0,1,1589811185774,0,0
plugin_ios_activity_recognition,"[""stationary""]",0,2,0,99fd867d-73c2-4fa7-a289-16ce83a6376d,219WT,supplement,0,1,1589811245774,0,0
plugin_ios_activity_recognition,"[""stationary""]",0,2,0,99fd867d-73c2-4fa7-a289-16ce83a6376d,219WT,supplement,0,1,1589811305774,0,0
plugin_ios_activity_recognition,,0,2,0,99fd867d-73c2-4fa7-a289-16ce83a6376d,219WT,,0,0,1589811320740,0,0
plugin_ios_activity_recognition,"[""stationary""]",0,2,0,99fd867d-73c2-4fa7-a289-16ce83a6376d,219WT,,0,1,1589811326505,0,0
plugin_ios_activity_recognition,"[""stationary""]",0,2,0,99fd867d-73c2-4fa7-a289-16ce83a6376d,219WT,supplement,0,1,1589811365774,0,0
plugin_ios_activity_recognition,"[""stationary""]",0,2,0,99fd867d-73c2-4fa7-a289-16ce83a6376d,219WT,supplement,0,1,1589811386505,0,0
plugin_ios_activity_recognition,"[""stationary""]",0,2,0,99fd867d-73c2-4fa7-a289-16ce83a6376d,219WT,supplement,0,1,1589811446505,0,0
plugin_ios_activity_recognition,"[""stationary""]",0,2,0,99fd867d-73c2-4fa7-a289-16ce83a6376d,219WT,supplement,0,1,1589811506505,0,0
plugin_ios_activity_recognition,,0,2,0,99fd867d-73c2-4fa7-a289-16ce83a6376d,219WT,,0,0,1589811525428,0,0
plugin_ios_activity_recognition,"[""stationary""]",0,2,0,99fd867d-73c2-4fa7-a289-16ce83a6376d,219WT,,0,1,1589811530233,0,0
plugin_ios_activity_recognition,,0,2,0,99fd867d-73c2-4fa7-a289-16ce83a6376d,219WT,,0,0,1589811531515,0,0
plugin_ios_activity_recognition,"[""stationary""]",0,2,0,99fd867d-73c2-4fa7-a289-16ce83a6376d,219WT,,0,1,1589811545289,0,0
plugin_ios_activity_recognition,,0,2,0,99fd867d-73c2-4fa7-a289-16ce83a6376d,219WT,,0,0,1589811547215,0,0
plugin_ios_activity_recognition,"[""stationary""]",0,2,0,99fd867d-73c2-4fa7-a289-16ce83a6376d,219WT,supplement,0,1,1589811566505,0,0
plugin_ios_activity_recognition,,0,2,0,99fd867d-73c2-4fa7-a289-16ce83a6376d,219WT,supplement,0,0,1589811607215,0,0
plugin_ios_activity_recognition,,0,2,0,99fd867d-73c2-4fa7-a289-16ce83a6376d,219WT,supplement,0,0,1589811667215,0,0
plugin_ios_activity_recognition,"[""stationary""]",0,2,0,99fd867d-73c2-4fa7-a289-16ce83a6376d,219WT,,0,1,1589811677913,0,0
plugin_ios_activity_recognition,,0,2,0,99fd867d-73c2-4fa7-a289-16ce83a6376d,219WT,supplement,0,0,1589811727215,0,0
plugin_ios_activity_recognition,,0,2,0,99fd867d-73c2-4fa7-a289-16ce83a6376d,219WT,,0,0,1589811733652,0,0
plugin_ios_activity_recognition,"[""stationary""]",0,2,0,99fd867d-73c2-4fa7-a289-16ce83a6376d,219WT,,0,1,1589811739098,0,0
plugin_ios_activity_recognition,,0,2,0,99fd867d-73c2-4fa7-a289-16ce83a6376d,219WT,,0,0,1589811754154,0,0
plugin_ios_activity_recognition,"[""stationary""]",0,2,0,99fd867d-73c2-4fa7-a289-16ce83a6376d,219WT,,0,1,1589811758960,0,0
plugin_ios_activity_recognition,,0,2,0,99fd867d-73c2-4fa7-a289-16ce83a6376d,219WT,,0,0,1589811762804,0,0
plugin_ios_activity_recognition,"[""stationary""]",0,2,0,99fd867d-73c2-4fa7-a289-16ce83a6376d,219WT,,0,1,1589811774977,0,0
plugin_ios_activity_recognition,,0,2,0,99fd867d-73c2-4fa7-a289-16ce83a6376d,219WT,,0,0,1589811797401,0,0
plugin_ios_activity_recognition,"[""stationary""]",0,2,0,99fd867d-73c2-4fa7-a289-16ce83a6376d,219WT,,0,1,1589811804129,0,0
plugin_ios_activity_recognition,"[""stationary""]",0,2,0,99fd867d-73c2-4fa7-a289-16ce83a6376d,219WT,supplement,0,1,1589811864129,0,0
plugin_ios_activity_recognition,"[""stationary""]",0,2,0,99fd867d-73c2-4fa7-a289-16ce83a6376d,219WT,supplement,0,1,1589811924129,0,0
plugin_ios_activity_recognition,"[""stationary""]",0,2,0,99fd867d-73c2-4fa7-a289-16ce83a6376d,219WT,supplement,0,1,1589811984129,0,0
plugin_ios_activity_recognition,"[""stationary""]",0,2,0,99fd867d-73c2-4fa7-a289-16ce83a6376d,219WT,supplement,0,1,1589812044129,0,0
plugin_ios_activity_recognition,"[""stationary""]",0,2,0,99fd867d-73c2-4fa7-a289-16ce83a6376d,219WT,supplement,0,1,1589812104129,0,0
plugin_ios_activity_recognition,"[""stationary""]",0,2,0,99fd867d-73c2-4fa7-a289-16ce83a6376d,219WT,supplement,0,1,1589812164129,0,0
plugin_ios_activity_recognition,"[""stationary""]",0,2,0,99fd867d-73c2-4fa7-a289-16ce83a6376d,219WT,supplement,0,1,1589812224129,0,0
plugin_ios_activity_recognition,"[""stationary""]",0,2,0,99fd867d-73c2-4fa7-a289-16ce83a6376d,219WT,supplement,0,1,1589812284129,0,0
plugin_ios_activity_recognition,"[""stationary""]",0,2,0,99fd867d-73c2-4fa7-a289-16ce83a6376d,219WT,supplement,0,1,1589812344129,0,0
plugin_ios_activity_recognition,"[""stationary""]",0,2,0,99fd867d-73c2-4fa7-a289-16ce83a6376d,219WT,supplement,0,1,1589812404129,0,0
plugin_ios_activity_recognition,,0,2,0,99fd867d-73c2-4fa7-a289-16ce83a6376d,219WT,,0,0,1589812462073,0,0
plugin_ios_activity_recognition,"[""stationary""]",0,2,0,99fd867d-73c2-4fa7-a289-16ce83a6376d,219WT,supplement,0,1,1589812464129,0,0
plugin_ios_activity_recognition,"[""stationary""]",0,2,0,99fd867d-73c2-4fa7-a289-16ce83a6376d,219WT,,0,1,1589812508837,0,0
plugin_ios_activity_recognition,,0,2,0,99fd867d-73c2-4fa7-a289-16ce83a6376d,219WT,,0,0,1589812567142,0,0
plugin_ios_activity_recognition,"[""stationary""]",0,2,0,99fd867d-73c2-4fa7-a289-16ce83a6376d,219WT,,0,1,1589812571944,0,0
plugin_ios_activity_recognition,,0,2,0,99fd867d-73c2-4fa7-a289-16ce83a6376d,219WT,,0,0,1589812622877,0,0
plugin_ios_activity_recognition,,0,2,0,99fd867d-73c2-4fa7-a289-16ce83a6376d,219WT,supplement,0,0,1589812682877,0,0
plugin_ios_activity_recognition,,0,2,0,99fd867d-73c2-4fa7-a289-16ce83a6376d,219WT,supplement,0,0,1589812742877,0,0
plugin_ios_activity_recognition,,0,2,0,99fd867d-73c2-4fa7-a289-16ce83a6376d,219WT,supplement,0,0,1589812802877,0,0
plugin_ios_activity_recognition,,0,2,0,99fd867d-73c2-4fa7-a289-16ce83a6376d,219WT,supplement,0,0,1589812862877,0,0
plugin_ios_activity_recognition,,0,2,0,99fd867d-73c2-4fa7-a289-16ce83a6376d,219WT,supplement,0,0,1589812922877,0,0
plugin_ios_activity_recognition,,0,2,0,99fd867d-73c2-4fa7-a289-16ce83a6376d,219WT,supplement,0,0,1589812982877,0,0
plugin_ios_activity_recognition,,0,2,0,99fd867d-73c2-4fa7-a289-16ce83a6376d,219WT,supplement,0,0,1589813042877,0,0
plugin_ios_activity_recognition,,0,2,0,99fd867d-73c2-4fa7-a289-16ce83a6376d,219WT,supplement,0,0,1589813102877,0,0
plugin_ios_activity_recognition,,0,2,0,99fd867d-73c2-4fa7-a289-16ce83a6376d,219WT,supplement,0,0,1589813162877,0,0
plugin_ios_activity_recognition,,0,2,0,99fd867d-73c2-4fa7-a289-16ce83a6376d,219WT,supplement,0,0,1589813222877,0,0
plugin_ios_activity_recognition,,0,2,0,99fd867d-73c2-4fa7-a289-16ce83a6376d,219WT,supplement,0,0,1589813282877,0,0
plugin_ios_activity_recognition,,0,2,0,99fd867d-73c2-4fa7-a289-16ce83a6376d,219WT,supplement,0,0,1589813342877,0,0
plugin_ios_activity_recognition,,0,2,0,99fd867d-73c2-4fa7-a289-16ce83a6376d,219WT,supplement,0,0,1589813402877,0,0
plugin_ios_activity_recognition,,0,2,0,99fd867d-73c2-4fa7-a289-16ce83a6376d,219WT,supplement,0,0,1589813462877,0,0
plugin_ios_activity_recognition,,0,2,0,99fd867d-73c2-4fa7-a289-16ce83a6376d,219WT,supplement,0,0,1589813522877,0,0
plugin_ios_activity_recognition,,0,2,0,99fd867d-73c2-4fa7-a289-16ce83a6376d,219WT,supplement,0,0,1589813582877,0,0
plugin_ios_activity_recognition,,0,2,0,99fd867d-73c2-4fa7-a289-16ce83a6376d,219WT,supplement,0,0,1589813642877,0,0
plugin_ios_activity_recognition,,0,2,0,99fd867d-73c2-4fa7-a289-16ce83a6376d,219WT,supplement,0,0,1589813702877,0,0
plugin_ios_activity_recognition,,0,2,0,99fd867d-73c2-4fa7-a289-16ce83a6376d,219WT,supplement,0,0,1589813762877,0,0
plugin_ios_activity_recognition,,0,2,0,99fd867d-73c2-4fa7-a289-16ce83a6376d,219WT,supplement,0,0,1589813822877,0,0
plugin_ios_activity_recognition,,0,2,0,99fd867d-73c2-4fa7-a289-16ce83a6376d,219WT,supplement,0,0,1589813882877,0,0
plugin_ios_activity_recognition,,0,2,0,99fd867d-73c2-4fa7-a289-16ce83a6376d,219WT,supplement,0,0,1589813942877,0,0
plugin_ios_activity_recognition,"[""stationary""]",0,2,0,99fd867d-73c2-4fa7-a289-16ce83a6376d,219WT,,0,1,1589813975581,0,0
plugin_ios_activity_recognition,,0,2,0,99fd867d-73c2-4fa7-a289-16ce83a6376d,219WT,,0,0,1589813977503,0,0
plugin_ios_activity_recognition,"[""stationary""]",0,2,0,99fd867d-73c2-4fa7-a289-16ce83a6376d,219WT,,0,1,1589813982309,0,0
plugin_ios_activity_recognition,,0,2,0,99fd867d-73c2-4fa7-a289-16ce83a6376d,219WT,,0,0,1589813991582,0,0
plugin_ios_activity_recognition,"[""stationary""]",0,2,0,99fd867d-73c2-4fa7-a289-16ce83a6376d,219WT,,0,1,1589813995746,0,0
plugin_ios_activity_recognition,,0,2,0,99fd867d-73c2-4fa7-a289-16ce83a6376d,219WT,supplement,0,0,1589814002877,0,0
plugin_ios_activity_recognition,"[""stationary""]",0,2,0,99fd867d-73c2-4fa7-a289-16ce83a6376d,219WT,supplement,0,1,1589814055746,0,0
plugin_ios_activity_recognition,"[""stationary""]",0,2,0,99fd867d-73c2-4fa7-a289-16ce83a6376d,219WT,supplement,0,1,1589814115746,0,0
plugin_ios_activity_recognition,"[""stationary""]",0,2,0,99fd867d-73c2-4fa7-a289-16ce83a6376d,219WT,supplement,0,1,1589814175746,0,0
plugin_ios_activity_recognition,"[""stationary""]",0,2,0,99fd867d-73c2-4fa7-a289-16ce83a6376d,219WT,supplement,0,1,1589814235746,0,0
plugin_ios_activity_recognition,,0,2,0,99fd867d-73c2-4fa7-a289-16ce83a6376d,219WT,,0,0,1589814285030,0,0
plugin_ios_activity_recognition,"[""stationary""]",0,2,0,99fd867d-73c2-4fa7-a289-16ce83a6376d,219WT,,0,1,1589814292719,0,0
plugin_ios_activity_recognition,"[""stationary""]",0,2,0,99fd867d-73c2-4fa7-a289-16ce83a6376d,219WT,supplement,0,1,1589814295746,0,0
plugin_ios_activity_recognition,"[""stationary""]",0,2,0,99fd867d-73c2-4fa7-a289-16ce83a6376d,219WT,supplement,0,1,1589814352719,0,0
plugin_ios_activity_recognition,,0,2,0,99fd867d-73c2-4fa7-a289-16ce83a6376d,219WT,,0,0,1589814365122,0,0
plugin_ios_activity_recognition,"[""stationary""]",0,2,0,99fd867d-73c2-4fa7-a289-16ce83a6376d,219WT,,0,1,1589814369928,0,0
plugin_ios_activity_recognition,,0,2,0,99fd867d-73c2-4fa7-a289-16ce83a6376d,219WT,,0,0,1589814380820,0,0
plugin_ios_activity_recognition,"[""stationary""]",0,2,0,99fd867d-73c2-4fa7-a289-16ce83a6376d,219WT,,0,1,1589814385626,0,0
plugin_ios_activity_recognition,"[""stationary""]",0,2,0,99fd867d-73c2-4fa7-a289-16ce83a6376d,219WT,supplement,0,1,1589814412719,0,0
plugin_ios_activity_recognition,"[""stationary""]",0,2,0,99fd867d-73c2-4fa7-a289-16ce83a6376d,219WT,supplement,0,1,1589814445626,0,0
plugin_ios_activity_recognition,,0,2,0,99fd867d-73c2-4fa7-a289-16ce83a6376d,219WT,,0,0,1589814448416,0,0
plugin_ios_activity_recognition,"[""stationary""]",0,2,0,99fd867d-73c2-4fa7-a289-16ce83a6376d,219WT,,0,1,1589814453863,0,0
plugin_ios_activity_recognition,"[""stationary""]",0,2,0,99fd867d-73c2-4fa7-a289-16ce83a6376d,219WT,supplement,0,1,1589814505626,0,0
plugin_ios_activity_recognition,"[""stationary""]",0,2,0,99fd867d-73c2-4fa7-a289-16ce83a6376d,219WT,supplement,0,1,1589814513863,0,0
plugin_ios_activity_recognition,"[""stationary""]",0,2,0,99fd867d-73c2-4fa7-a289-16ce83a6376d,219WT,supplement,0,1,1589814573863,0,0
plugin_ios_activity_recognition,,0,2,0,99fd867d-73c2-4fa7-a289-16ce83a6376d,219WT,,0,0,1589814628144,0,0
plugin_ios_activity_recognition,"[""stationary""]",0,2,0,99fd867d-73c2-4fa7-a289-16ce83a6376d,219WT,supplement,0,1,1589814633863,0,0
plugin_ios_activity_recognition,"[""stationary""]",0,2,0,99fd867d-73c2-4fa7-a289-16ce83a6376d,219WT,,0,1,1589814637434,0,0
plugin_ios_activity_recognition,,0,2,0,99fd867d-73c2-4fa7-a289-16ce83a6376d,219WT,,0,0,1589814692539,0,0
plugin_ios_activity_recognition,"[""stationary""]",0,2,0,99fd867d-73c2-4fa7-a289-16ce83a6376d,219WT,,0,1,1589814697345,0,0
plugin_ios_activity_recognition,,0,2,0,99fd867d-73c2-4fa7-a289-16ce83a6376d,219WT,,0,0,1589814716569,0,0
plugin_ios_activity_recognition,"[""stationary""]",0,2,0,99fd867d-73c2-4fa7-a289-16ce83a6376d,219WT,,0,1,1589814723939,0,0
plugin_ios_activity_recognition,,0,2,0,99fd867d-73c2-4fa7-a289-16ce83a6376d,219WT,,0,0,1589814780974,0,0
plugin_ios_activity_recognition,"[""stationary""]",0,2,0,99fd867d-73c2-4fa7-a289-16ce83a6376d,219WT,,0,1,1589814787062,0,0
plugin_ios_activity_recognition,"[""stationary""]",0,2,0,99fd867d-73c2-4fa7-a289-16ce83a6376d,219WT,supplement,0,1,1589814847062,0,0
plugin_ios_activity_recognition,,0,2,0,99fd867d-73c2-4fa7-a289-16ce83a6376d,219WT,,0,0,1589814895981,0,0
plugin_ios_activity_recognition,"[""stationary""]",0,2,0,99fd867d-73c2-4fa7-a289-16ce83a6376d,219WT,,0,1,1589814899506,0,0
plugin_ios_activity_recognition,"[""stationary""]",0,2,0,99fd867d-73c2-4fa7-a289-16ce83a6376d,219WT,supplement,0,1,1589814907062,0,0
plugin_ios_activity_recognition,,0,2,0,99fd867d-73c2-4fa7-a289-16ce83a6376d,219WT,,0,0,1589814916808,0,0
plugin_ios_activity_recognition,"[""stationary""]",0,2,0,99fd867d-73c2-4fa7-a289-16ce83a6376d,219WT,,0,1,1589814935713,0,0
plugin_ios_activity_recognition,,0,2,0,99fd867d-73c2-4fa7-a289-16ce83a6376d,219WT,,0,0,1589814971600,0,0
plugin_ios_activity_recognition,"[""stationary""]",0,2,0,99fd867d-73c2-4fa7-a289-16ce83a6376d,219WT,,0,1,1589814977047,0,0
plugin_ios_activity_recognition,"[""stationary""]",0,2,0,99fd867d-73c2-4fa7-a289-16ce83a6376d,219WT,supplement,0,1,1589815037047,0,0
plugin_ios_activity_recognition,"[""stationary""]",0,2,0,99fd867d-73c2-4fa7-a289-16ce83a6376d,219WT,supplement,0,1,1589815097047,0,0
plugin_ios_activity_recognition,"[""stationary""]",0,2,0,99fd867d-73c2-4fa7-a289-16ce83a6376d,219WT,supplement,0,1,1589815157047,0,0
plugin_ios_activity_recognition,"[""stationary""]",0,2,0,99fd867d-73c2-4fa7-a289-16ce83a6376d,219WT,supplement,0,1,1589815217047,0,0
plugin_ios_activity_recognition,"[""stationary""]",0,2,0,99fd867d-73c2-4fa7-a289-16ce83a6376d,219WT,supplement,0,1,1589815277047,0,0
plugin_ios_activity_recognition,"[""stationary""]",0,2,0,99fd867d-73c2-4fa7-a289-16ce83a6376d,219WT,supplement,0,1,1589815337047,0,0
plugin_ios_activity_recognition,"[""stationary""]",0,2,0,99fd867d-73c2-4fa7-a289-16ce83a6376d,219WT,supplement,0,1,1589815397047,0,0
plugin_ios_activity_recognition,"[""stationary""]",0,2,0,99fd867d-73c2-4fa7-a289-16ce83a6376d,219WT,supplement,0,1,1589815457047,0,0
plugin_ios_activity_recognition,,0,2,0,99fd867d-73c2-4fa7-a289-16ce83a6376d,219WT,,0,0,1589815496103,0,0
plugin_ios_activity_recognition,"[""stationary""]",0,2,0,99fd867d-73c2-4fa7-a289-16ce83a6376d,219WT,,0,1,1589815501871,0,0
plugin_ios_activity_recognition,"[""stationary""]",0,2,0,99fd867d-73c2-4fa7-a289-16ce83a6376d,219WT,supplement,0,1,1589815517047,0,0
plugin_ios_activity_recognition,"[""stationary""]",0,2,0,99fd867d-73c2-4fa7-a289-16ce83a6376d,219WT,supplement,0,1,1589815561871,0,0
plugin_ios_activity_recognition,"[""stationary""]",0,2,0,99fd867d-73c2-4fa7-a289-16ce83a6376d,219WT,supplement,0,1,1589815621871,0,0
plugin_ios_activity_recognition,"[""stationary""]",0,2,0,99fd867d-73c2-4fa7-a289-16ce83a6376d,219WT,supplement,0,1,1589815681871,0,0
plugin_ios_activity_recognition,,0,2,0,99fd867d-73c2-4fa7-a289-16ce83a6376d,219WT,,0,0,1589815681945,0,0
plugin_ios_activity_recognition,"[""stationary""]",0,2,0,99fd867d-73c2-4fa7-a289-16ce83a6376d,219WT,,0,1,1589815686113,0,0
plugin_ios_activity_recognition,"[""stationary""]",0,2,0,99fd867d-73c2-4fa7-a289-16ce83a6376d,219WT,supplement,0,1,1589815741871,0,0
plugin_ios_activity_recognition,,0,2,0,99fd867d-73c2-4fa7-a289-16ce83a6376d,219WT,,0,0,1589815742512,0,0
plugin_ios_activity_recognition,,0,2,0,99fd867d-73c2-4fa7-a289-16ce83a6376d,219WT,supplement,0,0,1589815802512,0,0
plugin_ios_activity_recognition,,0,2,0,99fd867d-73c2-4fa7-a289-16ce83a6376d,219WT,supplement,0,0,1589815862512,0,0
plugin_ios_activity_recognition,"[""stationary""]",0,2,0,99fd867d-73c2-4fa7-a289-16ce83a6376d,219WT,,0,1,1589815902353,0,0
plugin_ios_activity_recognition,,0,2,0,99fd867d-73c2-4fa7-a289-16ce83a6376d,219WT,,0,0,1589815902993,0,0
plugin_ios_activity_recognition,"[""stationary""]",0,2,0,99fd867d-73c2-4fa7-a289-16ce83a6376d,219WT,,0,1,1589815915836,0,0
plugin_ios_activity_recognition,,0,2,0,99fd867d-73c2-4fa7-a289-16ce83a6376d,219WT,,0,0,1589815920003,0,0
plugin_ios_activity_recognition,,0,2,0,99fd867d-73c2-4fa7-a289-16ce83a6376d,219WT,supplement,0,0,1589815922512,0,0
plugin_ios_activity_recognition,"[""stationary""]",0,2,0,99fd867d-73c2-4fa7-a289-16ce83a6376d,219WT,,0,1,1589815953666,0,0
plugin_ios_activity_recognition,,0,2,0,99fd867d-73c2-4fa7-a289-16ce83a6376d,219WT,,0,0,1589815953986,0,0
plugin_ios_activity_recognition,"[""walking""]",0,1,0,99fd867d-73c2-4fa7-a289-16ce83a6376d,219WT,,0,0,1589815975799,0,1
plugin_ios_activity_recognition,"[""stationary""]",0,2,0,99fd867d-73c2-4fa7-a289-16ce83a6376d,219WT,,0,1,1589815981574,0,0
plugin_ios_activity_recognition,"[""walking""]",0,2,0,99fd867d-73c2-4fa7-a289-16ce83a6376d,219WT,,0,0,1589815983500,0,1
plugin_ios_activity_recognition,"[""stationary""]",0,2,0,99fd867d-73c2-4fa7-a289-16ce83a6376d,219WT,,0,1,1589815994394,0,0
plugin_ios_activity_recognition,"[""walking""]",0,2,0,99fd867d-73c2-4fa7-a289-16ce83a6376d,219WT,,0,0,1589816009139,0,1
plugin_ios_activity_recognition,"[""stationary""]",0,2,0,99fd867d-73c2-4fa7-a289-16ce83a6376d,219WT,,0,1,1589816025480,0,0
plugin_ios_activity_recognition,,0,2,0,99fd867d-73c2-4fa7-a289-16ce83a6376d,219WT,,0,0,1589816035735,0,0
plugin_ios_activity_recognition,"[""stationary""]",0,2,0,99fd867d-73c2-4fa7-a289-16ce83a6376d,219WT,,0,1,1589816040542,0,0
plugin_ios_activity_recognition,,0,2,0,99fd867d-73c2-4fa7-a289-16ce83a6376d,219WT,,0,0,1589816047912,0,0
plugin_ios_activity_recognition,"[""stationary""]",0,2,0,99fd867d-73c2-4fa7-a289-16ce83a6376d,219WT,,0,1,1589816056245,0,0
plugin_ios_activity_recognition,,0,2,0,99fd867d-73c2-4fa7-a289-16ce83a6376d,219WT,,0,0,1589816061372,0,0
plugin_ios_activity_recognition,"[""stationary""]",0,2,0,99fd867d-73c2-4fa7-a289-16ce83a6376d,219WT,,0,1,1589816088612,0,0
plugin_ios_activity_recognition,,0,2,0,99fd867d-73c2-4fa7-a289-16ce83a6376d,219WT,,0,0,1589816091175,0,0
plugin_ios_activity_recognition,"[""stationary""]",0,2,0,99fd867d-73c2-4fa7-a289-16ce83a6376d,219WT,,0,1,1589816098542,0,0
plugin_ios_activity_recognition,,0,2,0,99fd867d-73c2-4fa7-a289-16ce83a6376d,219WT,,0,0,1589816102708,0,0
plugin_ios_activity_recognition,"[""stationary""]",0,2,0,99fd867d-73c2-4fa7-a289-16ce83a6376d,219WT,,0,1,1589816109120,0,0
plugin_ios_activity_recognition,,0,2,0,99fd867d-73c2-4fa7-a289-16ce83a6376d,219WT,,0,0,1589816110399,0,0
plugin_ios_activity_recognition,"[""stationary""]",0,2,0,99fd867d-73c2-4fa7-a289-16ce83a6376d,219WT,,0,1,1589816115847,0,0
plugin_ios_activity_recognition,"[""stationary""]",0,2,0,99fd867d-73c2-4fa7-a289-16ce83a6376d,219WT,supplement,0,1,1589816175847,0,0
plugin_ios_activity_recognition,,0,2,0,99fd867d-73c2-4fa7-a289-16ce83a6376d,219WT,,0,0,1589816192436,0,0
plugin_ios_activity_recognition,"[""stationary""]",0,2,0,99fd867d-73c2-4fa7-a289-16ce83a6376d,219WT,,0,1,1589816196922,0,0
plugin_ios_activity_recognition,,0,2,0,99fd867d-73c2-4fa7-a289-16ce83a6376d,219WT,,0,0,1589816209102,0,0
plugin_ios_activity_recognition,"[""stationary""]",0,2,0,99fd867d-73c2-4fa7-a289-16ce83a6376d,219WT,,0,1,1589816215187,0,0
plugin_ios_activity_recognition,"[""stationary""]",0,2,0,99fd867d-73c2-4fa7-a289-16ce83a6376d,219WT,supplement,0,1,1589816235847,0,0
plugin_ios_activity_recognition,,0,2,0,99fd867d-73c2-4fa7-a289-16ce83a6376d,219WT,,0,0,1589816273829,0,0
plugin_ios_activity_recognition,"[""stationary""]",0,2,0,99fd867d-73c2-4fa7-a289-16ce83a6376d,219WT,,0,1,1589816281840,0,0
plugin_ios_activity_recognition,,0,2,0,99fd867d-73c2-4fa7-a289-16ce83a6376d,219WT,,0,0,1589816304270,0,0
plugin_ios_activity_recognition,"[""stationary""]",0,2,0,99fd867d-73c2-4fa7-a289-16ce83a6376d,219WT,,0,1,1589816310357,0,0
plugin_ios_activity_recognition,,0,2,0,99fd867d-73c2-4fa7-a289-16ce83a6376d,219WT,,0,0,1589816339194,0,0
plugin_ios_activity_recognition,"[""stationary""]",0,2,0,99fd867d-73c2-4fa7-a289-16ce83a6376d,219WT,,0,1,1589816348807,0,0
plugin_ios_activity_recognition,,0,2,0,99fd867d-73c2-4fa7-a289-16ce83a6376d,219WT,,0,0,1589816359702,0,0
plugin_ios_activity_recognition,"[""stationary""]",0,2,0,99fd867d-73c2-4fa7-a289-16ce83a6376d,219WT,,0,1,1589816374442,0,0
plugin_ios_activity_recognition,"[""stationary""]",0,2,0,99fd867d-73c2-4fa7-a289-16ce83a6376d,219WT,supplement,0,1,1589816434442,0,0
plugin_ios_activity_recognition,,0,2,0,99fd867d-73c2-4fa7-a289-16ce83a6376d,219WT,,0,0,1589816457111,0,0
plugin_ios_activity_recognition,"[""stationary""]",0,2,0,99fd867d-73c2-4fa7-a289-16ce83a6376d,219WT,,0,1,1589816464481,0,0
plugin_ios_activity_recognition,"[""stationary""]",0,2,0,99fd867d-73c2-4fa7-a289-16ce83a6376d,219WT,supplement,0,1,1589816494442,0,0
plugin_ios_activity_recognition,"[""stationary""]",0,2,0,99fd867d-73c2-4fa7-a289-16ce83a6376d,219WT,supplement,0,1,1589816524481,0,0
plugin_ios_activity_recognition,,0,2,0,99fd867d-73c2-4fa7-a289-16ce83a6376d,219WT,,0,0,1589816530166,0,0
plugin_ios_activity_recognition,"[""walking""]",0,1,0,99fd867d-73c2-4fa7-a289-16ce83a6376d,219WT,,0,0,1589816537230,0,1
plugin_ios_activity_recognition,"[""walking""]",0,2,0,99fd867d-73c2-4fa7-a289-16ce83a6376d,219WT,,0,0,1589816539799,0,1
plugin_ios_activity_recognition,"[""stationary""]",0,2,0,99fd867d-73c2-4fa7-a289-16ce83a6376d,219WT,,0,1,1589816546524,0,0
plugin_ios_activity_recognition,"[""walking""]",0,2,0,99fd867d-73c2-4fa7-a289-16ce83a6376d,219WT,,0,0,1589816556137,0,1
plugin_ios_activity_recognition,"[""stationary""]",0,2,0,99fd867d-73c2-4fa7-a289-16ce83a6376d,219WT,,0,1,1589816572479,0,0
plugin_ios_activity_recognition,,0,2,0,99fd867d-73c2-4fa7-a289-16ce83a6376d,219WT,,0,0,1589816578251,0,0
plugin_ios_activity_recognition,"[""stationary""]",0,2,0,99fd867d-73c2-4fa7-a289-16ce83a6376d,219WT,,0,1,1589816584015,0,0
plugin_ios_activity_recognition,"[""stationary""]",0,2,0,99fd867d-73c2-4fa7-a289-16ce83a6376d,219WT,supplement,0,1,1589816584481,0,0
plugin_ios_activity_recognition,,0,2,0,99fd867d-73c2-4fa7-a289-16ce83a6376d,219WT,,0,0,1589816634321,0,0
plugin_ios_activity_recognition,"[""stationary""]",0,2,0,99fd867d-73c2-4fa7-a289-16ce83a6376d,219WT,,0,1,1589816640089,0,0
plugin_ios_activity_recognition,,0,2,0,99fd867d-73c2-4fa7-a289-16ce83a6376d,219WT,,0,0,1589816643613,0,0
plugin_ios_activity_recognition,,0,2,0,99fd867d-73c2-4fa7-a289-16ce83a6376d,219WT,supplement,0,0,1589816703613,0,0
plugin_ios_activity_recognition,,0,2,0,99fd867d-73c2-4fa7-a289-16ce83a6376d,219WT,supplement,0,0,1589816763613,0,0
plugin_ios_activity_recognition,,0,2,0,99fd867d-73c2-4fa7-a289-16ce83a6376d,219WT,supplement,0,0,1589816823613,0,0
plugin_ios_activity_recognition,,0,2,0,99fd867d-73c2-4fa7-a289-16ce83a6376d,219WT,supplement,0,0,1589816883613,0,0
plugin_ios_activity_recognition,"[""stationary""]",0,2,0,99fd867d-73c2-4fa7-a289-16ce83a6376d,219WT,,0,1,1589816922111,0,0
plugin_ios_activity_recognition,,0,2,0,99fd867d-73c2-4fa7-a289-16ce83a6376d,219WT,supplement,0,0,1589816943613,0,0
plugin_ios_activity_recognition,"[""stationary""]",0,2,0,99fd867d-73c2-4fa7-a289-16ce83a6376d,219WT,supplement,0,1,1589816982111,0,0
plugin_ios_activity_recognition,"[""stationary""]",0,2,0,99fd867d-73c2-4fa7-a289-16ce83a6376d,219WT,supplement,0,1,1589817042111,0,0
plugin_ios_activity_recognition,"[""stationary""]",0,2,0,99fd867d-73c2-4fa7-a289-16ce83a6376d,219WT,supplement,0,1,1589817102111,0,0
plugin_ios_activity_recognition,"[""stationary""]",0,2,0,99fd867d-73c2-4fa7-a289-16ce83a6376d,219WT,supplement,0,1,1589817162111,0,0
plugin_ios_activity_recognition,,0,2,0,99fd867d-73c2-4fa7-a289-16ce83a6376d,219WT,,0,0,1589817186713,0,0
plugin_ios_activity_recognition,"[""walking""]",0,1,0,99fd867d-73c2-4fa7-a289-16ce83a6376d,219WT,,0,0,1589817201449,0,1
plugin_ios_activity_recognition,"[""walking""]",0,2,0,99fd867d-73c2-4fa7-a289-16ce83a6376d,219WT,,0,0,1589817211705,0,1
plugin_ios_activity_recognition,"[""stationary""]",0,2,0,99fd867d-73c2-4fa7-a289-16ce83a6376d,219WT,supplement,0,1,1589817222111,0,0
plugin_ios_activity_recognition,,0,2,0,99fd867d-73c2-4fa7-a289-16ce83a6376d,219WT,,0,0,1589817262952,0,0
plugin_ios_activity_recognition,"[""stationary""]",0,2,0,99fd867d-73c2-4fa7-a289-16ce83a6376d,219WT,,0,1,1589817282442,0,0
plugin_ios_activity_recognition,,0,2,0,99fd867d-73c2-4fa7-a289-16ce83a6376d,219WT,,0,0,1589817293016,0,0
plugin_ios_activity_recognition,"[""stationary""]",0,2,0,99fd867d-73c2-4fa7-a289-16ce83a6376d,219WT,,0,1,1589817297503,0,0
plugin_ios_activity_recognition,,0,2,0,99fd867d-73c2-4fa7-a289-16ce83a6376d,219WT,,0,0,1589817309055,0,0
plugin_ios_activity_recognition,,0,2,0,99fd867d-73c2-4fa7-a289-16ce83a6376d,219WT,supplement,0,0,1589817369055,0,0
plugin_ios_activity_recognition,"[""stationary""]",0,2,0,99fd867d-73c2-4fa7-a289-16ce83a6376d,219WT,,0,1,1589817376654,0,0
plugin_ios_activity_recognition,,0,2,0,99fd867d-73c2-4fa7-a289-16ce83a6376d,219WT,supplement,0,0,1589817429055,0,0
plugin_ios_activity_recognition,"[""stationary""]",0,2,0,99fd867d-73c2-4fa7-a289-16ce83a6376d,219WT,supplement,0,1,1589817436654,0,0
plugin_ios_activity_recognition,"[""stationary""]",0,2,0,99fd867d-73c2-4fa7-a289-16ce83a6376d,219WT,supplement,0,1,1589817496654,0,0
plugin_ios_activity_recognition,"[""stationary""]",0,2,0,99fd867d-73c2-4fa7-a289-16ce83a6376d,219WT,supplement,0,1,1589817556654,0,0
plugin_ios_activity_recognition,"[""stationary""]",0,2,0,99fd867d-73c2-4fa7-a289-16ce83a6376d,219WT,supplement,0,1,1589817616654,0,0
plugin_ios_activity_recognition,"[""stationary""]",0,2,0,99fd867d-73c2-4fa7-a289-16ce83a6376d,219WT,supplement,0,1,1589817676654,0,0
plugin_ios_activity_recognition,"[""stationary""]",0,2,0,99fd867d-73c2-4fa7-a289-16ce83a6376d,219WT,supplement,0,1,1589817736654,0,0
plugin_ios_activity_recognition,"[""stationary""]",0,2,0,99fd867d-73c2-4fa7-a289-16ce83a6376d,219WT,supplement,0,1,1589817796654,0,0
plugin_ios_activity_recognition,"[""stationary""]",0,2,0,99fd867d-73c2-4fa7-a289-16ce83a6376d,219WT,supplement,0,1,1589817856654,0,0
plugin_ios_activity_recognition,"[""stationary""]",0,2,0,99fd867d-73c2-4fa7-a289-16ce83a6376d,219WT,supplement,0,1,1589817916654,0,0
plugin_ios_activity_recognition,"[""stationary""]",0,2,0,99fd867d-73c2-4fa7-a289-16ce83a6376d,219WT,supplement,0,1,1589817976654,0,0
plugin_ios_activity_recognition,"[""stationary""]",0,2,0,99fd867d-73c2-4fa7-a289-16ce83a6376d,219WT,supplement,0,1,1589818036654,0,0
plugin_ios_activity_recognition,"[""stationary""]",0,2,0,99fd867d-73c2-4fa7-a289-16ce83a6376d,219WT,supplement,0,1,1589818096654,0,0
plugin_ios_activity_recognition,"[""stationary""]",0,2,0,99fd867d-73c2-4fa7-a289-16ce83a6376d,219WT,supplement,0,1,1589818156654,0,0
plugin_ios_activity_recognition,,0,2,0,99fd867d-73c2-4fa7-a289-16ce83a6376d,219WT,,0,0,1589818171439,0,0
plugin_ios_activity_recognition,"[""stationary""]",0,2,0,99fd867d-73c2-4fa7-a289-16ce83a6376d,219WT,,0,1,1589818178498,0,0
plugin_ios_activity_recognition,"[""stationary""]",0,2,0,99fd867d-73c2-4fa7-a289-16ce83a6376d,219WT,supplement,0,1,1589818216654,0,0
plugin_ios_activity_recognition,"[""stationary""]",0,2,0,99fd867d-73c2-4fa7-a289-16ce83a6376d,219WT,supplement,0,1,1589818238498,0,0
plugin_ios_activity_recognition,,0,2,0,99fd867d-73c2-4fa7-a289-16ce83a6376d,219WT,,0,0,1589818290094,0,0
plugin_ios_activity_recognition,"[""stationary""]",0,2,0,99fd867d-73c2-4fa7-a289-16ce83a6376d,219WT,,0,1,1589818295546,0,0
plugin_ios_activity_recognition,"[""stationary""]",0,2,0,99fd867d-73c2-4fa7-a289-16ce83a6376d,219WT,supplement,0,1,1589818298498,0,0
plugin_ios_activity_recognition,"[""stationary""]",0,2,0,99fd867d-73c2-4fa7-a289-16ce83a6376d,219WT,supplement,0,1,1589818355546,0,0
plugin_ios_activity_recognition,"[""stationary""]",0,2,0,99fd867d-73c2-4fa7-a289-16ce83a6376d,219WT,supplement,0,1,1589818415546,0,0
plugin_ios_activity_recognition,"[""stationary""]",0,2,0,99fd867d-73c2-4fa7-a289-16ce83a6376d,219WT,supplement,0,1,1589818475546,0,0
plugin_ios_activity_recognition,"[""stationary""]",0,2,0,99fd867d-73c2-4fa7-a289-16ce83a6376d,219WT,supplement,0,1,1589818535546,0,0
plugin_ios_activity_recognition,,0,2,0,99fd867d-73c2-4fa7-a289-16ce83a6376d,219WT,,0,0,1589818564602,0,0
plugin_ios_activity_recognition,"[""stationary""]",0,2,0,99fd867d-73c2-4fa7-a289-16ce83a6376d,219WT,,0,1,1589818575815,0,0
plugin_ios_activity_recognition,,0,2,0,99fd867d-73c2-4fa7-a289-16ce83a6376d,219WT,,0,0,1589818583491,0,0
plugin_ios_activity_recognition,"[""stationary""]",0,2,0,99fd867d-73c2-4fa7-a289-16ce83a6376d,219WT,supplement,0,1,1589818595546,0,0
plugin_ios_activity_recognition,"[""stationary""]",0,2,0,99fd867d-73c2-4fa7-a289-16ce83a6376d,219WT,,0,1,1589818598532,0,0
plugin_ios_activity_recognition,"[""stationary""]",0,2,0,99fd867d-73c2-4fa7-a289-16ce83a6376d,219WT,supplement,0,1,1589818658532,0,0
plugin_ios_activity_recognition,,0,2,0,99fd867d-73c2-4fa7-a289-16ce83a6376d,219WT,,0,0,1589818711341,0,0
plugin_ios_activity_recognition,"[""stationary""]",0,2,0,99fd867d-73c2-4fa7-a289-16ce83a6376d,219WT,supplement,0,1,1589818718532,0,0
plugin_ios_activity_recognition,"[""stationary""]",0,2,0,99fd867d-73c2-4fa7-a289-16ce83a6376d,219WT,,0,1,1589818723826,0,0
plugin_ios_activity_recognition,,0,2,0,99fd867d-73c2-4fa7-a289-16ce83a6376d,219WT,,0,0,1589818775124,0,0
plugin_ios_activity_recognition,"[""stationary""]",0,2,0,99fd867d-73c2-4fa7-a289-16ce83a6376d,219WT,,0,1,1589818780575,0,0
plugin_ios_activity_recognition,,0,2,0,99fd867d-73c2-4fa7-a289-16ce83a6376d,219WT,,0,0,1589818791482,0,0
plugin_ios_activity_recognition,"[""stationary""]",0,2,0,99fd867d-73c2-4fa7-a289-16ce83a6376d,219WT,,0,1,1589818795326,0,0
plugin_ios_activity_recognition,,0,2,0,99fd867d-73c2-4fa7-a289-16ce83a6376d,219WT,,0,0,1589818812323,0,0
plugin_ios_activity_recognition,"[""stationary""]",0,2,0,99fd867d-73c2-4fa7-a289-16ce83a6376d,219WT,,0,1,1589818816173,0,0
plugin_ios_activity_recognition,"[""stationary""]",0,2,0,99fd867d-73c2-4fa7-a289-16ce83a6376d,219WT,supplement,0,1,1589818876173,0,0
plugin_ios_activity_recognition,"[""stationary""]",0,2,0,99fd867d-73c2-4fa7-a289-16ce83a6376d,219WT,supplement,0,1,1589818936173,0,0
plugin_ios_activity_recognition,"[""stationary""]",0,2,0,99fd867d-73c2-4fa7-a289-16ce83a6376d,219WT,supplement,0,1,1589818996173,0,0
plugin_ios_activity_recognition,"[""stationary""]",0,2,0,99fd867d-73c2-4fa7-a289-16ce83a6376d,219WT,supplement,0,1,1589819056173,0,0
plugin_ios_activity_recognition,"[""stationary""]",0,2,0,99fd867d-73c2-4fa7-a289-16ce83a6376d,219WT,supplement,0,1,1589819116173,0,0
plugin_ios_activity_recognition,"[""stationary""]",0,2,0,99fd867d-73c2-4fa7-a289-16ce83a6376d,219WT,supplement,0,1,1589819176173,0,0
plugin_ios_activity_recognition,"[""stationary""]",0,2,0,99fd867d-73c2-4fa7-a289-16ce83a6376d,219WT,supplement,0,1,1589819236173,0,0
plugin_ios_activity_recognition,"[""stationary""]",0,2,0,99fd867d-73c2-4fa7-a289-16ce83a6376d,219WT,supplement,0,1,1589819296173,0,0
plugin_ios_activity_recognition,"[""stationary""]",0,2,0,99fd867d-73c2-4fa7-a289-16ce83a6376d,219WT,supplement,0,1,1589819356173,0,0
plugin_ios_activity_recognition,"[""stationary""]",0,2,0,99fd867d-73c2-4fa7-a289-16ce83a6376d,219WT,supplement,0,1,1589819416173,0,0
plugin_ios_activity_recognition,"[""stationary""]",0,2,0,99fd867d-73c2-4fa7-a289-16ce83a6376d,219WT,supplement,0,1,1589819476173,0,0
plugin_ios_activity_recognition,"[""stationary""]",0,2,0,99fd867d-73c2-4fa7-a289-16ce83a6376d,219WT,supplement,0,1,1589819536173,0,0
plugin_ios_activity_recognition,"[""stationary""]",0,2,0,99fd867d-73c2-4fa7-a289-16ce83a6376d,219WT,supplement,0,1,1589819596173,0,0
plugin_ios_activity_recognition,,0,2,0,99fd867d-73c2-4fa7-a289-16ce83a6376d,219WT,,0,0,1589819648655,0,0
plugin_ios_activity_recognition,"[""stationary""]",0,2,0,99fd867d-73c2-4fa7-a289-16ce83a6376d,219WT,,0,1,1589819654423,0,0
plugin_ios_activity_recognition,"[""stationary""]",0,2,0,99fd867d-73c2-4fa7-a289-16ce83a6376d,219WT,supplement,0,1,1589819656173,0,0
plugin_ios_activity_recognition,,0,2,0,99fd867d-73c2-4fa7-a289-16ce83a6376d,219WT,,0,0,1589819678758,0,0
plugin_ios_activity_recognition,"[""stationary""]",0,2,0,99fd867d-73c2-4fa7-a289-16ce83a6376d,219WT,,0,1,1589819682600,0,0
plugin_ios_activity_recognition,"[""stationary""]",0,2,0,99fd867d-73c2-4fa7-a289-16ce83a6376d,219WT,supplement,0,1,1589819742600,0,0
plugin_ios_activity_recognition,"[""stationary""]",0,2,0,99fd867d-73c2-4fa7-a289-16ce83a6376d,219WT,supplement,0,1,1589819802600,0,0
plugin_ios_activity_recognition,,0,2,0,99fd867d-73c2-4fa7-a289-16ce83a6376d,219WT,,0,0,1589819838985,0,0
plugin_ios_activity_recognition,"[""stationary""]",0,2,0,99fd867d-73c2-4fa7-a289-16ce83a6376d,219WT,,0,1,1589819842510,0,0
plugin_ios_activity_recognition,,0,2,0,99fd867d-73c2-4fa7-a289-16ce83a6376d,219WT,,0,0,1589819848279,0,0
plugin_ios_activity_recognition,"[""stationary""]",0,2,0,99fd867d-73c2-4fa7-a289-16ce83a6376d,219WT,supplement,0,1,1589819862600,0,0
plugin_ios_activity_recognition,"[""stationary""]",0,2,0,99fd867d-73c2-4fa7-a289-16ce83a6376d,219WT,,0,1,1589819865567,0,0
plugin_ios_activity_recognition,,0,2,0,99fd867d-73c2-4fa7-a289-16ce83a6376d,219WT,,0,0,1589819897586,0,0
plugin_ios_activity_recognition,"[""walking""]",0,1,0,99fd867d-73c2-4fa7-a289-16ce83a6376d,219WT,,0,0,1589819901727,0,1
plugin_ios_activity_recognition,"[""stationary""]",0,2,0,99fd867d-73c2-4fa7-a289-16ce83a6376d,219WT,,0,1,1589819914212,0,0
plugin_ios_activity_recognition,"[""stationary""]",0,2,0,99fd867d-73c2-4fa7-a289-16ce83a6376d,219WT,supplement,0,1,1589819974212,0,0
plugin_ios_activity_recognition,"[""stationary""]",0,2,0,99fd867d-73c2-4fa7-a289-16ce83a6376d,219WT,supplement,0,1,1589820034212,0,0
plugin_ios_activity_recognition,"[""stationary""]",0,2,0,99fd867d-73c2-4fa7-a289-16ce83a6376d,219WT,supplement,0,1,1589820094212,0,0
plugin_ios_activity_recognition,"[""stationary""]",0,2,0,99fd867d-73c2-4fa7-a289-16ce83a6376d,219WT,supplement,0,1,1589820154212,0,0
plugin_ios_activity_recognition,"[""stationary""]",0,2,0,99fd867d-73c2-4fa7-a289-16ce83a6376d,219WT,supplement,0,1,1589820214212,0,0
plugin_ios_activity_recognition,"[""stationary""]",0,2,0,99fd867d-73c2-4fa7-a289-16ce83a6376d,219WT,supplement,0,1,1589820274212,0,0
plugin_ios_activity_recognition,"[""stationary""]",0,2,0,99fd867d-73c2-4fa7-a289-16ce83a6376d,219WT,supplement,0,1,1589820334212,0,0
plugin_ios_activity_recognition,,0,2,0,99fd867d-73c2-4fa7-a289-16ce83a6376d,219WT,,0,0,1589820374699,0,0
plugin_ios_activity_recognition,"[""stationary""]",0,2,0,99fd867d-73c2-4fa7-a289-16ce83a6376d,219WT,supplement,0,1,1589820394212,0,0
plugin_ios_activity_recognition,"[""stationary""]",0,2,0,99fd867d-73c2-4fa7-a289-16ce83a6376d,219WT,,0,1,1589820410838,0,0
plugin_ios_activity_recognition,,0,2,0,99fd867d-73c2-4fa7-a289-16ce83a6376d,219WT,,0,0,1589820429428,0,0
plugin_ios_activity_recognition,"[""stationary""]",0,2,0,99fd867d-73c2-4fa7-a289-16ce83a6376d,219WT,,0,1,1589820454077,0,0
plugin_ios_activity_recognition,,0,2,0,99fd867d-73c2-4fa7-a289-16ce83a6376d,219WT,,0,0,1589820476147,0,0
plugin_ios_activity_recognition,"[""stationary""]",0,2,0,99fd867d-73c2-4fa7-a289-16ce83a6376d,219WT,,0,1,1589820480305,0,0
plugin_ios_activity_recognition,"[""stationary""]",0,2,0,99fd867d-73c2-4fa7-a289-16ce83a6376d,219WT,supplement,0,1,1589820540305,0,0
plugin_ios_activity_recognition,,0,2,0,99fd867d-73c2-4fa7-a289-16ce83a6376d,219WT,,0,0,1589820587116,0,0
plugin_ios_activity_recognition,"[""stationary""]",0,2,0,99fd867d-73c2-4fa7-a289-16ce83a6376d,219WT,supplement,0,1,1589820600305,0,0
plugin_ios_activity_recognition,,0,2,0,99fd867d-73c2-4fa7-a289-16ce83a6376d,219WT,supplement,0,0,1589820647116,0,0
plugin_ios_activity_recognition,,0,2,0,99fd867d-73c2-4fa7-a289-16ce83a6376d,219WT,supplement,0,0,1589820707116,0,0
plugin_ios_activity_recognition,,0,2,0,99fd867d-73c2-4fa7-a289-16ce83a6376d,219WT,supplement,0,0,1589820767116,0,0
plugin_ios_activity_recognition,,0,2,0,99fd867d-73c2-4fa7-a289-16ce83a6376d,219WT,supplement,0,0,1589820827116,0,0
plugin_ios_activity_recognition,,0,2,0,99fd867d-73c2-4fa7-a289-16ce83a6376d,219WT,supplement,0,0,1589820887116,0,0
plugin_ios_activity_recognition,"[""stationary""]",0,2,0,99fd867d-73c2-4fa7-a289-16ce83a6376d,219WT,,0,1,1589820920164,0,0
plugin_ios_activity_recognition,,0,2,0,99fd867d-73c2-4fa7-a289-16ce83a6376d,219WT,,0,0,1589820926577,0,0
plugin_ios_activity_recognition,"[""stationary""]",0,2,0,99fd867d-73c2-4fa7-a289-16ce83a6376d,219WT,,0,1,1589820931383,0,0
plugin_ios_activity_recognition,,0,2,0,99fd867d-73c2-4fa7-a289-16ce83a6376d,219WT,supplement,0,0,1589820947116,0,0
plugin_ios_activity_recognition,,0,2,0,99fd867d-73c2-4fa7-a289-16ce83a6376d,219WT,,0,0,1589820956704,0,0
plugin_ios_activity_recognition,"[""stationary""]",0,2,0,99fd867d-73c2-4fa7-a289-16ce83a6376d,219WT,,0,1,1589820962476,0,0
plugin_ios_activity_recognition,,0,2,0,99fd867d-73c2-4fa7-a289-16ce83a6376d,219WT,,0,0,1589820963114,0,0
plugin_ios_activity_recognition,"[""stationary""]",0,2,0,99fd867d-73c2-4fa7-a289-16ce83a6376d,219WT,,0,1,1589820967281,0,0
plugin_ios_activity_recognition,,0,2,0,99fd867d-73c2-4fa7-a289-16ce83a6376d,219WT,,0,0,1589820969204,0,0
plugin_ios_activity_recognition,"[""stationary""]",0,2,0,99fd867d-73c2-4fa7-a289-16ce83a6376d,219WT,,0,1,1589820973371,0,0
plugin_ios_activity_recognition,,0,2,0,99fd867d-73c2-4fa7-a289-16ce83a6376d,219WT,,0,0,1589820987472,0,0
plugin_ios_activity_recognition,"[""stationary""]",0,2,0,99fd867d-73c2-4fa7-a289-16ce83a6376d,219WT,,0,1,1589820991638,0,0
plugin_ios_activity_recognition,,0,2,0,99fd867d-73c2-4fa7-a289-16ce83a6376d,219WT,,0,0,1589821005739,0,0
plugin_ios_activity_recognition,"[""stationary""]",0,2,0,99fd867d-73c2-4fa7-a289-16ce83a6376d,219WT,,0,1,1589821014078,0,0
plugin_ios_activity_recognition,"[""stationary""]",0,2,0,99fd867d-73c2-4fa7-a289-16ce83a6376d,219WT,supplement,0,1,1589821074078,0,0
plugin_ios_activity_recognition,"[""stationary""]",0,2,0,99fd867d-73c2-4fa7-a289-16ce83a6376d,219WT,supplement,0,1,1589821134078,0,0
plugin_ios_activity_recognition,"[""stationary""]",0,2,0,99fd867d-73c2-4fa7-a289-16ce83a6376d,219WT,supplement,0,1,1589821194078,0,0
plugin_ios_activity_recognition,,0,2,0,99fd867d-73c2-4fa7-a289-16ce83a6376d,219WT,,0,0,1589821200009,0,0
plugin_ios_activity_recognition,"[""stationary""]",0,2,0,99fd867d-73c2-4fa7-a289-16ce83a6376d,219WT,,0,1,1589821209945,0,0
plugin_ios_activity_recognition,"[""stationary""]",0,2,0,99fd867d-73c2-4fa7-a289-16ce83a6376d,219WT,supplement,0,1,1589821254078,0,0
plugin_ios_activity_recognition,"[""stationary""]",0,2,0,99fd867d-73c2-4fa7-a289-16ce83a6376d,219WT,supplement,0,1,1589821269945,0,0
plugin_ios_activity_recognition,,0,2,0,99fd867d-73c2-4fa7-a289-16ce83a6376d,219WT,,0,0,1589821315742,0,0
plugin_ios_activity_recognition,"[""stationary""]",0,2,0,99fd867d-73c2-4fa7-a289-16ce83a6376d,219WT,,0,1,1589821324080,0,0
plugin_ios_activity_recognition,"[""stationary""]",0,2,0,99fd867d-73c2-4fa7-a289-16ce83a6376d,219WT,supplement,0,1,1589821329945,0,0
plugin_ios_activity_recognition,"[""stationary""]",0,2,0,99fd867d-73c2-4fa7-a289-16ce83a6376d,219WT,supplement,0,1,1589821384080,0,0
plugin_ios_activity_recognition,,0,2,0,99fd867d-73c2-4fa7-a289-16ce83a6376d,219WT,,0,0,1589821399111,0,0
plugin_ios_activity_recognition,"[""stationary""]",0,2,0,99fd867d-73c2-4fa7-a289-16ce83a6376d,219WT,,0,1,1589821413221,0,0
plugin_ios_activity_recognition,"[""stationary""]",0,2,0,99fd867d-73c2-4fa7-a289-16ce83a6376d,219WT,supplement,0,1,1589821444080,0,0
plugin_ios_activity_recognition,"[""stationary""]",0,2,0,99fd867d-73c2-4fa7-a289-16ce83a6376d,219WT,supplement,0,1,1589821473221,0,0
plugin_ios_activity_recognition,,0,2,0,99fd867d-73c2-4fa7-a289-16ce83a6376d,219WT,,0,0,1589821515492,0,0
plugin_ios_activity_recognition,"[""stationary""]",0,2,0,99fd867d-73c2-4fa7-a289-16ce83a6376d,219WT,,0,1,1589821519340,0,0
plugin_ios_activity_recognition,"[""stationary""]",0,2,0,99fd867d-73c2-4fa7-a289-16ce83a6376d,219WT,supplement,0,1,1589821533221,0,0
plugin_ios_activity_recognition,,0,2,0,99fd867d-73c2-4fa7-a289-16ce83a6376d,219WT,,0,0,1589821556540,0,0
plugin_ios_activity_recognition,"[""walking""]",0,1,0,99fd867d-73c2-4fa7-a289-16ce83a6376d,219WT,,0,0,1589821560076,0,1
plugin_ios_activity_recognition,"[""walking""]",0,2,0,99fd867d-73c2-4fa7-a289-16ce83a6376d,219WT,,0,0,1589821572911,0,1
plugin_ios_activity_recognition,"[""walking""]",0,2,0,99fd867d-73c2-4fa7-a289-16ce83a6376d,219WT,supplement,0,0,1589821632911,0,1
plugin_ios_activity_recognition,,0,2,0,99fd867d-73c2-4fa7-a289-16ce83a6376d,219WT,,0,0,1589821649830,0,0
plugin_ios_activity_recognition,"[""walking""]",0,1,0,99fd867d-73c2-4fa7-a289-16ce83a6376d,219WT,,0,0,1589821672908,0,1
plugin_ios_activity_recognition,"[""walking""]",0,2,0,99fd867d-73c2-4fa7-a289-16ce83a6376d,219WT,,0,0,1589821683161,0,1
plugin_ios_activity_recognition,"[""walking""]",0,2,0,99fd867d-73c2-4fa7-a289-16ce83a6376d,219WT,supplement,0,0,1589821692911,0,1
plugin_ios_activity_recognition,"[""stationary""]",0,2,0,99fd867d-73c2-4fa7-a289-16ce83a6376d,219WT,,0,1,1589821693090,0,0
plugin_ios_activity_recognition,"[""walking""]",0,2,0,99fd867d-73c2-4fa7-a289-16ce83a6376d,219WT,,0,0,1589821710070,0,1
plugin_ios_activity_recognition,,0,2,0,99fd867d-73c2-4fa7-a289-16ce83a6376d,219WT,,0,0,1589821719355,0,0
plugin_ios_activity_recognition,,0,2,0,99fd867d-73c2-4fa7-a289-16ce83a6376d,219WT,supplement,0,0,1589821779355,0,0
plugin_ios_activity_recognition,"[""stationary""]",0,2,0,99fd867d-73c2-4fa7-a289-16ce83a6376d,219WT,,0,1,1589821796261,0,0
plugin_ios_activity_recognition,,0,2,0,99fd867d-73c2-4fa7-a289-16ce83a6376d,219WT,,0,0,1589821798183,0,0
plugin_ios_activity_recognition,,0,2,0,99fd867d-73c2-4fa7-a289-16ce83a6376d,219WT,supplement,0,0,1589821839355,0,0
plugin_ios_activity_recognition,,0,2,0,99fd867d-73c2-4fa7-a289-16ce83a6376d,219WT,supplement,0,0,1589821858183,0,0
plugin_ios_activity_recognition,,0,2,0,99fd867d-73c2-4fa7-a289-16ce83a6376d,219WT,supplement,0,0,1589821918183,0,0
plugin_ios_activity_recognition,"[""walking""]",0,1,0,99fd867d-73c2-4fa7-a289-16ce83a6376d,219WT,,0,0,1589821921577,0,1
plugin_ios_activity_recognition,"[""stationary""]",0,2,0,99fd867d-73c2-4fa7-a289-16ce83a6376d,219WT,,0,1,1589821925737,0,0
plugin_ios_activity_recognition,"[""walking""]",0,2,0,99fd867d-73c2-4fa7-a289-16ce83a6376d,219WT,,0,0,1589821968670,0,1
plugin_ios_activity_recognition,,0,2,0,99fd867d-73c2-4fa7-a289-16ce83a6376d,219WT,,0,0,1589821970276,0,0
plugin_ios_activity_recognition,"[""walking""]",0,1,0,99fd867d-73c2-4fa7-a289-16ce83a6376d,219WT,,0,0,1589821977964,0,1
plugin_ios_activity_recognition,,0,2,0,99fd867d-73c2-4fa7-a289-16ce83a6376d,219WT,supplement,0,0,1589821978183,0,0
plugin_ios_activity_recognition,"[""walking""]",0,2,0,99fd867d-73c2-4fa7-a289-16ce83a6376d,219WT,,0,0,1589821988218,0,1
plugin_ios_activity_recognition,"[""walking""]",0,2,0,99fd867d-73c2-4fa7-a289-16ce83a6376d,219WT,supplement,0,0,1589822048218,0,1
plugin_ios_activity_recognition,"[""stationary""]",0,2,0,99fd867d-73c2-4fa7-a289-16ce83a6376d,219WT,,0,1,1589822078556,0,0
plugin_ios_activity_recognition,"[""walking""]",0,2,0,99fd867d-73c2-4fa7-a289-16ce83a6376d,219WT,supplement,0,0,1589822108218,0,1
plugin_ios_activity_recognition,"[""stationary""]",0,2,0,99fd867d-73c2-4fa7-a289-16ce83a6376d,219WT,supplement,0,1,1589822138556,0,0
plugin_ios_activity_recognition,"[""stationary""]",0,2,0,99fd867d-73c2-4fa7-a289-16ce83a6376d,219WT,supplement,0,1,1589822198556,0,0
plugin_ios_activity_recognition,"[""stationary""]",0,2,0,99fd867d-73c2-4fa7-a289-16ce83a6376d,219WT,supplement,0,1,1589822258556,0,0
plugin_ios_activity_recognition,"[""stationary""]",0,2,0,99fd867d-73c2-4fa7-a289-16ce83a6376d,219WT,supplement,0,1,1589822318556,0,0
plugin_ios_activity_recognition,"[""stationary""]",0,2,0,99fd867d-73c2-4fa7-a289-16ce83a6376d,219WT,supplement,0,1,1589822378556,0,0
plugin_ios_activity_recognition,"[""stationary""]",0,2,0,99fd867d-73c2-4fa7-a289-16ce83a6376d,219WT,supplement,0,1,1589822438556,0,0
plugin_ios_activity_recognition,"[""stationary""]",0,2,0,99fd867d-73c2-4fa7-a289-16ce83a6376d,219WT,supplement,0,1,1589822498556,0,0
plugin_ios_activity_recognition,"[""stationary""]",0,2,0,99fd867d-73c2-4fa7-a289-16ce83a6376d,219WT,supplement,0,1,1589822558556,0,0
plugin_ios_activity_recognition,"[""stationary""]",0,2,0,99fd867d-73c2-4fa7-a289-16ce83a6376d,219WT,supplement,0,1,1589822618556,0,0
plugin_ios_activity_recognition,"[""stationary""]",0,2,0,99fd867d-73c2-4fa7-a289-16ce83a6376d,219WT,supplement,0,1,1589822678556,0,0
plugin_ios_activity_recognition,,0,2,0,99fd867d-73c2-4fa7-a289-16ce83a6376d,219WT,,0,0,1589822701439,0,0
plugin_ios_activity_recognition,"[""walking""]",0,1,0,99fd867d-73c2-4fa7-a289-16ce83a6376d,219WT,,0,0,1589822705606,0,1
plugin_ios_activity_recognition,"[""walking""]",0,2,0,99fd867d-73c2-4fa7-a289-16ce83a6376d,219WT,,0,0,1589822733787,0,1
plugin_ios_activity_recognition,"[""stationary""]",0,2,0,99fd867d-73c2-4fa7-a289-16ce83a6376d,219WT,supplement,0,1,1589822738556,0,0
plugin_ios_activity_recognition,"[""walking""]",0,2,0,99fd867d-73c2-4fa7-a289-16ce83a6376d,219WT,supplement,0,0,1589822793787,0,1
plugin_ios_activity_recognition,,0,2,0,99fd867d-73c2-4fa7-a289-16ce83a6376d,219WT,,0,0,1589822820749,0,0
plugin_ios_activity_recognition,"[""walking""]",0,1,0,99fd867d-73c2-4fa7-a289-16ce83a6376d,219WT,,0,0,1589822838703,0,1
plugin_ios_activity_recognition,"[""walking""]",0,2,0,99fd867d-73c2-4fa7-a289-16ce83a6376d,219WT,,0,0,1589822846692,0,1
plugin_ios_activity_recognition,"[""walking""]",0,2,0,99fd867d-73c2-4fa7-a289-16ce83a6376d,219WT,supplement,0,0,1589822853787,0,1
plugin_ios_activity_recognition,"[""stationary""]",0,2,0,99fd867d-73c2-4fa7-a289-16ce83a6376d,219WT,,0,1,1589822899481,0,0
plugin_ios_activity_recognition,,0,2,0,99fd867d-73c2-4fa7-a289-16ce83a6376d,219WT,,0,0,1589822910696,0,0
plugin_ios_activity_recognition,"[""walking""]",0,1,0,99fd867d-73c2-4fa7-a289-16ce83a6376d,219WT,,0,0,1589822915504,0,1
plugin_ios_activity_recognition,"[""stationary""]",0,2,0,99fd867d-73c2-4fa7-a289-16ce83a6376d,219WT,,0,1,1589822919023,0,0
plugin_ios_activity_recognition,"[""stationary""]",0,2,0,99fd867d-73c2-4fa7-a289-16ce83a6376d,219WT,supplement,0,1,1589822979023,0,0
plugin_ios_activity_recognition,,0,2,0,99fd867d-73c2-4fa7-a289-16ce83a6376d,219WT,,0,0,1589822995899,0,0
plugin_ios_activity_recognition,"[""stationary""]",0,2,0,99fd867d-73c2-4fa7-a289-16ce83a6376d,219WT,,0,1,1589823005828,0,0
plugin_ios_activity_recognition,"[""stationary""]",0,2,0,99fd867d-73c2-4fa7-a289-16ce83a6376d,219WT,supplement,0,1,1589823039023,0,0
plugin_ios_activity_recognition,,0,2,0,99fd867d-73c2-4fa7-a289-16ce83a6376d,219WT,,0,0,1589823062523,0,0
plugin_ios_activity_recognition,"[""stationary""]",0,2,0,99fd867d-73c2-4fa7-a289-16ce83a6376d,219WT,,0,1,1589823066366,0,0
plugin_ios_activity_recognition,,0,2,0,99fd867d-73c2-4fa7-a289-16ce83a6376d,219WT,,0,0,1589823073099,0,0
plugin_ios_activity_recognition,,0,2,0,99fd867d-73c2-4fa7-a289-16ce83a6376d,219WT,supplement,0,0,1589823133099,0,0
plugin_ios_activity_recognition,,0,2,0,99fd867d-73c2-4fa7-a289-16ce83a6376d,219WT,supplement,0,0,1589823193099,0,0
plugin_ios_activity_recognition,"[""stationary""]",0,2,0,99fd867d-73c2-4fa7-a289-16ce83a6376d,219WT,,0,1,1589823196455,0,0
plugin_ios_activity_recognition,,0,2,0,99fd867d-73c2-4fa7-a289-16ce83a6376d,219WT,,0,0,1589823201260,0,0
plugin_ios_activity_recognition,"[""stationary""]",0,2,0,99fd867d-73c2-4fa7-a289-16ce83a6376d,219WT,,0,1,1589823213113,0,0
plugin_ios_activity_recognition,,0,2,0,99fd867d-73c2-4fa7-a289-16ce83a6376d,219WT,,0,0,1589823217920,0,0
plugin_ios_activity_recognition,,0,2,0,99fd867d-73c2-4fa7-a289-16ce83a6376d,219WT,supplement,0,0,1589823253099,0,0
plugin_ios_activity_recognition,,0,2,0,99fd867d-73c2-4fa7-a289-16ce83a6376d,219WT,supplement,0,0,1589823277920,0,0
plugin_ios_activity_recognition,"[""stationary""]",0,2,0,99fd867d-73c2-4fa7-a289-16ce83a6376d,219WT,,0,1,1589823294737,0,0
plugin_ios_activity_recognition,,0,2,0,99fd867d-73c2-4fa7-a289-16ce83a6376d,219WT,,0,0,1589823305608,0,0
plugin_ios_activity_recognition,,0,2,0,99fd867d-73c2-4fa7-a289-16ce83a6376d,219WT,supplement,0,0,1589823337920,0,0
plugin_ios_activity_recognition,,0,2,0,99fd867d-73c2-4fa7-a289-16ce83a6376d,219WT,supplement,0,0,1589823365608,0,0
plugin_ios_activity_recognition,"[""walking""]",0,1,0,99fd867d-73c2-4fa7-a289-16ce83a6376d,219WT,,0,0,1589823376751,0,1
plugin_ios_activity_recognition,"[""walking""]",0,2,0,99fd867d-73c2-4fa7-a289-16ce83a6376d,219WT,,0,0,1589823381881,0,1
plugin_ios_activity_recognition,,0,2,0,99fd867d-73c2-4fa7-a289-16ce83a6376d,219WT,supplement,0,0,1589823425608,0,0
plugin_ios_activity_recognition,"[""stationary""]",0,2,0,99fd867d-73c2-4fa7-a289-16ce83a6376d,219WT,,0,1,1589823434433,0,0
plugin_ios_activity_recognition,"[""walking""]",0,2,0,99fd867d-73c2-4fa7-a289-16ce83a6376d,219WT,,0,0,1589823436676,0,1
plugin_ios_activity_recognition,"[""walking""]",0,2,0,99fd867d-73c2-4fa7-a289-16ce83a6376d,219WT,supplement,0,0,1589823496676,0,1
plugin_ios_activity_recognition,"[""stationary""]",0,2,0,99fd867d-73c2-4fa7-a289-16ce83a6376d,219WT,,0,1,1589823499186,0,0
plugin_ios_activity_recognition,,0,2,0,99fd867d-73c2-4fa7-a289-16ce83a6376d,219WT,,0,0,1589823526423,0,0
plugin_ios_activity_recognition,"[""walking""]",0,1,0,99fd867d-73c2-4fa7-a289-16ce83a6376d,219WT,,0,0,1589823530601,0,1
plugin_ios_activity_recognition,"[""walking""]",0,2,0,99fd867d-73c2-4fa7-a289-16ce83a6376d,219WT,,0,0,1589823546002,0,1
plugin_ios_activity_recognition,"[""walking""]",0,2,0,99fd867d-73c2-4fa7-a289-16ce83a6376d,219WT,supplement,0,0,1589823556676,0,1
plugin_ios_activity_recognition,"[""walking""]",0,2,0,99fd867d-73c2-4fa7-a289-16ce83a6376d,219WT,supplement,0,0,1589823606002,0,1
plugin_ios_activity_recognition,,0,2,0,99fd867d-73c2-4fa7-a289-16ce83a6376d,219WT,,0,0,1589823612652,0,0
plugin_ios_activity_recognition,"[""walking""]",0,1,0,99fd867d-73c2-4fa7-a289-16ce83a6376d,219WT,,0,0,1589823653660,0,1
plugin_ios_activity_recognition,"[""walking""]",0,2,0,99fd867d-73c2-4fa7-a289-16ce83a6376d,219WT,,0,0,1589823659422,0,1
plugin_ios_activity_recognition,"[""walking""]",0,2,0,99fd867d-73c2-4fa7-a289-16ce83a6376d,219WT,supplement,0,0,1589823666002,0,1
plugin_ios_activity_recognition,"[""walking""]",0,2,0,99fd867d-73c2-4fa7-a289-16ce83a6376d,219WT,supplement,0,0,1589823719422,0,1
plugin_ios_activity_recognition,"[""stationary""]",0,2,0,99fd867d-73c2-4fa7-a289-16ce83a6376d,219WT,,0,1,1589823768720,0,0
plugin_ios_activity_recognition,"[""walking""]",0,2,0,99fd867d-73c2-4fa7-a289-16ce83a6376d,219WT,,0,0,1589823770322,0,1
plugin_ios_activity_recognition,"[""running""]",0,2,0,99fd867d-73c2-4fa7-a289-16ce83a6376d,219WT,,1,0,1589823776735,0,0
plugin_ios_activity_recognition,"[""walking""]",0,1,0,99fd867d-73c2-4fa7-a289-16ce83a6376d,219WT,,0,0,1589823779298,0,1
plugin_ios_activity_recognition,"[""walking""]",0,2,0,99fd867d-73c2-4fa7-a289-16ce83a6376d,219WT,supplement,0,0,1589823779422,0,1
plugin_ios_activity_recognition,"[""walking""]",0,2,0,99fd867d-73c2-4fa7-a289-16ce83a6376d,219WT,,0,0,1589823804896,0,1
plugin_ios_activity_recognition,,0,2,0,99fd867d-73c2-4fa7-a289-16ce83a6376d,219WT,,0,0,1589823853584,0,0
plugin_ios_activity_recognition,"[""stationary""]",0,2,0,99fd867d-73c2-4fa7-a289-16ce83a6376d,219WT,,0,1,1589823910315,0,0
plugin_ios_activity_recognition,,0,2,0,99fd867d-73c2-4fa7-a289-16ce83a6376d,219WT,,0,0,1589823948790,0,0
plugin_ios_activity_recognition,"[""walking""]",0,1,0,99fd867d-73c2-4fa7-a289-16ce83a6376d,219WT,,0,0,1589823953603,0,1
plugin_ios_activity_recognition,"[""walking""]",0,2,0,99fd867d-73c2-4fa7-a289-16ce83a6376d,219WT,,0,0,1589823966411,0,1
plugin_ios_activity_recognition,"[""stationary""]",0,2,0,99fd867d-73c2-4fa7-a289-16ce83a6376d,219WT,,0,1,1589824003267,0,0
plugin_ios_activity_recognition,"[""walking""]",0,2,0,99fd867d-73c2-4fa7-a289-16ce83a6376d,219WT,,0,0,1589824007114,0,1
plugin_ios_activity_recognition,"[""stationary""]",0,2,0,99fd867d-73c2-4fa7-a289-16ce83a6376d,219WT,,0,1,1589824020578,0,0
plugin_ios_activity_recognition,,0,2,0,99fd867d-73c2-4fa7-a289-16ce83a6376d,219WT,,0,0,1589824026027,0,0
plugin_ios_activity_recognition,,0,2,0,99fd867d-73c2-4fa7-a289-16ce83a6376d,219WT,supplement,0,0,1589824086027,0,0
plugin_ios_activity_recognition,"[""stationary""]",0,2,0,99fd867d-73c2-4fa7-a289-16ce83a6376d,219WT,,0,1,1589824116749,0,0
plugin_ios_activity_recognition,,0,2,0,99fd867d-73c2-4fa7-a289-16ce83a6376d,219WT,,0,0,1589824118992,0,0
plugin_ios_activity_recognition,"[""stationary""]",0,2,0,99fd867d-73c2-4fa7-a289-16ce83a6376d,219WT,,0,1,1589824135337,0,0
plugin_ios_activity_recognition,,0,2,0,99fd867d-73c2-4fa7-a289-16ce83a6376d,219WT,,0,0,1589824137580,0,0
plugin_ios_activity_recognition,,0,2,0,99fd867d-73c2-4fa7-a289-16ce83a6376d,219WT,supplement,0,0,1589824146027,0,0
plugin_ios_activity_recognition,,0,2,0,99fd867d-73c2-4fa7-a289-16ce83a6376d,219WT,supplement,0,0,1589824197580,0,0
plugin_ios_activity_recognition,,0,2,0,99fd867d-73c2-4fa7-a289-16ce83a6376d,219WT,supplement,0,0,1589824257580,0,0
plugin_ios_activity_recognition,,0,2,0,99fd867d-73c2-4fa7-a289-16ce83a6376d,219WT,supplement,0,0,1589824317580,0,0
plugin_ios_activity_recognition,"[""stationary""]",0,2,0,99fd867d-73c2-4fa7-a289-16ce83a6376d,219WT,,0,1,1589824329259,0,0
plugin_ios_activity_recognition,,0,2,0,99fd867d-73c2-4fa7-a289-16ce83a6376d,219WT,,0,0,1589824329579,0,0
plugin_ios_activity_recognition,,0,2,0,99fd867d-73c2-4fa7-a289-16ce83a6376d,219WT,,0,0,1589824341183,0,0
plugin_ios_activity_recognition,,0,2,0,99fd867d-73c2-4fa7-a289-16ce83a6376d,219WT,supplement,0,0,1589824377580,0,0
plugin_ios_activity_recognition,"[""walking""]",0,1,0,99fd867d-73c2-4fa7-a289-16ce83a6376d,219WT,,0,0,1589824392037,0,1
plugin_ios_activity_recognition,"[""walking""]",0,1,0,99fd867d-73c2-4fa7-a289-16ce83a6376d,219WT,,0,0,1589824401189,0,1
plugin_ios_activity_recognition,"[""walking""]",0,2,0,99fd867d-73c2-4fa7-a289-16ce83a6376d,219WT,,0,0,1589824402293,0,1
plugin_ios_activity_recognition,,0,2,0,99fd867d-73c2-4fa7-a289-16ce83a6376d,219WT,,0,0,1589824456136,0,0
plugin_ios_activity_recognition,,0,2,0,99fd867d-73c2-4fa7-a289-16ce83a6376d,219WT,,0,0,1589824461187,0,0
plugin_ios_activity_recognition,"[""automotive""]",1,2,0,99fd867d-73c2-4fa7-a289-16ce83a6376d,219WT,,0,0,1589824497159,0,0
plugin_ios_activity_recognition,"[""automotive""]",1,2,0,99fd867d-73c2-4fa7-a289-16ce83a6376d,219WT,,0,0,1589824521186,0,0
plugin_ios_activity_recognition,"[""stationary"",""automotive""]",1,2,0,99fd867d-73c2-4fa7-a289-16ce83a6376d,219WT,,0,1,1589824523435,0,0
plugin_ios_activity_recognition,"[""automotive""]",1,2,0,99fd867d-73c2-4fa7-a289-16ce83a6376d,219WT,,0,0,1589824526319,0,0
plugin_ios_activity_recognition,"[""automotive""]",1,2,0,99fd867d-73c2-4fa7-a289-16ce83a6376d,219WT,,0,0,1589824527925,0,0
plugin_ios_activity_recognition,"[""automotive""]",1,2,0,99fd867d-73c2-4fa7-a289-16ce83a6376d,219WT,,0,0,1589824581280,0,0
plugin_ios_activity_recognition,"[""automotive""]",1,2,0,99fd867d-73c2-4fa7-a289-16ce83a6376d,219WT,,0,0,1589824641187,0,0
plugin_ios_activity_recognition,"[""automotive""]",1,2,0,99fd867d-73c2-4fa7-a289-16ce83a6376d,219WT,supplement,0,0,1589824701187,0,0
plugin_ios_activity_recognition,"[""automotive""]",1,2,0,99fd867d-73c2-4fa7-a289-16ce83a6376d,219WT,,0,0,1589824701190,0,0
plugin_ios_activity_recognition,"[""automotive""]",1,2,0,99fd867d-73c2-4fa7-a289-16ce83a6376d,219WT,,0,0,1589824761186,0,0
plugin_ios_activity_recognition,"[""automotive""]",1,2,0,99fd867d-73c2-4fa7-a289-16ce83a6376d,219WT,supplement,0,0,1589824761187,0,0
plugin_ios_activity_recognition,"[""automotive""]",1,2,0,99fd867d-73c2-4fa7-a289-16ce83a6376d,219WT,supplement,0,0,1589824821186,0,0
plugin_ios_activity_recognition,"[""automotive""]",1,2,0,99fd867d-73c2-4fa7-a289-16ce83a6376d,219WT,,0,0,1589824821199,0,0
plugin_ios_activity_recognition,"[""stationary"",""automotive""]",1,2,0,99fd867d-73c2-4fa7-a289-16ce83a6376d,219WT,,0,1,1589824845191,0,0
plugin_ios_activity_recognition,"[""automotive""]",1,2,0,99fd867d-73c2-4fa7-a289-16ce83a6376d,219WT,,0,0,1589824847436,0,0
plugin_ios_activity_recognition,,0,2,0,99fd867d-73c2-4fa7-a289-16ce83a6376d,219WT,,0,0,1589824879190,0,0
plugin_ios_activity_recognition,,0,2,0,99fd867d-73c2-4fa7-a289-16ce83a6376d,219WT,,0,0,1589824881182,0,0
plugin_ios_activity_recognition,"[""automotive""]",1,2,0,99fd867d-73c2-4fa7-a289-16ce83a6376d,219WT,supplement,0,0,1589824881186,0,0
plugin_ios_activity_recognition,"[""stationary""]",0,2,0,99fd867d-73c2-4fa7-a289-16ce83a6376d,219WT,,0,1,1589824915424,0,0
plugin_ios_activity_recognition,,0,2,0,99fd867d-73c2-4fa7-a289-16ce83a6376d,219WT,,0,0,1589824931137,0,0
plugin_ios_activity_recognition,,0,2,0,99fd867d-73c2-4fa7-a289-16ce83a6376d,219WT,,0,0,1589824941182,0,0
plugin_ios_activity_recognition,,0,2,0,99fd867d-73c2-4fa7-a289-16ce83a6376d,219WT,supplement,0,0,1589825001182,0,0
plugin_ios_activity_recognition,,0,2,0,99fd867d-73c2-4fa7-a289-16ce83a6376d,219WT,,0,0,1589825001183,0,0
plugin_ios_activity_recognition,,0,2,0,99fd867d-73c2-4fa7-a289-16ce83a6376d,219WT,supplement,0,0,1589825061182,0,0
plugin_ios_activity_recognition,,0,2,0,99fd867d-73c2-4fa7-a289-16ce83a6376d,219WT,supplement,0,0,1589825061183,0,0
plugin_ios_activity_recognition,,0,2,0,99fd867d-73c2-4fa7-a289-16ce83a6376d,219WT,,0,0,1589825061275,0,0
plugin_ios_activity_recognition,,0,2,0,99fd867d-73c2-4fa7-a289-16ce83a6376d,219WT,,0,0,1589825121180,0,0
plugin_ios_activity_recognition,,0,2,0,99fd867d-73c2-4fa7-a289-16ce83a6376d,219WT,supplement,0,0,1589825121183,0,0
plugin_ios_activity_recognition,,0,2,0,99fd867d-73c2-4fa7-a289-16ce83a6376d,219WT,supplement,0,0,1589825181180,0,0
plugin_ios_activity_recognition,,0,2,0,99fd867d-73c2-4fa7-a289-16ce83a6376d,219WT,,0,0,1589825241180,0,0
plugin_ios_activity_recognition,,0,2,0,99fd867d-73c2-4fa7-a289-16ce83a6376d,219WT,supplement,0,0,1589825301180,0,0
plugin_ios_activity_recognition,,0,2,0,99fd867d-73c2-4fa7-a289-16ce83a6376d,219WT,,0,0,1589825301270,0,0
plugin_ios_activity_recognition,,0,2,0,99fd867d-73c2-4fa7-a289-16ce83a6376d,219WT,supplement,0,0,1589825361180,0,0
plugin_ios_activity_recognition,,0,2,0,99fd867d-73c2-4fa7-a289-16ce83a6376d,219WT,,0,0,1589825361181,0,0
plugin_ios_activity_recognition,"[""stationary""]",0,2,0,99fd867d-73c2-4fa7-a289-16ce83a6376d,219WT,,0,1,1589825382812,0,0
plugin_ios_activity_recognition,,0,2,0,99fd867d-73c2-4fa7-a289-16ce83a6376d,219WT,,0,0,1589825384415,0,0
plugin_ios_activity_recognition,"[""walking""]",0,1,0,99fd867d-73c2-4fa7-a289-16ce83a6376d,219WT,,0,0,1589825412633,0,1
plugin_ios_activity_recognition,"[""walking""]",0,2,0,99fd867d-73c2-4fa7-a289-16ce83a6376d,219WT,,0,0,1589825415195,0,1
plugin_ios_activity_recognition,"[""walking""]",0,2,0,99fd867d-73c2-4fa7-a289-16ce83a6376d,219WT,,0,0,1589825421181,0,1
plugin_ios_activity_recognition,,0,2,0,99fd867d-73c2-4fa7-a289-16ce83a6376d,219WT,,0,0,1589825469014,0,0
plugin_ios_activity_recognition,,0,2,0,99fd867d-73c2-4fa7-a289-16ce83a6376d,219WT,,0,0,1589825481177,0,0
plugin_ios_activity_recognition,,0,2,0,99fd867d-73c2-4fa7-a289-16ce83a6376d,219WT,supplement,0,0,1589825541177,0,0
plugin_ios_activity_recognition,,0,2,0,99fd867d-73c2-4fa7-a289-16ce83a6376d,219WT,,0,0,1589825541180,0,0
plugin_ios_activity_recognition,"[""stationary""]",0,2,0,99fd867d-73c2-4fa7-a289-16ce83a6376d,219WT,,0,1,1589825577428,0,0
plugin_ios_activity_recognition,,0,2,0,99fd867d-73c2-4fa7-a289-16ce83a6376d,219WT,,0,0,1589825580636,0,0
plugin_ios_activity_recognition,,0,2,0,99fd867d-73c2-4fa7-a289-16ce83a6376d,219WT,supplement,0,0,1589825601177,0,0
plugin_ios_activity_recognition,,0,2,0,99fd867d-73c2-4fa7-a289-16ce83a6376d,219WT,,0,0,1589825601184,0,0
plugin_ios_activity_recognition,,0,2,0,99fd867d-73c2-4fa7-a289-16ce83a6376d,219WT,,0,0,1589825661178,0,0
plugin_ios_activity_recognition,,0,2,0,99fd867d-73c2-4fa7-a289-16ce83a6376d,219WT,,0,0,1589825721177,0,0
plugin_ios_activity_recognition,,0,2,0,99fd867d-73c2-4fa7-a289-16ce83a6376d,219WT,supplement,0,0,1589825781177,0,0
plugin_ios_activity_recognition,,0,2,0,99fd867d-73c2-4fa7-a289-16ce83a6376d,219WT,,0,0,1589825781178,0,0
plugin_ios_activity_recognition,,0,2,0,99fd867d-73c2-4fa7-a289-16ce83a6376d,219WT,supplement,0,0,1589825841177,0,0
plugin_ios_activity_recognition,,0,2,0,99fd867d-73c2-4fa7-a289-16ce83a6376d,219WT,supplement,0,0,1589825841178,0,0
plugin_ios_activity_recognition,,0,2,0,99fd867d-73c2-4fa7-a289-16ce83a6376d,219WT,,0,0,1589825841179,0,0
plugin_ios_activity_recognition,,0,2,0,99fd867d-73c2-4fa7-a289-16ce83a6376d,219WT,supplement,0,0,1589825901178,0,0
plugin_ios_activity_recognition,,0,2,0,99fd867d-73c2-4fa7-a289-16ce83a6376d,219WT,supplement,0,0,1589825901179,0,0
plugin_ios_activity_recognition,,0,2,0,99fd867d-73c2-4fa7-a289-16ce83a6376d,219WT,,0,0,1589825901269,0,0
plugin_ios_activity_recognition,,0,2,0,99fd867d-73c2-4fa7-a289-16ce83a6376d,219WT,,0,0,1589825961176,0,0
plugin_ios_activity_recognition,,0,2,0,99fd867d-73c2-4fa7-a289-16ce83a6376d,219WT,supplement,0,0,1589825961179,0,0
plugin_ios_activity_recognition,,0,2,0,99fd867d-73c2-4fa7-a289-16ce83a6376d,219WT,supplement,0,0,1589826021176,0,0
plugin_ios_activity_recognition,,0,2,0,99fd867d-73c2-4fa7-a289-16ce83a6376d,219WT,,0,0,1589826021178,0,0
plugin_ios_activity_recognition,,0,2,0,99fd867d-73c2-4fa7-a289-16ce83a6376d,219WT,,0,0,1589826081176,0,0
plugin_ios_activity_recognition,"[""stationary""]",0,2,0,99fd867d-73c2-4fa7-a289-16ce83a6376d,219WT,,0,1,1589826097283,0,0
plugin_ios_activity_recognition,,0,2,0,99fd867d-73c2-4fa7-a289-16ce83a6376d,219WT,,0,0,1589826103378,0,0
plugin_ios_activity_recognition,"[""walking""]",0,1,0,99fd867d-73c2-4fa7-a289-16ce83a6376d,219WT,,0,0,1589826115575,0,1
plugin_ios_activity_recognition,"[""walking""]",0,2,0,99fd867d-73c2-4fa7-a289-16ce83a6376d,219WT,,0,0,1589826118142,0,1
plugin_ios_activity_recognition,"[""walking""]",0,2,0,99fd867d-73c2-4fa7-a289-16ce83a6376d,219WT,,0,0,1589826141235,0,1
plugin_ios_activity_recognition,,0,2,0,99fd867d-73c2-4fa7-a289-16ce83a6376d,219WT,,0,0,1589826169452,0,0
plugin_ios_activity_recognition,"[""stationary""]",0,2,0,99fd867d-73c2-4fa7-a289-16ce83a6376d,219WT,,0,1,1589826199597,0,0
plugin_ios_activity_recognition,"[""stationary""]",0,2,0,99fd867d-73c2-4fa7-a289-16ce83a6376d,219WT,,0,1,1589826201175,0,0
plugin_ios_activity_recognition,,0,2,0,99fd867d-73c2-4fa7-a289-16ce83a6376d,219WT,,0,0,1589826214350,0,0
plugin_ios_activity_recognition,"[""stationary""]",0,2,0,99fd867d-73c2-4fa7-a289-16ce83a6376d,219WT,,0,1,1589826223333,0,0
plugin_ios_activity_recognition,,0,2,0,99fd867d-73c2-4fa7-a289-16ce83a6376d,219WT,,0,0,1589826230066,0,0
plugin_ios_activity_recognition,,0,2,0,99fd867d-73c2-4fa7-a289-16ce83a6376d,219WT,,0,0,1589826261179,0,0
plugin_ios_activity_recognition,"[""stationary""]",0,2,0,99fd867d-73c2-4fa7-a289-16ce83a6376d,219WT,,0,1,1589826273675,0,0
plugin_ios_activity_recognition,,0,2,0,99fd867d-73c2-4fa7-a289-16ce83a6376d,219WT,,0,0,1589826278808,0,0
plugin_ios_activity_recognition,,0,2,0,99fd867d-73c2-4fa7-a289-16ce83a6376d,219WT,,0,0,1589826321165,0,0
plugin_ios_activity_recognition,,0,2,0,99fd867d-73c2-4fa7-a289-16ce83a6376d,219WT,,0,0,1589826349078,0,0
plugin_ios_activity_recognition,"[""stationary""]",0,2,0,99fd867d-73c2-4fa7-a289-16ce83a6376d,219WT,,0,1,1589826397755,0,0
plugin_ios_activity_recognition,,0,2,0,99fd867d-73c2-4fa7-a289-16ce83a6376d,219WT,,0,0,1589826399993,0,0
plugin_ios_activity_recognition,"[""stationary""]",0,2,0,99fd867d-73c2-4fa7-a289-16ce83a6376d,219WT,,0,1,1589826405116,0,0
plugin_ios_activity_recognition,,0,2,0,99fd867d-73c2-4fa7-a289-16ce83a6376d,219WT,,0,0,1589826407683,0,0
plugin_ios_activity_recognition,,0,2,0,99fd867d-73c2-4fa7-a289-16ce83a6376d,219WT,,0,0,1589826409082,0,0
plugin_ios_activity_recognition,"[""stationary""]",0,2,0,99fd867d-73c2-4fa7-a289-16ce83a6376d,219WT,,0,1,1589826413139,0,0
plugin_ios_activity_recognition,,0,2,0,99fd867d-73c2-4fa7-a289-16ce83a6376d,219WT,,0,0,1589826430794,0,0
plugin_ios_activity_recognition,"[""stationary""]",0,2,0,99fd867d-73c2-4fa7-a289-16ce83a6376d,219WT,,0,1,1589826442982,0,0
plugin_ios_activity_recognition,,0,2,0,99fd867d-73c2-4fa7-a289-16ce83a6376d,219WT,,0,0,1589826449396,0,0
plugin_ios_activity_recognition,,0,2,0,99fd867d-73c2-4fa7-a289-16ce83a6376d,219WT,,0,0,1589826469081,0,0
plugin_ios_activity_recognition,"[""stationary""]",0,2,0,99fd867d-73c2-4fa7-a289-16ce83a6376d,219WT,,0,1,1589826513490,0,0
plugin_ios_activity_recognition,,0,2,0,99fd867d-73c2-4fa7-a289-16ce83a6376d,219WT,,0,0,1589826515094,0,0
plugin_ios_activity_recognition,,0,2,0,99fd867d-73c2-4fa7-a289-16ce83a6376d,219WT,,0,0,1589826529082,0,0
plugin_ios_activity_recognition,,0,2,0,99fd867d-73c2-4fa7-a289-16ce83a6376d,219WT,supplement,0,0,1589826589082,0,0
plugin_ios_activity_recognition,,0,2,0,99fd867d-73c2-4fa7-a289-16ce83a6376d,219WT,,0,0,1589826589168,0,0
plugin_ios_activity_recognition,,0,2,0,99fd867d-73c2-4fa7-a289-16ce83a6376d,219WT,,0,0,1589826649081,0,0
plugin_ios_activity_recognition,,0,2,0,99fd867d-73c2-4fa7-a289-16ce83a6376d,219WT,supplement,0,0,1589826649082,0,0
plugin_ios_activity_recognition,,0,2,0,99fd867d-73c2-4fa7-a289-16ce83a6376d,219WT,supplement,0,0,1589826709081,0,0
plugin_ios_activity_recognition,,0,2,0,99fd867d-73c2-4fa7-a289-16ce83a6376d,219WT,,0,0,1589826709086,0,0
plugin_ios_activity_recognition,"[""stationary""]",0,2,0,99fd867d-73c2-4fa7-a289-16ce83a6376d,219WT,,0,1,1589826736286,0,0
plugin_ios_activity_recognition,,0,2,0,99fd867d-73c2-4fa7-a289-16ce83a6376d,219WT,,0,0,1589826740773,0,0
plugin_ios_activity_recognition,"[""stationary""]",0,2,0,99fd867d-73c2-4fa7-a289-16ce83a6376d,219WT,,0,1,1589826751371,0,0
plugin_ios_activity_recognition,,0,2,0,99fd867d-73c2-4fa7-a289-16ce83a6376d,219WT,,0,0,1589826756181,0,0
plugin_ios_activity_recognition,"[""stationary""]",0,2,0,99fd867d-73c2-4fa7-a289-16ce83a6376d,219WT,,0,1,1589826768685,0,0
plugin_ios_activity_recognition,"[""stationary""]",0,2,0,99fd867d-73c2-4fa7-a289-16ce83a6376d,219WT,,0,1,1589826769079,0,0
plugin_ios_activity_recognition,,0,2,0,99fd867d-73c2-4fa7-a289-16ce83a6376d,219WT,supplement,0,0,1589826769081,0,0
plugin_ios_activity_recognition,,0,2,0,99fd867d-73c2-4fa7-a289-16ce83a6376d,219WT,,0,0,1589826772853,0,0
plugin_ios_activity_recognition,,0,2,0,99fd867d-73c2-4fa7-a289-16ce83a6376d,219WT,,0,0,1589826829170,0,0
plugin_ios_activity_recognition,,0,2,0,99fd867d-73c2-4fa7-a289-16ce83a6376d,219WT,,0,0,1589826889076,0,0
plugin_ios_activity_recognition,,0,2,0,99fd867d-73c2-4fa7-a289-16ce83a6376d,219WT,supplement,0,0,1589826949076,0,0
plugin_ios_activity_recognition,,0,2,0,99fd867d-73c2-4fa7-a289-16ce83a6376d,219WT,,0,0,1589826949077,0,0
plugin_ios_activity_recognition,"[""stationary""]",0,2,0,99fd867d-73c2-4fa7-a289-16ce83a6376d,219WT,,0,1,1589826996884,0,0
plugin_ios_activity_recognition,,0,2,0,99fd867d-73c2-4fa7-a289-16ce83a6376d,219WT,,0,0,1589826998167,0,0
plugin_ios_activity_recognition,,0,2,0,99fd867d-73c2-4fa7-a289-16ce83a6376d,219WT,supplement,0,0,1589827009076,0,0
plugin_ios_activity_recognition,,0,2,0,99fd867d-73c2-4fa7-a289-16ce83a6376d,219WT,,0,0,1589827009077,0,0
plugin_ios_activity_recognition,"[""stationary""]",0,2,0,99fd867d-73c2-4fa7-a289-16ce83a6376d,219WT,,0,1,1589827023182,0,0
plugin_ios_activity_recognition,,0,2,0,99fd867d-73c2-4fa7-a289-16ce83a6376d,219WT,,0,0,1589827025427,0,0
plugin_ios_activity_recognition,"[""stationary""]",0,2,0,99fd867d-73c2-4fa7-a289-16ce83a6376d,219WT,,0,1,1589827042112,0,0
plugin_ios_activity_recognition,,0,2,0,99fd867d-73c2-4fa7-a289-16ce83a6376d,219WT,,0,0,1589827053975,0,0
plugin_ios_activity_recognition,"[""stationary""]",0,2,0,99fd867d-73c2-4fa7-a289-16ce83a6376d,219WT,,0,1,1589827059428,0,0
plugin_ios_activity_recognition,"[""stationary""]",0,2,0,99fd867d-73c2-4fa7-a289-16ce83a6376d,219WT,,0,1,1589827069075,0,0
plugin_ios_activity_recognition,,0,2,0,99fd867d-73c2-4fa7-a289-16ce83a6376d,219WT,,0,0,1589827093086,0,0
plugin_ios_activity_recognition,"[""stationary""]",0,2,0,99fd867d-73c2-4fa7-a289-16ce83a6376d,219WT,,0,1,1589827107512,0,0
plugin_ios_activity_recognition,,0,2,0,99fd867d-73c2-4fa7-a289-16ce83a6376d,219WT,,0,0,1589827128672,0,0
plugin_ios_activity_recognition,,0,2,0,99fd867d-73c2-4fa7-a289-16ce83a6376d,219WT,,0,0,1589827129076,0,0
plugin_ios_activity_recognition,"[""walking""]",0,2,0,99fd867d-73c2-4fa7-a289-16ce83a6376d,219WT,,0,0,1589827146622,0,1
plugin_ios_activity_recognition,"[""walking""]",0,2,0,99fd867d-73c2-4fa7-a289-16ce83a6376d,219WT,,0,0,1589827189075,0,1
plugin_ios_activity_recognition,"[""walking""]",0,2,0,99fd867d-73c2-4fa7-a289-16ce83a6376d,219WT,supplement,0,0,1589827249075,0,1
plugin_ios_activity_recognition,"[""walking""]",0,2,0,99fd867d-73c2-4fa7-a289-16ce83a6376d,219WT,,0,0,1589827249170,0,1
plugin_ios_activity_recognition,"[""stationary""]",0,2,0,99fd867d-73c2-4fa7-a289-16ce83a6376d,219WT,,0,1,1589827296947,0,0
plugin_ios_activity_recognition,"[""stationary""]",0,2,0,99fd867d-73c2-4fa7-a289-16ce83a6376d,219WT,,0,1,1589827309074,0,0
plugin_ios_activity_recognition,"[""walking""]",0,2,0,99fd867d-73c2-4fa7-a289-16ce83a6376d,219WT,supplement,0,0,1589827309075,0,1
plugin_ios_activity_recognition,,0,2,0,99fd867d-73c2-4fa7-a289-16ce83a6376d,219WT,,0,0,1589827314874,0,0
plugin_ios_activity_recognition,"[""stationary""]",0,2,0,99fd867d-73c2-4fa7-a289-16ce83a6376d,219WT,,0,1,1589827325772,0,0
plugin_ios_activity_recognition,,0,2,0,99fd867d-73c2-4fa7-a289-16ce83a6376d,219WT,,0,0,1589827328977,0,0
plugin_ios_activity_recognition,"[""walking""]",0,1,0,99fd867d-73c2-4fa7-a289-16ce83a6376d,219WT,,0,0,1589827338918,0,1
plugin_ios_activity_recognition,"[""walking""]",0,2,0,99fd867d-73c2-4fa7-a289-16ce83a6376d,219WT,,0,0,1589827359428,0,1
plugin_ios_activity_recognition,"[""walking""]",0,2,0,99fd867d-73c2-4fa7-a289-16ce83a6376d,219WT,,0,0,1589827369073,0,1
plugin_ios_activity_recognition,"[""walking""]",0,2,0,99fd867d-73c2-4fa7-a289-16ce83a6376d,219WT,,0,0,1589827429072,0,1
plugin_ios_activity_recognition,,0,2,0,99fd867d-73c2-4fa7-a289-16ce83a6376d,219WT,,0,0,1589827441469,0,0
plugin_ios_activity_recognition,,0,2,0,99fd867d-73c2-4fa7-a289-16ce83a6376d,219WT,,0,0,1589827489068,0,0
plugin_ios_activity_recognition,"[""walking""]",0,1,0,99fd867d-73c2-4fa7-a289-16ce83a6376d,219WT,,0,0,1589827500437,0,1
plugin_ios_activity_recognition,"[""walking""]",0,2,0,99fd867d-73c2-4fa7-a289-16ce83a6376d,219WT,,0,0,1589827505564,0,1
plugin_ios_activity_recognition,"[""walking""]",0,2,0,99fd867d-73c2-4fa7-a289-16ce83a6376d,219WT,,0,0,1589827549074,0,1
plugin_ios_activity_recognition,"[""stationary""]",0,2,0,99fd867d-73c2-4fa7-a289-16ce83a6376d,219WT,,0,1,1589827564859,0,0
plugin_ios_activity_recognition,,0,2,0,99fd867d-73c2-4fa7-a289-16ce83a6376d,219WT,,0,0,1589827580883,0,0
plugin_ios_activity_recognition,"[""walking""]",0,1,0,99fd867d-73c2-4fa7-a289-16ce83a6376d,219WT,,0,0,1589827585055,0,1
plugin_ios_activity_recognition,"[""walking""]",0,1,0,99fd867d-73c2-4fa7-a289-16ce83a6376d,219WT,,0,0,1589827609069,0,1
plugin_ios_activity_recognition,"[""walking""]",0,2,0,99fd867d-73c2-4fa7-a289-16ce83a6376d,219WT,,0,0,1589827626640,0,1
plugin_ios_activity_recognition,"[""walking""]",0,2,0,99fd867d-73c2-4fa7-a289-16ce83a6376d,219WT,,0,0,1589827669126,0,1
plugin_ios_activity_recognition,,0,2,0,99fd867d-73c2-4fa7-a289-16ce83a6376d,219WT,,0,0,1589827677181,0,0
plugin_ios_activity_recognition,,0,2,0,99fd867d-73c2-4fa7-a289-16ce83a6376d,219WT,,0,0,1589827729072,0,0
plugin_ios_activity_recognition,"[""stationary""]",0,2,0,99fd867d-73c2-4fa7-a289-16ce83a6376d,219WT,,0,1,1589827762573,0,0
plugin_ios_activity_recognition,,0,2,0,99fd867d-73c2-4fa7-a289-16ce83a6376d,219WT,,0,0,1589827770249,0,0
plugin_ios_activity_recognition,"[""stationary""]",0,2,0,99fd867d-73c2-4fa7-a289-16ce83a6376d,219WT,,0,1,1589827782100,0,0
plugin_ios_activity_recognition,,0,2,0,99fd867d-73c2-4fa7-a289-16ce83a6376d,219WT,,0,0,1589827786906,0,0
plugin_ios_activity_recognition,,0,2,0,99fd867d-73c2-4fa7-a289-16ce83a6376d,219WT,,0,0,1589827789068,0,0
plugin_ios_activity_recognition,"[""stationary""]",0,2,0,99fd867d-73c2-4fa7-a289-16ce83a6376d,219WT,,0,1,1589827834353,0,0
plugin_ios_activity_recognition,,0,2,0,99fd867d-73c2-4fa7-a289-16ce83a6376d,219WT,,0,0,1589827837879,0,0
plugin_ios_activity_recognition,,0,2,0,99fd867d-73c2-4fa7-a289-16ce83a6376d,219WT,,0,0,1589827849068,0,0
plugin_ios_activity_recognition,,0,2,0,99fd867d-73c2-4fa7-a289-16ce83a6376d,219WT,supplement,0,0,1589827909068,0,0
plugin_ios_activity_recognition,,0,2,0,99fd867d-73c2-4fa7-a289-16ce83a6376d,219WT,,0,0,1589827909070,0,0
plugin_ios_activity_recognition,"[""stationary""]",0,2,0,99fd867d-73c2-4fa7-a289-16ce83a6376d,219WT,,0,1,1589827913518,0,0
plugin_ios_activity_recognition,,0,2,0,99fd867d-73c2-4fa7-a289-16ce83a6376d,219WT,,0,0,1589827930832,0,0
plugin_ios_activity_recognition,,0,2,0,99fd867d-73c2-4fa7-a289-16ce83a6376d,219WT,,0,0,1589827969068,0,0
plugin_ios_activity_recognition,"[""stationary""]",0,2,0,99fd867d-73c2-4fa7-a289-16ce83a6376d,219WT,,0,1,1589827976320,0,0
plugin_ios_activity_recognition,,0,2,0,99fd867d-73c2-4fa7-a289-16ce83a6376d,219WT,,0,0,1589827978243,0,0
plugin_ios_activity_recognition,"[""stationary""]",0,2,0,99fd867d-73c2-4fa7-a289-16ce83a6376d,219WT,,0,1,1589828022159,0,0
plugin_ios_activity_recognition,,0,2,0,99fd867d-73c2-4fa7-a289-16ce83a6376d,219WT,,0,0,1589828024082,0,0
plugin_ios_activity_recognition,"[""walking""]",0,1,0,99fd867d-73c2-4fa7-a289-16ce83a6376d,219WT,,0,0,1589828028254,0,1
plugin_ios_activity_recognition,"[""walking""]",0,1,0,99fd867d-73c2-4fa7-a289-16ce83a6376d,219WT,,0,0,1589828029069,0,1
plugin_ios_activity_recognition,"[""walking""]",0,2,0,99fd867d-73c2-4fa7-a289-16ce83a6376d,219WT,,0,0,1589828030816,0,1
plugin_ios_activity_recognition,"[""stationary""]",0,2,0,99fd867d-73c2-4fa7-a289-16ce83a6376d,219WT,,0,1,1589828059982,0,0
plugin_ios_activity_recognition,"[""walking""]",0,2,0,99fd867d-73c2-4fa7-a289-16ce83a6376d,219WT,,0,0,1589828069599,0,1
plugin_ios_activity_recognition,,0,2,0,99fd867d-73c2-4fa7-a289-16ce83a6376d,219WT,,0,0,1589828082102,0,0
plugin_ios_activity_recognition,,0,2,0,99fd867d-73c2-4fa7-a289-16ce83a6376d,219WT,,0,0,1589828089064,0,0
plugin_ios_activity_recognition,"[""walking""]",0,1,0,99fd867d-73c2-4fa7-a289-16ce83a6376d,219WT,,0,0,1589828100056,0,1
plugin_ios_activity_recognition,"[""walking""]",0,2,0,99fd867d-73c2-4fa7-a289-16ce83a6376d,219WT,,0,0,1589828105183,0,1
plugin_ios_activity_recognition,"[""stationary""]",0,2,0,99fd867d-73c2-4fa7-a289-16ce83a6376d,219WT,,0,1,1589828127299,0,0
plugin_ios_activity_recognition,"[""walking""]",0,2,0,99fd867d-73c2-4fa7-a289-16ce83a6376d,219WT,,0,0,1589828129223,0,1
plugin_ios_activity_recognition,"[""walking""]",0,2,0,99fd867d-73c2-4fa7-a289-16ce83a6376d,219WT,,0,0,1589828149065,0,1
plugin_ios_activity_recognition,,0,2,0,99fd867d-73c2-4fa7-a289-16ce83a6376d,219WT,,0,0,1589828156474,0,0
plugin_ios_activity_recognition,"[""stationary""]",0,2,0,99fd867d-73c2-4fa7-a289-16ce83a6376d,219WT,,0,1,1589828203597,0,0
plugin_ios_activity_recognition,"[""stationary""]",0,2,0,99fd867d-73c2-4fa7-a289-16ce83a6376d,219WT,,0,1,1589828209064,0,0
plugin_ios_activity_recognition,,0,2,0,99fd867d-73c2-4fa7-a289-16ce83a6376d,219WT,,0,0,1589828218957,0,0
plugin_ios_activity_recognition,"[""stationary""]",0,2,0,99fd867d-73c2-4fa7-a289-16ce83a6376d,219WT,,0,1,1589828236909,0,0
plugin_ios_activity_recognition,,0,2,0,99fd867d-73c2-4fa7-a289-16ce83a6376d,219WT,,0,0,1589828237230,0,0
plugin_ios_activity_recognition,"[""stationary""]",0,2,0,99fd867d-73c2-4fa7-a289-16ce83a6376d,219WT,,0,1,1589828242679,0,0
plugin_ios_activity_recognition,,0,2,0,99fd867d-73c2-4fa7-a289-16ce83a6376d,219WT,,0,0,1589828243961,0,0
plugin_ios_activity_recognition,"[""stationary""]",0,2,0,99fd867d-73c2-4fa7-a289-16ce83a6376d,219WT,,0,1,1589828261913,0,0
plugin_ios_activity_recognition,,0,2,0,99fd867d-73c2-4fa7-a289-16ce83a6376d,219WT,,0,0,1589828262875,0,0
plugin_ios_activity_recognition,,0,2,0,99fd867d-73c2-4fa7-a289-16ce83a6376d,219WT,,0,0,1589828269067,0,0
plugin_ios_activity_recognition,"[""stationary""]",0,2,0,99fd867d-73c2-4fa7-a289-16ce83a6376d,219WT,,0,1,1589828326651,0,0
plugin_ios_activity_recognition,,0,2,0,99fd867d-73c2-4fa7-a289-16ce83a6376d,219WT,,0,0,1589828328257,0,0
plugin_ios_activity_recognition,,0,2,0,99fd867d-73c2-4fa7-a289-16ce83a6376d,219WT,,0,0,1589828329066,0,0
plugin_ios_activity_recognition,"[""stationary""]",0,2,0,99fd867d-73c2-4fa7-a289-16ce83a6376d,219WT,,0,1,1589828334663,0,0
plugin_ios_activity_recognition,,0,2,0,99fd867d-73c2-4fa7-a289-16ce83a6376d,219WT,,0,0,1589828336906,0,0
plugin_ios_activity_recognition,"[""stationary""]",0,2,0,99fd867d-73c2-4fa7-a289-16ce83a6376d,219WT,,0,1,1589828352289,0,0
plugin_ios_activity_recognition,,0,2,0,99fd867d-73c2-4fa7-a289-16ce83a6376d,219WT,,0,0,1589828352929,0,0
plugin_ios_activity_recognition,"[""stationary""]",0,2,0,99fd867d-73c2-4fa7-a289-16ce83a6376d,219WT,,0,1,1589828362864,0,0
plugin_ios_activity_recognition,,0,2,0,99fd867d-73c2-4fa7-a289-16ce83a6376d,219WT,,0,0,1589828363504,0,0
plugin_ios_activity_recognition,,0,2,0,99fd867d-73c2-4fa7-a289-16ce83a6376d,219WT,,0,0,1589828389063,0,0
plugin_ios_activity_recognition,,0,2,0,99fd867d-73c2-4fa7-a289-16ce83a6376d,219WT,supplement,0,0,1589828449063,0,0
plugin_ios_activity_recognition,,0,2,0,99fd867d-73c2-4fa7-a289-16ce83a6376d,219WT,,0,0,1589828449155,0,0
plugin_ios_activity_recognition,"[""stationary""]",0,2,0,99fd867d-73c2-4fa7-a289-16ce83a6376d,219WT,,0,1,1589828470846,0,0
plugin_ios_activity_recognition,,0,2,0,99fd867d-73c2-4fa7-a289-16ce83a6376d,219WT,,0,0,1589828493600,0,0
plugin_ios_activity_recognition,"[""stationary""]",0,2,0,99fd867d-73c2-4fa7-a289-16ce83a6376d,219WT,,0,1,1589828497126,0,0
plugin_ios_activity_recognition,,0,2,0,99fd867d-73c2-4fa7-a289-16ce83a6376d,219WT,,0,0,1589828502894,0,0
plugin_ios_activity_recognition,"[""stationary""]",0,2,0,99fd867d-73c2-4fa7-a289-16ce83a6376d,219WT,,0,1,1589828507061,0,0
plugin_ios_activity_recognition,"[""stationary""]",0,2,0,99fd867d-73c2-4fa7-a289-16ce83a6376d,219WT,,0,1,1589828509056,0,0
plugin_ios_activity_recognition,,0,2,0,99fd867d-73c2-4fa7-a289-16ce83a6376d,219WT,supplement,0,0,1589828509063,0,0
plugin_ios_activity_recognition,,0,2,0,99fd867d-73c2-4fa7-a289-16ce83a6376d,219WT,,0,0,1589828514752,0,0
plugin_ios_activity_recognition,"[""walking""]",0,1,0,99fd867d-73c2-4fa7-a289-16ce83a6376d,219WT,,0,0,1589828535881,0,1
plugin_ios_activity_recognition,"[""walking""]",0,2,0,99fd867d-73c2-4fa7-a289-16ce83a6376d,219WT,,0,0,1589828548678,0,1
plugin_ios_activity_recognition,"[""walking""]",0,2,0,99fd867d-73c2-4fa7-a289-16ce83a6376d,219WT,,0,0,1589828569061,0,1
plugin_ios_activity_recognition,,0,2,0,99fd867d-73c2-4fa7-a289-16ce83a6376d,219WT,,0,0,1589828599898,0,0
plugin_ios_activity_recognition,,0,2,0,99fd867d-73c2-4fa7-a289-16ce83a6376d,219WT,,0,0,1589828629054,0,0
plugin_ios_activity_recognition,,0,2,0,99fd867d-73c2-4fa7-a289-16ce83a6376d,219WT,supplement,0,0,1589828689054,0,0
plugin_ios_activity_recognition,,0,2,0,99fd867d-73c2-4fa7-a289-16ce83a6376d,219WT,,0,0,1589828689115,0,0
plugin_ios_activity_recognition,,0,2,0,99fd867d-73c2-4fa7-a289-16ce83a6376d,219WT,supplement,0,0,1589828749054,0,0
plugin_ios_activity_recognition,,0,2,0,99fd867d-73c2-4fa7-a289-16ce83a6376d,219WT,,0,0,1589828749060,0,0
plugin_ios_activity_recognition,"[""stationary""]",0,2,0,99fd867d-73c2-4fa7-a289-16ce83a6376d,219WT,,0,1,1589828770588,0,0
plugin_ios_activity_recognition,,0,2,0,99fd867d-73c2-4fa7-a289-16ce83a6376d,219WT,,0,0,1589828774425,0,0
plugin_ios_activity_recognition,,0,2,0,99fd867d-73c2-4fa7-a289-16ce83a6376d,219WT,,0,0,1589828809057,0,0
plugin_ios_activity_recognition,"[""stationary""]",0,2,0,99fd867d-73c2-4fa7-a289-16ce83a6376d,219WT,,0,1,1589828832701,0,0
plugin_ios_activity_recognition,,0,2,0,99fd867d-73c2-4fa7-a289-16ce83a6376d,219WT,,0,0,1589828837179,0,0
plugin_ios_activity_recognition,,0,2,0,99fd867d-73c2-4fa7-a289-16ce83a6376d,219WT,,0,0,1589828869059,0,0
plugin_ios_activity_recognition,,0,2,0,99fd867d-73c2-4fa7-a289-16ce83a6376d,219WT,supplement,0,0,1589828929059,0,0
plugin_ios_activity_recognition,,0,2,0,99fd867d-73c2-4fa7-a289-16ce83a6376d,219WT,,0,0,1589828929073,0,0
plugin_ios_activity_recognition,"[""stationary""]",0,2,0,99fd867d-73c2-4fa7-a289-16ce83a6376d,219WT,,0,1,1589828950601,0,0
plugin_ios_activity_recognition,,0,2,0,99fd867d-73c2-4fa7-a289-16ce83a6376d,219WT,,0,0,1589828951562,0,0
plugin_ios_activity_recognition,,0,2,0,99fd867d-73c2-4fa7-a289-16ce83a6376d,219WT,,0,0,1589828989058,0,0
plugin_ios_activity_recognition,,0,2,0,99fd867d-73c2-4fa7-a289-16ce83a6376d,219WT,supplement,0,0,1589828989059,0,0
plugin_ios_activity_recognition,,0,2,0,99fd867d-73c2-4fa7-a289-16ce83a6376d,219WT,,0,0,1589829049055,0,0
plugin_ios_activity_recognition,"[""stationary""]",0,2,0,99fd867d-73c2-4fa7-a289-16ce83a6376d,219WT,,0,1,1589829058574,0,0
plugin_ios_activity_recognition,,0,2,0,99fd867d-73c2-4fa7-a289-16ce83a6376d,219WT,,0,0,1589829067867,0,0
plugin_ios_activity_recognition,"[""stationary""]",0,2,0,99fd867d-73c2-4fa7-a289-16ce83a6376d,219WT,,0,1,1589829086136,0,0
plugin_ios_activity_recognition,,0,2,0,99fd867d-73c2-4fa7-a289-16ce83a6376d,219WT,,0,0,1589829088694,0,0
plugin_ios_activity_recognition,"[""stationary""]",0,2,0,99fd867d-73c2-4fa7-a289-16ce83a6376d,219WT,,0,1,1589829105956,0,0
plugin_ios_activity_recognition,,0,2,0,99fd867d-73c2-4fa7-a289-16ce83a6376d,219WT,,0,0,1589829106277,0,0
plugin_ios_activity_recognition,,0,2,0,99fd867d-73c2-4fa7-a289-16ce83a6376d,219WT,,0,0,1589829109058,0,0
plugin_ios_activity_recognition,"[""stationary""]",0,2,0,99fd867d-73c2-4fa7-a289-16ce83a6376d,219WT,,0,1,1589829134436,0,0
plugin_ios_activity_recognition,,0,2,0,99fd867d-73c2-4fa7-a289-16ce83a6376d,219WT,,0,0,1589829136355,0,0
plugin_ios_activity_recognition,,0,2,0,99fd867d-73c2-4fa7-a289-16ce83a6376d,219WT,,0,0,1589829169050,0,0
plugin_ios_activity_recognition,,0,2,0,99fd867d-73c2-4fa7-a289-16ce83a6376d,219WT,supplement,0,0,1589829229050,0,0
plugin_ios_activity_recognition,,0,2,0,99fd867d-73c2-4fa7-a289-16ce83a6376d,219WT,,0,0,1589829229056,0,0
plugin_ios_activity_recognition,"[""stationary""]",0,2,0,99fd867d-73c2-4fa7-a289-16ce83a6376d,219WT,,0,1,1589829234990,0,0
plugin_ios_activity_recognition,,0,2,0,99fd867d-73c2-4fa7-a289-16ce83a6376d,219WT,,0,0,1589829241387,0,0
plugin_ios_activity_recognition,,0,2,0,99fd867d-73c2-4fa7-a289-16ce83a6376d,219WT,supplement,0,0,1589829289050,0,0
plugin_ios_activity_recognition,,0,2,0,99fd867d-73c2-4fa7-a289-16ce83a6376d,219WT,,0,0,1589829289054,0,0
plugin_ios_activity_recognition,"[""stationary""]",0,2,0,99fd867d-73c2-4fa7-a289-16ce83a6376d,219WT,,0,1,1589829305160,0,0
plugin_ios_activity_recognition,,0,2,0,99fd867d-73c2-4fa7-a289-16ce83a6376d,219WT,,0,0,1589829306442,0,0
plugin_ios_activity_recognition,"[""stationary""]",0,2,0,99fd867d-73c2-4fa7-a289-16ce83a6376d,219WT,,0,1,1589829311890,0,0
plugin_ios_activity_recognition,,0,2,0,99fd867d-73c2-4fa7-a289-16ce83a6376d,219WT,,0,0,1589829322145,0,0
plugin_ios_activity_recognition,"[""stationary""]",0,2,0,99fd867d-73c2-4fa7-a289-16ce83a6376d,219WT,,0,1,1589829333681,0,0
plugin_ios_activity_recognition,,0,2,0,99fd867d-73c2-4fa7-a289-16ce83a6376d,219WT,,0,0,1589829337206,0,0
plugin_ios_activity_recognition,"[""stationary""]",0,2,0,99fd867d-73c2-4fa7-a289-16ce83a6376d,219WT,,0,1,1589829343935,0,0
plugin_ios_activity_recognition,,0,2,0,99fd867d-73c2-4fa7-a289-16ce83a6376d,219WT,,0,0,1589829346499,0,0
plugin_ios_activity_recognition,,0,2,0,99fd867d-73c2-4fa7-a289-16ce83a6376d,219WT,,0,0,1589829349148,0,0
plugin_ios_activity_recognition,"[""stationary""]",0,2,0,99fd867d-73c2-4fa7-a289-16ce83a6376d,219WT,,0,1,1589829364122,0,0
plugin_ios_activity_recognition,,0,2,0,99fd867d-73c2-4fa7-a289-16ce83a6376d,219WT,,0,0,1589829365724,0,0
plugin_ios_activity_recognition,"[""stationary""]",0,2,0,99fd867d-73c2-4fa7-a289-16ce83a6376d,219WT,,0,1,1589829386232,0,0
plugin_ios_activity_recognition,"[""stationary""]",0,2,0,99fd867d-73c2-4fa7-a289-16ce83a6376d,219WT,,0,1,1589829409053,0,0
plugin_ios_activity_recognition,"[""stationary""]",0,2,0,99fd867d-73c2-4fa7-a289-16ce83a6376d,219WT,,0,1,1589829469048,0,0
plugin_ios_activity_recognition,"[""stationary""]",0,2,0,99fd867d-73c2-4fa7-a289-16ce83a6376d,219WT,supplement,0,1,1589829529048,0,0
plugin_ios_activity_recognition,"[""stationary""]",0,2,0,99fd867d-73c2-4fa7-a289-16ce83a6376d,219WT,,0,1,1589829529051,0,0
plugin_ios_activity_recognition,"[""stationary""]",0,2,0,99fd867d-73c2-4fa7-a289-16ce83a6376d,219WT,supplement,0,1,1589829589048,0,0
plugin_ios_activity_recognition,"[""stationary""]",0,2,0,99fd867d-73c2-4fa7-a289-16ce83a6376d,219WT,supplement,0,1,1589829589051,0,0
plugin_ios_activity_recognition,"[""stationary""]",0,2,0,99fd867d-73c2-4fa7-a289-16ce83a6376d,219WT,,0,1,1589829589136,0,0
plugin_ios_activity_recognition,"[""stationary""]",0,2,0,99fd867d-73c2-4fa7-a289-16ce83a6376d,219WT,,0,1,1589829649050,0,0
plugin_ios_activity_recognition,"[""stationary""]",0,2,0,99fd867d-73c2-4fa7-a289-16ce83a6376d,219WT,supplement,0,1,1589829649051,0,0
plugin_ios_activity_recognition,"[""stationary""]",0,2,0,99fd867d-73c2-4fa7-a289-16ce83a6376d,219WT,,0,1,1589829709049,0,0
plugin_ios_activity_recognition,,0,2,0,99fd867d-73c2-4fa7-a289-16ce83a6376d,219WT,,0,0,1589829730011,0,0
plugin_ios_activity_recognition,"[""walking""]",0,1,0,99fd867d-73c2-4fa7-a289-16ce83a6376d,219WT,,0,0,1589829732569,0,1
plugin_ios_activity_recognition,"[""walking""]",0,2,0,99fd867d-73c2-4fa7-a289-16ce83a6376d,219WT,,0,0,1589829745387,0,1
plugin_ios_activity_recognition,"[""stationary""]",0,2,0,99fd867d-73c2-4fa7-a289-16ce83a6376d,219WT,,0,1,1589829757567,0,0
plugin_ios_activity_recognition,"[""stationary""]",0,2,0,99fd867d-73c2-4fa7-a289-16ce83a6376d,219WT,,0,1,1589829769049,0,0
plugin_ios_activity_recognition,"[""stationary""]",0,2,0,99fd867d-73c2-4fa7-a289-16ce83a6376d,219WT,supplement,0,1,1589829829049,0,0
plugin_ios_activity_recognition,"[""stationary""]",0,2,0,99fd867d-73c2-4fa7-a289-16ce83a6376d,219WT,,0,1,1589829829143,0,0
plugin_ios_activity_recognition,"[""stationary""]",0,2,0,99fd867d-73c2-4fa7-a289-16ce83a6376d,219WT,,0,1,1589829889048,0,0
plugin_ios_activity_recognition,"[""stationary""]",0,2,0,99fd867d-73c2-4fa7-a289-16ce83a6376d,219WT,supplement,0,1,1589829889049,0,0
plugin_ios_activity_recognition,"[""stationary""]",0,2,0,99fd867d-73c2-4fa7-a289-16ce83a6376d,219WT,,0,1,1589829949047,0,0
plugin_ios_activity_recognition,"[""stationary""]",0,2,0,99fd867d-73c2-4fa7-a289-16ce83a6376d,219WT,,0,1,1589830009045,0,0
plugin_ios_activity_recognition,"[""stationary""]",0,2,0,99fd867d-73c2-4fa7-a289-16ce83a6376d,219WT,supplement,0,1,1589830069045,0,0
plugin_ios_activity_recognition,"[""stationary""]",0,2,0,99fd867d-73c2-4fa7-a289-16ce83a6376d,219WT,,0,1,1589830069048,0,0
plugin_ios_activity_recognition,,0,2,0,99fd867d-73c2-4fa7-a289-16ce83a6376d,219WT,,0,0,1589830069958,0,0
plugin_ios_activity_recognition,"[""walking""]",0,1,0,99fd867d-73c2-4fa7-a289-16ce83a6376d,219WT,,0,0,1589830073483,0,1
plugin_ios_activity_recognition,"[""walking""]",0,2,0,99fd867d-73c2-4fa7-a289-16ce83a6376d,219WT,,0,0,1589830083730,0,1
plugin_ios_activity_recognition,,0,2,0,99fd867d-73c2-4fa7-a289-16ce83a6376d,219WT,,0,0,1589830107401,0,0
plugin_ios_activity_recognition,,0,2,0,99fd867d-73c2-4fa7-a289-16ce83a6376d,219WT,,0,0,1589830129041,0,0
plugin_ios_activity_recognition,"[""stationary""]",0,2,0,99fd867d-73c2-4fa7-a289-16ce83a6376d,219WT,supplement,0,1,1589830129045,0,0
plugin_ios_activity_recognition,"[""stationary""]",0,2,0,99fd867d-73c2-4fa7-a289-16ce83a6376d,219WT,,0,1,1589830144171,0,0
plugin_ios_activity_recognition,"[""stationary""]",0,2,0,99fd867d-73c2-4fa7-a289-16ce83a6376d,219WT,,0,1,1589830189044,0,0
plugin_ios_activity_recognition,,0,2,0,99fd867d-73c2-4fa7-a289-16ce83a6376d,219WT,,0,0,1589830227758,0,0
plugin_ios_activity_recognition,"[""stationary""]",0,2,0,99fd867d-73c2-4fa7-a289-16ce83a6376d,219WT,,0,1,1589830240892,0,0
plugin_ios_activity_recognition,"[""stationary""]",0,2,0,99fd867d-73c2-4fa7-a289-16ce83a6376d,219WT,,0,1,1589830249042,0,0
plugin_ios_activity_recognition,,0,2,0,99fd867d-73c2-4fa7-a289-16ce83a6376d,219WT,,0,0,1589830256269,0,0
plugin_ios_activity_recognition,"[""walking""]",0,1,0,99fd867d-73c2-4fa7-a289-16ce83a6376d,219WT,,0,0,1589830263022,0,1
plugin_ios_activity_recognition,"[""walking""]",0,2,0,99fd867d-73c2-4fa7-a289-16ce83a6376d,219WT,,0,0,1589830276471,0,1
plugin_ios_activity_recognition,"[""walking""]",0,2,0,99fd867d-73c2-4fa7-a289-16ce83a6376d,219WT,,0,0,1589830309134,0,1
plugin_ios_activity_recognition,,0,2,0,99fd867d-73c2-4fa7-a289-16ce83a6376d,219WT,,0,0,1589830342435,0,0
plugin_ios_activity_recognition,,0,2,0,99fd867d-73c2-4fa7-a289-16ce83a6376d,219WT,,0,0,1589830369038,0,0
plugin_ios_activity_recognition,,0,2,0,99fd867d-73c2-4fa7-a289-16ce83a6376d,219WT,supplement,0,0,1589830429038,0,0
plugin_ios_activity_recognition,,0,2,0,99fd867d-73c2-4fa7-a289-16ce83a6376d,219WT,,0,0,1589830429041,0,0
plugin_ios_activity_recognition,,0,2,0,99fd867d-73c2-4fa7-a289-16ce83a6376d,219WT,,0,0,1589830489038,0,0
plugin_ios_activity_recognition,,0,2,0,99fd867d-73c2-4fa7-a289-16ce83a6376d,219WT,,0,0,1589830549038,0,0
plugin_ios_activity_recognition,"[""stationary""]",0,2,0,99fd867d-73c2-4fa7-a289-16ce83a6376d,219WT,,0,1,1589830561937,0,0
plugin_ios_activity_recognition,,0,2,0,99fd867d-73c2-4fa7-a289-16ce83a6376d,219WT,,0,0,1589830572832,0,0
plugin_ios_activity_recognition,"[""stationary""]",0,2,0,99fd867d-73c2-4fa7-a289-16ce83a6376d,219WT,,0,1,1589830587893,0,0
plugin_ios_activity_recognition,,0,2,0,99fd867d-73c2-4fa7-a289-16ce83a6376d,219WT,,0,0,1589830593664,0,0
plugin_ios_activity_recognition,"[""stationary""]",0,2,0,99fd867d-73c2-4fa7-a289-16ce83a6376d,219WT,,0,1,1589830599108,0,0
plugin_ios_activity_recognition,,0,2,0,99fd867d-73c2-4fa7-a289-16ce83a6376d,219WT,,0,0,1589830603594,0,0
plugin_ios_activity_recognition,,0,2,0,99fd867d-73c2-4fa7-a289-16ce83a6376d,219WT,,0,0,1589830609038,0,0
plugin_ios_activity_recognition,,0,2,0,99fd867d-73c2-4fa7-a289-16ce83a6376d,219WT,,0,0,1589830669035,0,0
plugin_ios_activity_recognition,,0,2,0,99fd867d-73c2-4fa7-a289-16ce83a6376d,219WT,supplement,0,0,1589830729035,0,0
plugin_ios_activity_recognition,,0,2,0,99fd867d-73c2-4fa7-a289-16ce83a6376d,219WT,,0,0,1589830729040,0,0
plugin_ios_activity_recognition,"[""walking""]",0,1,0,99fd867d-73c2-4fa7-a289-16ce83a6376d,219WT,,0,0,1589830739816,0,1
plugin_ios_activity_recognition,"[""walking""]",0,2,0,99fd867d-73c2-4fa7-a289-16ce83a6376d,219WT,,0,0,1589830742378,0,1
plugin_ios_activity_recognition,"[""stationary""]",0,2,0,99fd867d-73c2-4fa7-a289-16ce83a6376d,219WT,,0,1,1589830768947,0,0
plugin_ios_activity_recognition,"[""stationary""]",0,2,0,99fd867d-73c2-4fa7-a289-16ce83a6376d,219WT,,0,1,1589830789034,0,0
plugin_ios_activity_recognition,,0,2,0,99fd867d-73c2-4fa7-a289-16ce83a6376d,219WT,supplement,0,0,1589830789035,0,0
plugin_ios_activity_recognition,,0,2,0,99fd867d-73c2-4fa7-a289-16ce83a6376d,219WT,,0,0,1589830842320,0,0
plugin_ios_activity_recognition,,0,2,0,99fd867d-73c2-4fa7-a289-16ce83a6376d,219WT,,0,0,1589830849039,0,0
plugin_ios_activity_recognition,"[""walking""]",0,1,0,99fd867d-73c2-4fa7-a289-16ce83a6376d,219WT,,0,0,1589830849998,0,1
plugin_ios_activity_recognition,"[""walking""]",0,2,0,99fd867d-73c2-4fa7-a289-16ce83a6376d,219WT,,0,0,1589830855124,0,1
plugin_ios_activity_recognition,"[""stationary""]",0,2,0,99fd867d-73c2-4fa7-a289-16ce83a6376d,219WT,,0,1,1589830864090,0,0
plugin_ios_activity_recognition,"[""walking""]",0,2,0,99fd867d-73c2-4fa7-a289-16ce83a6376d,219WT,,0,0,1589830871458,0,1
plugin_ios_activity_recognition,"[""walking""]",0,2,0,99fd867d-73c2-4fa7-a289-16ce83a6376d,219WT,,0,0,1589830909112,0,1
plugin_ios_activity_recognition,,0,2,0,99fd867d-73c2-4fa7-a289-16ce83a6376d,219WT,,0,0,1589830952480,0,0
plugin_ios_activity_recognition,"[""walking""]",0,2,0,99fd867d-73c2-4fa7-a289-16ce83a6376d,219WT,,0,0,1589830965279,0,1
plugin_ios_activity_recognition,"[""walking""]",0,2,0,99fd867d-73c2-4fa7-a289-16ce83a6376d,219WT,,0,0,1589830969033,0,1
plugin_ios_activity_recognition,,0,2,0,99fd867d-73c2-4fa7-a289-16ce83a6376d,219WT,,0,0,1589831019091,0,0
plugin_ios_activity_recognition,,0,2,0,99fd867d-73c2-4fa7-a289-16ce83a6376d,219WT,,0,0,1589831029034,0,0
plugin_ios_activity_recognition,"[""walking""]",0,2,0,99fd867d-73c2-4fa7-a289-16ce83a6376d,219WT,,0,0,1589831054967,0,1
plugin_ios_activity_recognition,"[""stationary""]",0,2,0,99fd867d-73c2-4fa7-a289-16ce83a6376d,219WT,,0,1,1589831064872,0,0
plugin_ios_activity_recognition,"[""stationary""]",0,2,0,99fd867d-73c2-4fa7-a289-16ce83a6376d,219WT,,0,1,1589831089034,0,0
plugin_ios_activity_recognition,,0,2,0,99fd867d-73c2-4fa7-a289-16ce83a6376d,219WT,,0,0,1589831136950,0,0
plugin_ios_activity_recognition,"[""walking""]",0,1,0,99fd867d-73c2-4fa7-a289-16ce83a6376d,219WT,,0,0,1589831147215,0,1
plugin_ios_activity_recognition,"[""walking""]",0,1,0,99fd867d-73c2-4fa7-a289-16ce83a6376d,219WT,,0,0,1589831149151,0,1
plugin_ios_activity_recognition,"[""walking""]",0,2,0,99fd867d-73c2-4fa7-a289-16ce83a6376d,219WT,,0,0,1589831188214,0,1
plugin_ios_activity_recognition,"[""walking""]",0,2,0,99fd867d-73c2-4fa7-a289-16ce83a6376d,219WT,,0,0,1589831209032,0,1
plugin_ios_activity_recognition,,0,2,0,99fd867d-73c2-4fa7-a289-16ce83a6376d,219WT,,0,0,1589831254747,0,0
plugin_ios_activity_recognition,,0,2,0,99fd867d-73c2-4fa7-a289-16ce83a6376d,219WT,,0,0,1589831269030,0,0
plugin_ios_activity_recognition,"[""walking""]",0,1,0,99fd867d-73c2-4fa7-a289-16ce83a6376d,219WT,,0,0,1589831293187,0,1
plugin_ios_activity_recognition,"[""walking""]",0,2,0,99fd867d-73c2-4fa7-a289-16ce83a6376d,219WT,,0,0,1589831296386,0,1
plugin_ios_activity_recognition,"[""stationary""]",0,2,0,99fd867d-73c2-4fa7-a289-16ce83a6376d,219WT,,0,1,1589831328098,0,0
plugin_ios_activity_recognition,"[""stationary""]",0,2,0,99fd867d-73c2-4fa7-a289-16ce83a6376d,219WT,,0,1,1589831329030,0,0
plugin_ios_activity_recognition,"[""walking""]",0,2,0,99fd867d-73c2-4fa7-a289-16ce83a6376d,219WT,,0,0,1589831329063,0,1
plugin_ios_activity_recognition,,0,2,0,99fd867d-73c2-4fa7-a289-16ce83a6376d,219WT,,0,0,1589831347004,0,0
plugin_ios_activity_recognition,"[""walking""]",0,1,0,99fd867d-73c2-4fa7-a289-16ce83a6376d,219WT,,0,0,1589831352130,0,1
plugin_ios_activity_recognition,"[""walking""]",0,2,0,99fd867d-73c2-4fa7-a289-16ce83a6376d,219WT,,0,0,1589831357255,0,1
plugin_ios_activity_recognition,,0,2,0,99fd867d-73c2-4fa7-a289-16ce83a6376d,219WT,,0,0,1589831372632,0,0
plugin_ios_activity_recognition,,0,2,0,99fd867d-73c2-4fa7-a289-16ce83a6376d,219WT,,0,0,1589831389029,0,0
plugin_ios_activity_recognition,"[""walking""]",0,1,0,99fd867d-73c2-4fa7-a289-16ce83a6376d,219WT,,0,0,1589831446950,0,1
plugin_ios_activity_recognition,"[""walking""]",0,1,0,99fd867d-73c2-4fa7-a289-16ce83a6376d,219WT,,0,0,1589831449028,0,1
plugin_ios_activity_recognition,"[""walking""]",0,2,0,99fd867d-73c2-4fa7-a289-16ce83a6376d,219WT,,0,0,1589831450149,0,1
plugin_ios_activity_recognition,"[""walking""]",0,2,0,99fd867d-73c2-4fa7-a289-16ce83a6376d,219WT,,0,0,1589831509027,0,1
plugin_ios_activity_recognition,"[""stationary""]",0,2,0,99fd867d-73c2-4fa7-a289-16ce83a6376d,219WT,,0,1,1589831532469,0,0
plugin_ios_activity_recognition,"[""walking""]",0,2,0,99fd867d-73c2-4fa7-a289-16ce83a6376d,219WT,,0,0,1589831548485,0,1
plugin_ios_activity_recognition,"[""walking""]",0,2,0,99fd867d-73c2-4fa7-a289-16ce83a6376d,219WT,,0,0,1589831569027,0,1
plugin_ios_activity_recognition,,0,2,0,99fd867d-73c2-4fa7-a289-16ce83a6376d,219WT,,0,0,1589831621188,0,0
plugin_ios_activity_recognition,,0,2,0,99fd867d-73c2-4fa7-a289-16ce83a6376d,219WT,,0,0,1589831629025,0,0
plugin_ios_activity_recognition,"[""walking""]",0,1,0,99fd867d-73c2-4fa7-a289-16ce83a6376d,219WT,,0,0,1589831662188,0,1
plugin_ios_activity_recognition,"[""walking""]",0,2,0,99fd867d-73c2-4fa7-a289-16ce83a6376d,219WT,,0,0,1589831682670,0,1
plugin_ios_activity_recognition,"[""walking""]",0,2,0,99fd867d-73c2-4fa7-a289-16ce83a6376d,219WT,,0,0,1589831689051,0,1
plugin_ios_activity_recognition,,0,2,0,99fd867d-73c2-4fa7-a289-16ce83a6376d,219WT,,0,0,1589831718542,0,0
plugin_ios_activity_recognition,,0,2,0,99fd867d-73c2-4fa7-a289-16ce83a6376d,219WT,,0,0,1589831749055,0,0
plugin_ios_activity_recognition,,0,2,0,99fd867d-73c2-4fa7-a289-16ce83a6376d,219WT,,0,0,1589831809053,0,0
plugin_ios_activity_recognition,,0,2,0,99fd867d-73c2-4fa7-a289-16ce83a6376d,219WT,supplement,0,0,1589831869053,0,0
plugin_ios_activity_recognition,,0,2,0,99fd867d-73c2-4fa7-a289-16ce83a6376d,219WT,,0,0,1589831869055,0,0
plugin_ios_activity_recognition,,0,2,0,99fd867d-73c2-4fa7-a289-16ce83a6376d,219WT,,0,0,1589831929053,0,0
plugin_ios_activity_recognition,,0,2,0,99fd867d-73c2-4fa7-a289-16ce83a6376d,219WT,,0,0,1589831989049,0,0
plugin_ios_activity_recognition,"[""walking""]",0,2,0,99fd867d-73c2-4fa7-a289-16ce83a6376d,219WT,,0,0,1589832026060,0,1
plugin_ios_activity_recognition,"[""walking""]",0,2,0,99fd867d-73c2-4fa7-a289-16ce83a6376d,219WT,,0,0,1589832049051,0,1
plugin_ios_activity_recognition,"[""walking""]",0,2,0,99fd867d-73c2-4fa7-a289-16ce83a6376d,219WT,,0,0,1589832109050,0,1
plugin_ios_activity_recognition,"[""automotive""]",1,2,0,99fd867d-73c2-4fa7-a289-16ce83a6376d,219WT,,0,0,1589832133707,0,0
plugin_ios_activity_recognition,"[""automotive""]",1,2,0,99fd867d-73c2-4fa7-a289-16ce83a6376d,219WT,,0,0,1589832169051,0,0
plugin_ios_activity_recognition,"[""automotive""]",1,2,0,99fd867d-73c2-4fa7-a289-16ce83a6376d,219WT,,0,0,1589832175690,0,0
plugin_ios_activity_recognition,"[""automotive""]",1,2,0,99fd867d-73c2-4fa7-a289-16ce83a6376d,219WT,,0,0,1589832229051,0,0
plugin_ios_activity_recognition,"[""automotive""]",1,2,0,99fd867d-73c2-4fa7-a289-16ce83a6376d,219WT,,0,0,1589832238741,0,0
plugin_ios_activity_recognition,"[""automotive""]",1,1,0,99fd867d-73c2-4fa7-a289-16ce83a6376d,219WT,,0,0,1589832246420,0,0
plugin_ios_activity_recognition,,0,2,0,99fd867d-73c2-4fa7-a289-16ce83a6376d,219WT,,0,0,1589832254113,0,0
plugin_ios_activity_recognition,"[""walking""]",0,1,0,99fd867d-73c2-4fa7-a289-16ce83a6376d,219WT,,0,0,1589832256677,0,1
plugin_ios_activity_recognition,"[""walking""]",0,2,0,99fd867d-73c2-4fa7-a289-16ce83a6376d,219WT,,0,0,1589832264370,0,1
plugin_ios_activity_recognition,"[""walking""]",0,2,0,99fd867d-73c2-4fa7-a289-16ce83a6376d,219WT,,0,0,1589832289066,0,1
plugin_ios_activity_recognition,,0,2,0,99fd867d-73c2-4fa7-a289-16ce83a6376d,219WT,,0,0,1589832338742,0,0
plugin_ios_activity_recognition,,0,2,0,99fd867d-73c2-4fa7-a289-16ce83a6376d,219WT,,0,0,1589832349048,0,0
plugin_ios_activity_recognition,"[""stationary""]",0,2,0,99fd867d-73c2-4fa7-a289-16ce83a6376d,219WT,,0,1,1589832366295,0,0
plugin_ios_activity_recognition,,0,2,0,99fd867d-73c2-4fa7-a289-16ce83a6376d,219WT,,0,0,1589832366938,0,0
plugin_ios_activity_recognition,"[""stationary""]",0,2,0,99fd867d-73c2-4fa7-a289-16ce83a6376d,219WT,,0,1,1589832394443,0,0
plugin_ios_activity_recognition,,0,2,0,99fd867d-73c2-4fa7-a289-16ce83a6376d,219WT,,0,0,1589832397646,0,0
plugin_ios_activity_recognition,"[""stationary""]",0,2,0,99fd867d-73c2-4fa7-a289-16ce83a6376d,219WT,,0,1,1589832406917,0,0
plugin_ios_activity_recognition,,0,2,0,99fd867d-73c2-4fa7-a289-16ce83a6376d,219WT,,0,0,1589832408836,0,0
plugin_ios_activity_recognition,,0,2,0,99fd867d-73c2-4fa7-a289-16ce83a6376d,219WT,,0,0,1589832409053,0,0
plugin_ios_activity_recognition,,0,2,0,99fd867d-73c2-4fa7-a289-16ce83a6376d,219WT,,0,0,1589832469047,0,0
plugin_ios_activity_recognition,,0,2,0,99fd867d-73c2-4fa7-a289-16ce83a6376d,219WT,supplement,0,0,1589832529047,0,0
plugin_ios_activity_recognition,,0,2,0,99fd867d-73c2-4fa7-a289-16ce83a6376d,219WT,,0,0,1589832529048,0,0
plugin_ios_activity_recognition,,0,2,0,99fd867d-73c2-4fa7-a289-16ce83a6376d,219WT,,0,0,1589832589047,0,0
plugin_ios_activity_recognition,"[""walking""]",0,1,0,99fd867d-73c2-4fa7-a289-16ce83a6376d,219WT,,0,0,1589832620314,0,1
plugin_ios_activity_recognition,"[""walking""]",0,2,0,99fd867d-73c2-4fa7-a289-16ce83a6376d,219WT,,0,0,1589832622870,0,1
plugin_ios_activity_recognition,"[""walking""]",0,2,0,99fd867d-73c2-4fa7-a289-16ce83a6376d,219WT,,0,0,1589832649048,0,1
plugin_ios_activity_recognition,"[""walking""]",0,2,0,99fd867d-73c2-4fa7-a289-16ce83a6376d,219WT,,0,0,1589832709048,0,1
plugin_ios_activity_recognition,"[""walking""]",0,2,0,99fd867d-73c2-4fa7-a289-16ce83a6376d,219WT,supplement,0,0,1589832769048,0,1
plugin_ios_activity_recognition,"[""walking""]",0,2,0,99fd867d-73c2-4fa7-a289-16ce83a6376d,219WT,,0,0,1589832769049,0,1
plugin_ios_activity_recognition,"[""walking""]",0,2,0,99fd867d-73c2-4fa7-a289-16ce83a6376d,219WT,,0,0,1589832829048,0,1
plugin_ios_activity_recognition,"[""walking""]",0,2,0,99fd867d-73c2-4fa7-a289-16ce83a6376d,219WT,supplement,0,0,1589832889048,0,1
plugin_ios_activity_recognition,"[""walking""]",0,2,0,99fd867d-73c2-4fa7-a289-16ce83a6376d,219WT,,0,0,1589832889055,0,1
plugin_ios_activity_recognition,"[""walking""]",0,2,0,99fd867d-73c2-4fa7-a289-16ce83a6376d,219WT,,0,0,1589832949048,0,1
plugin_ios_activity_recognition,"[""walking""]",0,2,0,99fd867d-73c2-4fa7-a289-16ce83a6376d,219WT,,0,0,1589833009047,0,1
plugin_ios_activity_recognition,"[""walking""]",0,2,0,99fd867d-73c2-4fa7-a289-16ce83a6376d,219WT,supplement,0,0,1589833069047,0,1
plugin_ios_activity_recognition,"[""walking""]",0,2,0,99fd867d-73c2-4fa7-a289-16ce83a6376d,219WT,,0,0,1589833069145,0,1
plugin_ios_activity_recognition,"[""walking""]",0,2,0,99fd867d-73c2-4fa7-a289-16ce83a6376d,219WT,,0,0,1589833129046,0,1
plugin_ios_activity_recognition,"[""walking""]",0,2,0,99fd867d-73c2-4fa7-a289-16ce83a6376d,219WT,supplement,0,0,1589833129047,0,1
plugin_ios_activity_recognition,"[""walking""]",0,2,0,99fd867d-73c2-4fa7-a289-16ce83a6376d,219WT,supplement,0,0,1589833189046,0,1
plugin_ios_activity_recognition,"[""walking""]",0,2,0,99fd867d-73c2-4fa7-a289-16ce83a6376d,219WT,supplement,0,0,1589833249046,0,1
plugin_ios_activity_recognition,"[""walking""]",0,2,0,99fd867d-73c2-4fa7-a289-16ce83a6376d,219WT,,0,0,1589833249047,0,1
plugin_ios_activity_recognition,,0,2,0,99fd867d-73c2-4fa7-a289-16ce83a6376d,219WT,,0,0,1589833276371,0,0
plugin_ios_activity_recognition,"[""walking""]",0,1,0,99fd867d-73c2-4fa7-a289-16ce83a6376d,219WT,,0,0,1589833278934,0,1
plugin_ios_activity_recognition,"[""walking""]",0,2,0,99fd867d-73c2-4fa7-a289-16ce83a6376d,219WT,,0,0,1589833286616,0,1
plugin_ios_activity_recognition,"[""walking""]",0,2,0,99fd867d-73c2-4fa7-a289-16ce83a6376d,219WT,supplement,0,0,1589833309046,0,1
plugin_ios_activity_recognition,"[""walking""]",0,2,0,99fd867d-73c2-4fa7-a289-16ce83a6376d,219WT,,0,0,1589833309155,0,1
plugin_ios_activity_recognition,"[""walking""]",0,2,0,99fd867d-73c2-4fa7-a289-16ce83a6376d,219WT,,0,0,1589833369046,0,1
plugin_ios_activity_recognition,"[""walking""]",0,2,0,99fd867d-73c2-4fa7-a289-16ce83a6376d,219WT,supplement,0,0,1589833429046,0,1
plugin_ios_activity_recognition,"[""walking""]",0,2,0,99fd867d-73c2-4fa7-a289-16ce83a6376d,219WT,,0,0,1589833429048,0,1
plugin_ios_activity_recognition,,0,2,0,99fd867d-73c2-4fa7-a289-16ce83a6376d,219WT,,0,0,1589833460885,0,0
plugin_ios_activity_recognition,"[""walking""]",0,2,0,99fd867d-73c2-4fa7-a289-16ce83a6376d,219WT,supplement,0,0,1589833489046,0,1
plugin_ios_activity_recognition,,0,2,0,99fd867d-73c2-4fa7-a289-16ce83a6376d,219WT,,0,0,1589833489048,0,0
plugin_ios_activity_recognition,"[""walking""]",0,1,0,99fd867d-73c2-4fa7-a289-16ce83a6376d,219WT,,0,0,1589833530064,0,1
plugin_ios_activity_recognition,"[""walking""]",0,2,0,99fd867d-73c2-4fa7-a289-16ce83a6376d,219WT,,0,0,1589833532625,0,1
plugin_ios_activity_recognition,"[""walking""]",0,2,0,99fd867d-73c2-4fa7-a289-16ce83a6376d,219WT,,0,0,1589833544021,0,1
plugin_ios_activity_recognition,"[""walking""]",0,2,0,99fd867d-73c2-4fa7-a289-16ce83a6376d,219WT,supplement,0,0,1589833604021,0,1
plugin_ios_activity_recognition,"[""walking""]",0,2,0,99fd867d-73c2-4fa7-a289-16ce83a6376d,219WT,,0,0,1589833604025,0,1
plugin_ios_activity_recognition,,0,2,0,99fd867d-73c2-4fa7-a289-16ce83a6376d,219WT,,0,0,1589833611120,0,0
plugin_ios_activity_recognition,"[""automotive""]",1,2,0,99fd867d-73c2-4fa7-a289-16ce83a6376d,219WT,,0,0,1589833614647,0,0
plugin_ios_activity_recognition,"[""walking""]",0,2,0,99fd867d-73c2-4fa7-a289-16ce83a6376d,219WT,supplement,0,0,1589833664021,0,1
plugin_ios_activity_recognition,"[""automotive""]",1,2,0,99fd867d-73c2-4fa7-a289-16ce83a6376d,219WT,,0,0,1589833664028,0,0
plugin_ios_activity_recognition,"[""stationary"",""automotive""]",1,2,0,99fd867d-73c2-4fa7-a289-16ce83a6376d,219WT,,0,1,1589833675793,0,0
plugin_ios_activity_recognition,"[""automotive""]",1,2,0,99fd867d-73c2-4fa7-a289-16ce83a6376d,219WT,,0,0,1589833679317,0,0
plugin_ios_activity_recognition,"[""automotive""]",1,2,0,99fd867d-73c2-4fa7-a289-16ce83a6376d,219WT,,0,0,1589833724028,0,0
plugin_ios_activity_recognition,"[""automotive""]",1,2,0,99fd867d-73c2-4fa7-a289-16ce83a6376d,219WT,supplement,0,0,1589833784028,0,0
plugin_ios_activity_recognition,"[""automotive""]",1,2,0,99fd867d-73c2-4fa7-a289-16ce83a6376d,219WT,,0,0,1589833784114,0,0
plugin_ios_activity_recognition,"[""automotive""]",1,2,0,99fd867d-73c2-4fa7-a289-16ce83a6376d,219WT,,0,0,1589833844025,0,0
plugin_ios_activity_recognition,"[""automotive""]",1,2,0,99fd867d-73c2-4fa7-a289-16ce83a6376d,219WT,supplement,0,0,1589833844028,0,0
plugin_ios_activity_recognition,"[""automotive""]",1,2,0,99fd867d-73c2-4fa7-a289-16ce83a6376d,219WT,supplement,0,0,1589833904025,0,0
plugin_ios_activity_recognition,"[""automotive""]",1,2,0,99fd867d-73c2-4fa7-a289-16ce83a6376d,219WT,,0,0,1589833904027,0,0
plugin_ios_activity_recognition,"[""automotive""]",1,2,0,99fd867d-73c2-4fa7-a289-16ce83a6376d,219WT,supplement,0,0,1589833964025,0,0
plugin_ios_activity_recognition,"[""automotive""]",1,2,0,99fd867d-73c2-4fa7-a289-16ce83a6376d,219WT,,0,0,1589833964027,0,0
plugin_ios_activity_recognition,"[""automotive""]",1,2,0,99fd867d-73c2-4fa7-a289-16ce83a6376d,219WT,supplement,0,0,1589834024027,0,0
plugin_ios_activity_recognition,"[""automotive""]",1,2,0,99fd867d-73c2-4fa7-a289-16ce83a6376d,219WT,,0,0,1589834024046,0,0
plugin_ios_activity_recognition,"[""automotive""]",1,2,0,99fd867d-73c2-4fa7-a289-16ce83a6376d,219WT,,0,0,1589834084025,0,0
plugin_ios_activity_recognition,"[""automotive""]",1,2,0,99fd867d-73c2-4fa7-a289-16ce83a6376d,219WT,supplement,0,0,1589834084027,0,0
plugin_ios_activity_recognition,"[""automotive""]",1,2,0,99fd867d-73c2-4fa7-a289-16ce83a6376d,219WT,,0,0,1589834122014,0,0
plugin_ios_activity_recognition,"[""automotive""]",1,2,0,99fd867d-73c2-4fa7-a289-16ce83a6376d,219WT,,0,0,1589834144025,0,0
plugin_ios_activity_recognition,"[""automotive""]",1,2,0,99fd867d-73c2-4fa7-a289-16ce83a6376d,219WT,,0,0,1589834157886,0,0
plugin_ios_activity_recognition,"[""automotive""]",1,2,0,99fd867d-73c2-4fa7-a289-16ce83a6376d,219WT,,0,0,1589834170697,0,0
plugin_ios_activity_recognition,"[""automotive""]",1,2,0,99fd867d-73c2-4fa7-a289-16ce83a6376d,219WT,,0,0,1589834193759,0,0
plugin_ios_activity_recognition,"[""automotive""]",1,2,0,99fd867d-73c2-4fa7-a289-16ce83a6376d,219WT,,0,0,1589834204026,0,0
plugin_ios_activity_recognition,"[""stationary"",""automotive""]",1,2,0,99fd867d-73c2-4fa7-a289-16ce83a6376d,219WT,,0,1,1589834232199,0,0
plugin_ios_activity_recognition,"[""automotive""]",1,2,0,99fd867d-73c2-4fa7-a289-16ce83a6376d,219WT,,0,0,1589834234439,0,0
plugin_ios_activity_recognition,"[""stationary"",""automotive""]",1,2,0,99fd867d-73c2-4fa7-a289-16ce83a6376d,219WT,,0,1,1589834239244,0,0
plugin_ios_activity_recognition,"[""automotive""]",1,2,0,99fd867d-73c2-4fa7-a289-16ce83a6376d,219WT,,0,0,1589834241808,0,0
plugin_ios_activity_recognition,"[""automotive""]",1,2,0,99fd867d-73c2-4fa7-a289-16ce83a6376d,219WT,,0,0,1589834264045,0,0
plugin_ios_activity_recognition,"[""automotive""]",1,2,0,99fd867d-73c2-4fa7-a289-16ce83a6376d,219WT,,0,0,1589834280869,0,0
plugin_ios_activity_recognition,"[""automotive""]",1,2,0,99fd867d-73c2-4fa7-a289-16ce83a6376d,219WT,,0,0,1589834303932,0,0
plugin_ios_activity_recognition,"[""automotive""]",1,2,0,99fd867d-73c2-4fa7-a289-16ce83a6376d,219WT,,0,0,1589834324022,0,0
plugin_ios_activity_recognition,"[""automotive""]",1,2,0,99fd867d-73c2-4fa7-a289-16ce83a6376d,219WT,supplement,0,0,1589834384022,0,0
plugin_ios_activity_recognition,"[""automotive""]",1,2,0,99fd867d-73c2-4fa7-a289-16ce83a6376d,219WT,,0,0,1589834384026,0,0
plugin_ios_activity_recognition,"[""automotive""]",1,2,0,99fd867d-73c2-4fa7-a289-16ce83a6376d,219WT,,0,0,1589834384321,0,0
plugin_ios_activity_recognition,"[""automotive""]",1,2,0,99fd867d-73c2-4fa7-a289-16ce83a6376d,219WT,,0,0,1589834414111,0,0
plugin_ios_activity_recognition,"[""automotive""]",1,2,0,99fd867d-73c2-4fa7-a289-16ce83a6376d,219WT,supplement,0,0,1589834444022,0,0
plugin_ios_activity_recognition,"[""automotive""]",1,2,0,99fd867d-73c2-4fa7-a289-16ce83a6376d,219WT,,0,0,1589834444025,0,0
plugin_ios_activity_recognition,"[""automotive""]",1,2,0,99fd867d-73c2-4fa7-a289-16ce83a6376d,219WT,supplement,0,0,1589834504025,0,0
plugin_ios_activity_recognition,"[""automotive""]",1,2,0,99fd867d-73c2-4fa7-a289-16ce83a6376d,219WT,,0,0,1589834504044,0,0
plugin_ios_activity_recognition,"[""automotive""]",1,2,0,99fd867d-73c2-4fa7-a289-16ce83a6376d,219WT,,0,0,1589834564025,0,0
plugin_ios_activity_recognition,"[""automotive""]",1,2,0,99fd867d-73c2-4fa7-a289-16ce83a6376d,219WT,,0,0,1589834580665,0,0
plugin_ios_activity_recognition,"[""automotive""]",1,2,0,99fd867d-73c2-4fa7-a289-16ce83a6376d,219WT,,0,0,1589834615575,0,0
plugin_ios_activity_recognition,"[""automotive""]",1,2,0,99fd867d-73c2-4fa7-a289-16ce83a6376d,219WT,,0,0,1589834624025,0,0
plugin_ios_activity_recognition,"[""stationary"",""automotive""]",1,2,0,99fd867d-73c2-4fa7-a289-16ce83a6376d,219WT,,0,1,1589834627747,0,0
plugin_ios_activity_recognition,"[""automotive""]",1,2,0,99fd867d-73c2-4fa7-a289-16ce83a6376d,219WT,,0,0,1589834630310,0,0
plugin_ios_activity_recognition,"[""stationary"",""automotive""]",1,2,0,99fd867d-73c2-4fa7-a289-16ce83a6376d,219WT,,0,1,1589834634477,0,0
plugin_ios_activity_recognition,"[""automotive""]",1,2,0,99fd867d-73c2-4fa7-a289-16ce83a6376d,219WT,,0,0,1589834635755,0,0
plugin_ios_activity_recognition,"[""stationary"",""automotive""]",1,2,0,99fd867d-73c2-4fa7-a289-16ce83a6376d,219WT,,0,1,1589834642164,0,0
plugin_ios_activity_recognition,"[""automotive""]",1,2,0,99fd867d-73c2-4fa7-a289-16ce83a6376d,219WT,,0,0,1589834671310,0,0
plugin_ios_activity_recognition,"[""automotive""]",1,2,0,99fd867d-73c2-4fa7-a289-16ce83a6376d,219WT,,0,0,1589834684021,0,0
plugin_ios_activity_recognition,"[""automotive""]",1,2,0,99fd867d-73c2-4fa7-a289-16ce83a6376d,219WT,supplement,0,0,1589834744021,0,0
plugin_ios_activity_recognition,"[""automotive""]",1,2,0,99fd867d-73c2-4fa7-a289-16ce83a6376d,219WT,,0,0,1589834744119,0,0
plugin_ios_activity_recognition,,0,2,0,99fd867d-73c2-4fa7-a289-16ce83a6376d,219WT,,0,0,1589834759886,0,0
plugin_ios_activity_recognition,"[""automotive""]",1,2,0,99fd867d-73c2-4fa7-a289-16ce83a6376d,219WT,supplement,0,0,1589834804021,0,0
plugin_ios_activity_recognition,,0,2,0,99fd867d-73c2-4fa7-a289-16ce83a6376d,219WT,,0,0,1589834804110,0,0
plugin_ios_activity_recognition,,0,2,0,99fd867d-73c2-4fa7-a289-16ce83a6376d,219WT,supplement,0,0,1589834864110,0,0
plugin_ios_activity_recognition,,0,2,0,99fd867d-73c2-4fa7-a289-16ce83a6376d,219WT,,0,0,1589834864113,0,0
plugin_ios_activity_recognition,,0,2,0,99fd867d-73c2-4fa7-a289-16ce83a6376d,219WT,supplement,0,0,1589834924110,0,0
plugin_ios_activity_recognition,,0,2,0,99fd867d-73c2-4fa7-a289-16ce83a6376d,219WT,supplement,0,0,1589834924113,0,0
plugin_ios_activity_recognition,,0,2,0,99fd867d-73c2-4fa7-a289-16ce83a6376d,219WT,,0,0,1589834924119,0,0
plugin_ios_activity_recognition,"[""walking""]",0,1,0,99fd867d-73c2-4fa7-a289-16ce83a6376d,219WT,,0,0,1589834938999,0,1
plugin_ios_activity_recognition,"[""walking""]",0,2,0,99fd867d-73c2-4fa7-a289-16ce83a6376d,219WT,,0,0,1589834941558,0,1
plugin_ios_activity_recognition,"[""walking""]",0,2,0,99fd867d-73c2-4fa7-a289-16ce83a6376d,219WT,,0,0,1589834984112,0,1
plugin_ios_activity_recognition,,0,2,0,99fd867d-73c2-4fa7-a289-16ce83a6376d,219WT,supplement,0,0,1589834984113,0,0
plugin_ios_activity_recognition,,0,2,0,99fd867d-73c2-4fa7-a289-16ce83a6376d,219WT,,0,0,1589834997854,0,0
plugin_ios_activity_recognition,"[""walking""]",0,1,0,99fd867d-73c2-4fa7-a289-16ce83a6376d,219WT,,0,0,1589835028560,0,1
plugin_ios_activity_recognition,"[""automotive""]",1,2,0,99fd867d-73c2-4fa7-a289-16ce83a6376d,219WT,,0,0,1589835043916,0,0
plugin_ios_activity_recognition,"[""automotive""]",1,2,0,99fd867d-73c2-4fa7-a289-16ce83a6376d,219WT,,0,0,1589835044109,0,0
plugin_ios_activity_recognition,,0,2,0,99fd867d-73c2-4fa7-a289-16ce83a6376d,219WT,,0,0,1589835046474,0,0
plugin_ios_activity_recognition,"[""walking""]",0,1,0,99fd867d-73c2-4fa7-a289-16ce83a6376d,219WT,,0,0,1589835049032,0,1
plugin_ios_activity_recognition,"[""walking""]",0,2,0,99fd867d-73c2-4fa7-a289-16ce83a6376d,219WT,,0,0,1589835056709,0,1
plugin_ios_activity_recognition,"[""walking""]",0,2,0,99fd867d-73c2-4fa7-a289-16ce83a6376d,219WT,,0,0,1589835104115,0,1
plugin_ios_activity_recognition,"[""automotive""]",1,2,0,99fd867d-73c2-4fa7-a289-16ce83a6376d,219WT,,0,0,1589835123308,0,0
plugin_ios_activity_recognition,,0,2,0,99fd867d-73c2-4fa7-a289-16ce83a6376d,219WT,,0,0,1589835130985,0,0
plugin_ios_activity_recognition,"[""walking""]",0,2,0,99fd867d-73c2-4fa7-a289-16ce83a6376d,219WT,,0,0,1589835133544,0,1
plugin_ios_activity_recognition,"[""walking""]",0,2,0,99fd867d-73c2-4fa7-a289-16ce83a6376d,219WT,,0,0,1589835164112,0,1
plugin_ios_activity_recognition,,0,2,0,99fd867d-73c2-4fa7-a289-16ce83a6376d,219WT,,0,0,1589835177048,0,0
plugin_ios_activity_recognition,"[""walking""]",0,2,0,99fd867d-73c2-4fa7-a289-16ce83a6376d,219WT,,0,0,1589835194961,0,1
plugin_ios_activity_recognition,"[""walking""]",0,2,0,99fd867d-73c2-4fa7-a289-16ce83a6376d,219WT,,0,0,1589835224109,0,1
plugin_ios_activity_recognition,"[""walking""]",0,2,0,99fd867d-73c2-4fa7-a289-16ce83a6376d,219WT,supplement,0,0,1589835284109,0,1
plugin_ios_activity_recognition,"[""walking""]",0,2,0,99fd867d-73c2-4fa7-a289-16ce83a6376d,219WT,,0,0,1589835284118,0,1
plugin_ios_activity_recognition,"[""walking""]",0,2,0,99fd867d-73c2-4fa7-a289-16ce83a6376d,219WT,supplement,0,0,1589835344109,0,1
plugin_ios_activity_recognition,"[""walking""]",0,2,0,99fd867d-73c2-4fa7-a289-16ce83a6376d,219WT,,0,0,1589835344110,0,1
plugin_ios_activity_recognition,,0,2,0,99fd867d-73c2-4fa7-a289-16ce83a6376d,219WT,,0,0,1589835394555,0,0
plugin_ios_activity_recognition,"[""walking""]",0,2,0,99fd867d-73c2-4fa7-a289-16ce83a6376d,219WT,,0,0,1589835399673,0,1
plugin_ios_activity_recognition,"[""walking""]",0,2,0,99fd867d-73c2-4fa7-a289-16ce83a6376d,219WT,,0,0,1589835404115,0,1
plugin_ios_activity_recognition,"[""walking""]",0,2,0,99fd867d-73c2-4fa7-a289-16ce83a6376d,219WT,supplement,0,0,1589835464115,0,1
plugin_ios_activity_recognition,"[""walking""]",0,2,0,99fd867d-73c2-4fa7-a289-16ce83a6376d,219WT,,0,0,1589835464117,0,1
plugin_ios_activity_recognition,"[""stationary""]",0,2,0,99fd867d-73c2-4fa7-a289-16ce83a6376d,219WT,,0,1,1589835465244,0,0
plugin_ios_activity_recognition,,0,2,0,99fd867d-73c2-4fa7-a289-16ce83a6376d,219WT,,0,0,1589835484437,0,0
plugin_ios_activity_recognition,"[""walking""]",0,1,0,99fd867d-73c2-4fa7-a289-16ce83a6376d,219WT,,0,0,1589835494359,0,1
plugin_ios_activity_recognition,"[""walking""]",0,2,0,99fd867d-73c2-4fa7-a289-16ce83a6376d,219WT,,0,0,1589835504595,0,1
plugin_ios_activity_recognition,"[""walking""]",0,2,0,99fd867d-73c2-4fa7-a289-16ce83a6376d,219WT,supplement,0,0,1589835524115,0,1
plugin_ios_activity_recognition,"[""walking""]",0,2,0,99fd867d-73c2-4fa7-a289-16ce83a6376d,219WT,,0,0,1589835524117,0,1
plugin_ios_activity_recognition,"[""stationary""]",0,2,0,99fd867d-73c2-4fa7-a289-16ce83a6376d,219WT,,0,1,1589835525066,0,0
plugin_ios_activity_recognition,"[""walking""]",0,2,0,99fd867d-73c2-4fa7-a289-16ce83a6376d,219WT,,0,0,1589835525382,0,1
plugin_ios_activity_recognition,,0,2,0,99fd867d-73c2-4fa7-a289-16ce83a6376d,219WT,,0,0,1589835532744,0,0
plugin_ios_activity_recognition,"[""walking""]",0,1,0,99fd867d-73c2-4fa7-a289-16ce83a6376d,219WT,,0,0,1589835535305,0,1
plugin_ios_activity_recognition,"[""walking""]",0,2,0,99fd867d-73c2-4fa7-a289-16ce83a6376d,219WT,,0,0,1589835558337,0,1
plugin_ios_activity_recognition,"[""walking""]",0,2,0,99fd867d-73c2-4fa7-a289-16ce83a6376d,219WT,,0,0,1589835584112,0,1
plugin_ios_activity_recognition,,0,2,0,99fd867d-73c2-4fa7-a289-16ce83a6376d,219WT,,0,0,1589835635110,0,0
plugin_ios_activity_recognition,,0,2,0,99fd867d-73c2-4fa7-a289-16ce83a6376d,219WT,,0,0,1589835644114,0,0
plugin_ios_activity_recognition,,0,2,0,99fd867d-73c2-4fa7-a289-16ce83a6376d,219WT,,0,0,1589835704106,0,0
plugin_ios_activity_recognition,,0,2,0,99fd867d-73c2-4fa7-a289-16ce83a6376d,219WT,,0,0,1589835764021,0,0
plugin_ios_activity_recognition,"[""walking""]",0,2,0,99fd867d-73c2-4fa7-a289-16ce83a6376d,219WT,,0,0,1589835809194,0,1
plugin_ios_activity_recognition,"[""walking""]",0,2,0,99fd867d-73c2-4fa7-a289-16ce83a6376d,219WT,,0,0,1589835824013,0,1
plugin_ios_activity_recognition,"[""walking""]",0,2,0,99fd867d-73c2-4fa7-a289-16ce83a6376d,219WT,supplement,0,0,1589835884013,0,1
plugin_ios_activity_recognition,"[""walking""]",0,2,0,99fd867d-73c2-4fa7-a289-16ce83a6376d,219WT,,0,0,1589835884062,0,1
plugin_ios_activity_recognition,,0,2,0,99fd867d-73c2-4fa7-a289-16ce83a6376d,219WT,,0,0,1589835891258,0,0
plugin_ios_activity_recognition,"[""walking""]",0,1,0,99fd867d-73c2-4fa7-a289-16ce83a6376d,219WT,,0,0,1589835904079,0,1
plugin_ios_activity_recognition,"[""walking""]",0,2,0,99fd867d-73c2-4fa7-a289-16ce83a6376d,219WT,,0,0,1589835906643,0,1
plugin_ios_activity_recognition,"[""walking""]",0,2,0,99fd867d-73c2-4fa7-a289-16ce83a6376d,219WT,,0,0,1589835944010,0,1
plugin_ios_activity_recognition,"[""walking""]",0,2,0,99fd867d-73c2-4fa7-a289-16ce83a6376d,219WT,supplement,0,0,1589835944013,0,1
plugin_ios_activity_recognition,"[""walking""]",0,2,0,99fd867d-73c2-4fa7-a289-16ce83a6376d,219WT,supplement,0,0,1589836004010,0,1
plugin_ios_activity_recognition,"[""walking""]",0,2,0,99fd867d-73c2-4fa7-a289-16ce83a6376d,219WT,,0,0,1589836004011,0,1
plugin_ios_activity_recognition,"[""walking""]",0,2,0,99fd867d-73c2-4fa7-a289-16ce83a6376d,219WT,,0,0,1589836064010,0,1
plugin_ios_activity_recognition,"[""walking""]",0,2,0,99fd867d-73c2-4fa7-a289-16ce83a6376d,219WT,supplement,0,0,1589836124010,0,1
plugin_ios_activity_recognition,"[""walking""]",0,2,0,99fd867d-73c2-4fa7-a289-16ce83a6376d,219WT,,0,0,1589836124027,0,1
plugin_ios_activity_recognition,,0,2,0,99fd867d-73c2-4fa7-a289-16ce83a6376d,219WT,,0,0,1589836127124,0,0
plugin_ios_activity_recognition,,0,2,0,99fd867d-73c2-4fa7-a289-16ce83a6376d,219WT,,0,0,1589836184010,0,0
plugin_ios_activity_recognition,"[""stationary""]",0,2,0,99fd867d-73c2-4fa7-a289-16ce83a6376d,219WT,,0,1,1589836218768,0,0
plugin_ios_activity_recognition,"[""stationary""]",0,2,0,99fd867d-73c2-4fa7-a289-16ce83a6376d,219WT,,0,1,1589836244009,0,0
plugin_ios_activity_recognition,,0,2,0,99fd867d-73c2-4fa7-a289-16ce83a6376d,219WT,,0,0,1589836256255,0,0
plugin_ios_activity_recognition,"[""stationary""]",0,2,0,99fd867d-73c2-4fa7-a289-16ce83a6376d,219WT,,0,1,1589836267470,0,0
plugin_ios_activity_recognition,,0,2,0,99fd867d-73c2-4fa7-a289-16ce83a6376d,219WT,,0,0,1589836280286,0,0
plugin_ios_activity_recognition,"[""walking""]",0,1,0,99fd867d-73c2-4fa7-a289-16ce83a6376d,219WT,,0,0,1589836286058,0,1
plugin_ios_activity_recognition,"[""walking""]",0,2,0,99fd867d-73c2-4fa7-a289-16ce83a6376d,219WT,,0,0,1589836291184,0,1
plugin_ios_activity_recognition,"[""walking""]",0,2,0,99fd867d-73c2-4fa7-a289-16ce83a6376d,219WT,,0,0,1589836304009,0,1
plugin_ios_activity_recognition,"[""walking""]",0,2,0,99fd867d-73c2-4fa7-a289-16ce83a6376d,219WT,supplement,0,0,1589836364009,0,1
plugin_ios_activity_recognition,"[""walking""]",0,2,0,99fd867d-73c2-4fa7-a289-16ce83a6376d,219WT,,0,0,1589836364025,0,1
plugin_ios_activity_recognition,"[""walking""]",0,2,0,99fd867d-73c2-4fa7-a289-16ce83a6376d,219WT,,0,0,1589836424007,0,1
plugin_ios_activity_recognition,"[""walking""]",0,2,0,99fd867d-73c2-4fa7-a289-16ce83a6376d,219WT,supplement,0,0,1589836424009,0,1
plugin_ios_activity_recognition,"[""walking""]",0,2,0,99fd867d-73c2-4fa7-a289-16ce83a6376d,219WT,supplement,0,0,1589836484007,0,1
plugin_ios_activity_recognition,"[""walking""]",0,2,0,99fd867d-73c2-4fa7-a289-16ce83a6376d,219WT,,0,0,1589836484008,0,1
plugin_ios_activity_recognition,"[""walking""]",0,2,0,99fd867d-73c2-4fa7-a289-16ce83a6376d,219WT,supplement,0,0,1589836544007,0,1
plugin_ios_activity_recognition,"[""walking""]",0,2,0,99fd867d-73c2-4fa7-a289-16ce83a6376d,219WT,,0,0,1589836544008,0,1
plugin_ios_activity_recognition,,0,2,0,99fd867d-73c2-4fa7-a289-16ce83a6376d,219WT,,0,0,1589836596194,0,0
plugin_ios_activity_recognition,,0,2,0,99fd867d-73c2-4fa7-a289-16ce83a6376d,219WT,,0,0,1589836604093,0,0
plugin_ios_activity_recognition,,0,2,0,99fd867d-73c2-4fa7-a289-16ce83a6376d,219WT,,0,0,1589836664007,0,0
plugin_ios_activity_recognition,"[""walking""]",0,1,0,99fd867d-73c2-4fa7-a289-16ce83a6376d,219WT,,0,0,1589836691051,0,1
plugin_ios_activity_recognition,,0,2,0,99fd867d-73c2-4fa7-a289-16ce83a6376d,219WT,,0,0,1589836693615,0,0
plugin_ios_activity_recognition,,0,2,0,99fd867d-73c2-4fa7-a289-16ce83a6376d,219WT,,0,0,1589836724007,0,0
plugin_ios_activity_recognition,"[""walking""]",0,2,0,99fd867d-73c2-4fa7-a289-16ce83a6376d,219WT,,0,0,1589836732062,0,1
plugin_ios_activity_recognition,"[""walking""]",0,2,0,99fd867d-73c2-4fa7-a289-16ce83a6376d,219WT,,0,0,1589836784007,0,1
plugin_ios_activity_recognition,,0,2,0,99fd867d-73c2-4fa7-a289-16ce83a6376d,219WT,,0,0,1589836834583,0,0
plugin_ios_activity_recognition,,0,2,0,99fd867d-73c2-4fa7-a289-16ce83a6376d,219WT,,0,0,1589836844022,0,0
plugin_ios_activity_recognition,"[""walking""]",0,1,0,99fd867d-73c2-4fa7-a289-16ce83a6376d,219WT,,0,0,1589836857648,0,1
plugin_ios_activity_recognition,"[""walking""]",0,2,0,99fd867d-73c2-4fa7-a289-16ce83a6376d,219WT,,0,0,1589836860211,0,1
plugin_ios_activity_recognition,"[""walking""]",0,2,0,99fd867d-73c2-4fa7-a289-16ce83a6376d,219WT,,0,0,1589836904005,0,1
plugin_ios_activity_recognition,"[""walking""]",0,2,0,99fd867d-73c2-4fa7-a289-16ce83a6376d,219WT,,0,0,1589836964005,0,1
plugin_ios_activity_recognition,,0,2,0,99fd867d-73c2-4fa7-a289-16ce83a6376d,219WT,,0,0,1589836969784,0,0
plugin_ios_activity_recognition,"[""walking""]",0,1,0,99fd867d-73c2-4fa7-a289-16ce83a6376d,219WT,,0,0,1589836988375,0,1
plugin_ios_activity_recognition,"[""walking""]",0,2,0,99fd867d-73c2-4fa7-a289-16ce83a6376d,219WT,,0,0,1589836990935,0,1
plugin_ios_activity_recognition,"[""walking""]",0,2,0,99fd867d-73c2-4fa7-a289-16ce83a6376d,219WT,,0,0,1589837024004,0,1
plugin_ios_activity_recognition,"[""stationary""]",0,2,0,99fd867d-73c2-4fa7-a289-16ce83a6376d,219WT,,0,1,1589837058848,0,0
plugin_ios_activity_recognition,"[""walking""]",0,2,0,99fd867d-73c2-4fa7-a289-16ce83a6376d,219WT,,0,0,1589837059489,0,1
plugin_ios_activity_recognition,,0,2,0,99fd867d-73c2-4fa7-a289-16ce83a6376d,219WT,,0,0,1589837062696,0,0
plugin_ios_activity_recognition,"[""stationary""]",0,2,0,99fd867d-73c2-4fa7-a289-16ce83a6376d,219WT,,0,1,1589837067823,0,0
plugin_ios_activity_recognition,,0,2,0,99fd867d-73c2-4fa7-a289-16ce83a6376d,219WT,,0,0,1589837075514,0,0
plugin_ios_activity_recognition,,0,2,0,99fd867d-73c2-4fa7-a289-16ce83a6376d,219WT,,0,0,1589837084020,0,0
plugin_ios_activity_recognition,"[""walking""]",0,1,0,99fd867d-73c2-4fa7-a289-16ce83a6376d,219WT,,0,0,1589837108840,0,1
plugin_ios_activity_recognition,"[""walking""]",0,2,0,99fd867d-73c2-4fa7-a289-16ce83a6376d,219WT,,0,0,1589837121649,0,1
plugin_ios_activity_recognition,"[""walking""]",0,2,0,99fd867d-73c2-4fa7-a289-16ce83a6376d,219WT,,0,0,1589837144002,0,1
plugin_ios_activity_recognition,"[""stationary""]",0,2,0,99fd867d-73c2-4fa7-a289-16ce83a6376d,219WT,,0,1,1589837152707,0,0
plugin_ios_activity_recognition,"[""walking""]",0,2,0,99fd867d-73c2-4fa7-a289-16ce83a6376d,219WT,,0,0,1589837162941,0,1
plugin_ios_activity_recognition,,0,2,0,99fd867d-73c2-4fa7-a289-16ce83a6376d,219WT,,0,0,1589837203951,0,0
plugin_ios_activity_recognition,,0,2,0,99fd867d-73c2-4fa7-a289-16ce83a6376d,219WT,,0,0,1589837204003,0,0
plugin_ios_activity_recognition,"[""walking""]",0,1,0,99fd867d-73c2-4fa7-a289-16ce83a6376d,219WT,,0,0,1589837242079,0,1
plugin_ios_activity_recognition,"[""walking""]",0,2,0,99fd867d-73c2-4fa7-a289-16ce83a6376d,219WT,,0,0,1589837247205,0,1
plugin_ios_activity_recognition,"[""walking""]",0,2,0,99fd867d-73c2-4fa7-a289-16ce83a6376d,219WT,,0,0,1589837264003,0,1
plugin_ios_activity_recognition,"[""walking""]",0,2,0,99fd867d-73c2-4fa7-a289-16ce83a6376d,219WT,supplement,0,0,1589837324003,0,1
plugin_ios_activity_recognition,"[""walking""]",0,2,0,99fd867d-73c2-4fa7-a289-16ce83a6376d,219WT,,0,0,1589837324019,0,1
plugin_ios_activity_recognition,"[""stationary""]",0,2,0,99fd867d-73c2-4fa7-a289-16ce83a6376d,219WT,,0,1,1589837380156,0,0
plugin_ios_activity_recognition,"[""walking""]",0,2,0,99fd867d-73c2-4fa7-a289-16ce83a6376d,219WT,,0,0,1589837382398,0,1
plugin_ios_activity_recognition,"[""walking""]",0,2,0,99fd867d-73c2-4fa7-a289-16ce83a6376d,219WT,,0,0,1589837384002,0,1
plugin_ios_activity_recognition,"[""walking""]",0,2,0,99fd867d-73c2-4fa7-a289-16ce83a6376d,219WT,supplement,0,0,1589837384003,0,1
plugin_ios_activity_recognition,,0,2,0,99fd867d-73c2-4fa7-a289-16ce83a6376d,219WT,,0,0,1589837390731,0,0
plugin_ios_activity_recognition,"[""walking""]",0,1,0,99fd867d-73c2-4fa7-a289-16ce83a6376d,219WT,,0,0,1589837434298,0,1
plugin_ios_activity_recognition,"[""walking""]",0,2,0,99fd867d-73c2-4fa7-a289-16ce83a6376d,219WT,,0,0,1589837436858,0,1
plugin_ios_activity_recognition,"[""walking""]",0,2,0,99fd867d-73c2-4fa7-a289-16ce83a6376d,219WT,,0,0,1589837444000,0,1
plugin_ios_activity_recognition,"[""stationary""]",0,2,0,99fd867d-73c2-4fa7-a289-16ce83a6376d,219WT,,0,1,1589837450292,0,0
plugin_ios_activity_recognition,"[""walking""]",0,2,0,99fd867d-73c2-4fa7-a289-16ce83a6376d,219WT,,0,0,1589837471402,0,1
plugin_ios_activity_recognition,"[""stationary""]",0,2,0,99fd867d-73c2-4fa7-a289-16ce83a6376d,219WT,,0,1,1589837500192,0,0
plugin_ios_activity_recognition,"[""stationary""]",0,2,0,99fd867d-73c2-4fa7-a289-16ce83a6376d,219WT,,0,1,1589837504001,0,0
plugin_ios_activity_recognition,"[""walking""]",0,2,0,99fd867d-73c2-4fa7-a289-16ce83a6376d,219WT,,0,0,1589837512027,0,1
plugin_ios_activity_recognition,,0,2,0,99fd867d-73c2-4fa7-a289-16ce83a6376d,219WT,,0,0,1589837513630,0,0
plugin_ios_activity_recognition,"[""walking""]",0,1,0,99fd867d-73c2-4fa7-a289-16ce83a6376d,219WT,,0,0,1589837516191,0,1
plugin_ios_activity_recognition,"[""walking""]",0,2,0,99fd867d-73c2-4fa7-a289-16ce83a6376d,219WT,,0,0,1589837534121,0,1
plugin_ios_activity_recognition,"[""stationary""]",0,2,0,99fd867d-73c2-4fa7-a289-16ce83a6376d,219WT,,0,1,1589837541473,0,0
plugin_ios_activity_recognition,"[""walking""]",0,2,0,99fd867d-73c2-4fa7-a289-16ce83a6376d,219WT,,0,0,1589837544991,0,1
plugin_ios_activity_recognition,"[""stationary""]",0,2,0,99fd867d-73c2-4fa7-a289-16ce83a6376d,219WT,,0,1,1589837552032,0,0
plugin_ios_activity_recognition,"[""walking""]",0,2,0,99fd867d-73c2-4fa7-a289-16ce83a6376d,219WT,,0,0,1589837560665,0,1
plugin_ios_activity_recognition,"[""walking""]",0,2,0,99fd867d-73c2-4fa7-a289-16ce83a6376d,219WT,,0,0,1589837563998,0,1
plugin_ios_activity_recognition,"[""walking""]",0,2,0,99fd867d-73c2-4fa7-a289-16ce83a6376d,219WT,supplement,0,0,1589837623998,0,1
plugin_ios_activity_recognition,"[""walking""]",0,2,0,99fd867d-73c2-4fa7-a289-16ce83a6376d,219WT,,0,0,1589837624001,0,1
plugin_ios_activity_recognition,,0,2,0,99fd867d-73c2-4fa7-a289-16ce83a6376d,219WT,,0,0,1589837636620,0,0
plugin_ios_activity_recognition,"[""walking""]",0,2,0,99fd867d-73c2-4fa7-a289-16ce83a6376d,219WT,supplement,0,0,1589837683998,0,1
plugin_ios_activity_recognition,,0,2,0,99fd867d-73c2-4fa7-a289-16ce83a6376d,219WT,,0,0,1589837684007,0,0
plugin_ios_activity_recognition,"[""stationary""]",0,2,0,99fd867d-73c2-4fa7-a289-16ce83a6376d,219WT,,0,1,1589837691080,0,0
plugin_ios_activity_recognition,,0,2,0,99fd867d-73c2-4fa7-a289-16ce83a6376d,219WT,,0,0,1589837693324,0,0
plugin_ios_activity_recognition,"[""stationary""]",0,2,0,99fd867d-73c2-4fa7-a289-16ce83a6376d,219WT,,0,1,1589837699734,0,0
plugin_ios_activity_recognition,,0,2,0,99fd867d-73c2-4fa7-a289-16ce83a6376d,219WT,,0,0,1589837717678,0,0
plugin_ios_activity_recognition,"[""walking""]",0,1,0,99fd867d-73c2-4fa7-a289-16ce83a6376d,219WT,,0,0,1589837726332,0,1
plugin_ios_activity_recognition,"[""walking""]",0,2,0,99fd867d-73c2-4fa7-a289-16ce83a6376d,219WT,,0,0,1589837728883,0,1
plugin_ios_activity_recognition,"[""walking""]",0,2,0,99fd867d-73c2-4fa7-a289-16ce83a6376d,219WT,,0,0,1589837744094,0,1
plugin_ios_activity_recognition,,0,2,0,99fd867d-73c2-4fa7-a289-16ce83a6376d,219WT,,0,0,1589837800610,0,0
plugin_ios_activity_recognition,,0,2,0,99fd867d-73c2-4fa7-a289-16ce83a6376d,219WT,,0,0,1589837804004,0,0
plugin_ios_activity_recognition,"[""walking""]",0,2,0,99fd867d-73c2-4fa7-a289-16ce83a6376d,219WT,,0,0,1589837818543,0,1
plugin_ios_activity_recognition,"[""walking""]",0,2,0,99fd867d-73c2-4fa7-a289-16ce83a6376d,219WT,,0,0,1589837864005,0,1
plugin_ios_activity_recognition,,0,2,0,99fd867d-73c2-4fa7-a289-16ce83a6376d,219WT,,0,0,1589837880387,0,0
plugin_ios_activity_recognition,,0,2,0,99fd867d-73c2-4fa7-a289-16ce83a6376d,219WT,,0,0,1589837924004,0,0
plugin_ios_activity_recognition,"[""walking""]",0,1,0,99fd867d-73c2-4fa7-a289-16ce83a6376d,219WT,,0,0,1589837928779,0,1
plugin_ios_activity_recognition,"[""walking""]",0,2,0,99fd867d-73c2-4fa7-a289-16ce83a6376d,219WT,,0,0,1589837931340,0,1
plugin_ios_activity_recognition,"[""walking""]",0,2,0,99fd867d-73c2-4fa7-a289-16ce83a6376d,219WT,,0,0,1589837984002,0,1
plugin_ios_activity_recognition,,0,2,0,99fd867d-73c2-4fa7-a289-16ce83a6376d,219WT,,0,0,1589838003095,0,0
plugin_ios_activity_recognition,,0,2,0,99fd867d-73c2-4fa7-a289-16ce83a6376d,219WT,,0,0,1589838044001,0,0
plugin_ios_activity_recognition,"[""stationary""]",0,2,0,99fd867d-73c2-4fa7-a289-16ce83a6376d,219WT,,0,1,1589838054056,0,0
plugin_ios_activity_recognition,"[""stationary""]",0,2,0,99fd867d-73c2-4fa7-a289-16ce83a6376d,219WT,,0,1,1589838104004,0,0
plugin_ios_activity_recognition,,0,2,0,99fd867d-73c2-4fa7-a289-16ce83a6376d,219WT,,0,0,1589838114281,0,0
plugin_ios_activity_recognition,,0,2,0,99fd867d-73c2-4fa7-a289-16ce83a6376d,219WT,,0,0,1589838164003,0,0
plugin_ios_activity_recognition,"[""stationary""]",0,2,0,99fd867d-73c2-4fa7-a289-16ce83a6376d,219WT,,0,1,1589838168762,0,0
plugin_ios_activity_recognition,,0,2,0,99fd867d-73c2-4fa7-a289-16ce83a6376d,219WT,,0,0,1589838171325,0,0
plugin_ios_activity_recognition,,0,2,0,99fd867d-73c2-4fa7-a289-16ce83a6376d,219WT,,0,0,1589838224003,0,0
plugin_ios_activity_recognition,"[""walking""]",0,1,0,99fd867d-73c2-4fa7-a289-16ce83a6376d,219WT,,0,0,1589838231243,0,1
plugin_ios_activity_recognition,"[""walking""]",0,2,0,99fd867d-73c2-4fa7-a289-16ce83a6376d,219WT,,0,0,1589838238933,0,1
plugin_ios_activity_recognition,"[""walking""]",0,2,0,99fd867d-73c2-4fa7-a289-16ce83a6376d,219WT,,0,0,1589838284003,0,1
plugin_ios_activity_recognition,"[""walking""]",0,2,0,99fd867d-73c2-4fa7-a289-16ce83a6376d,219WT,supplement,0,0,1589838344003,0,1
plugin_ios_activity_recognition,"[""walking""]",0,2,0,99fd867d-73c2-4fa7-a289-16ce83a6376d,219WT,,0,0,1589838344017,0,1
plugin_ios_activity_recognition,"[""walking""]",0,2,0,99fd867d-73c2-4fa7-a289-16ce83a6376d,219WT,,0,0,1589838404000,0,1
plugin_ios_activity_recognition,"[""walking""]",0,2,0,99fd867d-73c2-4fa7-a289-16ce83a6376d,219WT,supplement,0,0,1589838404003,0,1
plugin_ios_activity_recognition,"[""running""]",0,2,0,99fd867d-73c2-4fa7-a289-16ce83a6376d,219WT,,1,0,1589838456805,0,0
plugin_ios_activity_recognition,"[""running""]",0,2,0,99fd867d-73c2-4fa7-a289-16ce83a6376d,219WT,,1,0,1589838464002,0,0
plugin_ios_activity_recognition,"[""walking""]",0,2,0,99fd867d-73c2-4fa7-a289-16ce83a6376d,219WT,,0,0,1589838472161,0,1
plugin_ios_activity_recognition,"[""walking""]",0,2,0,99fd867d-73c2-4fa7-a289-16ce83a6376d,219WT,,0,0,1589838524002,0,1
plugin_ios_activity_recognition,"[""stationary""]",0,2,0,99fd867d-73c2-4fa7-a289-16ce83a6376d,219WT,,0,1,1589838531097,0,0
plugin_ios_activity_recognition,"[""walking""]",0,2,0,99fd867d-73c2-4fa7-a289-16ce83a6376d,219WT,,0,0,1589838534939,0,1
plugin_ios_activity_recognition,"[""walking""]",0,2,0,99fd867d-73c2-4fa7-a289-16ce83a6376d,219WT,,0,0,1589838584016,0,1
plugin_ios_activity_recognition,"[""walking""]",0,2,0,99fd867d-73c2-4fa7-a289-16ce83a6376d,219WT,,0,0,1589838643997,0,1
plugin_ios_activity_recognition,,0,2,0,99fd867d-73c2-4fa7-a289-16ce83a6376d,219WT,,0,0,1589838682309,0,0
plugin_ios_activity_recognition,"[""walking""]",0,2,0,99fd867d-73c2-4fa7-a289-16ce83a6376d,219WT,,0,0,1589838692563,0,1
plugin_ios_activity_recognition,"[""walking""]",0,2,0,99fd867d-73c2-4fa7-a289-16ce83a6376d,219WT,,0,0,1589838704001,0,1
plugin_ios_activity_recognition,"[""walking""]",0,2,0,99fd867d-73c2-4fa7-a289-16ce83a6376d,219WT,,0,0,1589838764001,0,1
plugin_ios_activity_recognition,,0,2,0,99fd867d-73c2-4fa7-a289-16ce83a6376d,219WT,,0,0,1589838764329,0,0
plugin_ios_activity_recognition,"[""walking""]",0,1,0,99fd867d-73c2-4fa7-a289-16ce83a6376d,219WT,,0,0,1589838774581,0,1
plugin_ios_activity_recognition,"[""walking""]",0,2,0,99fd867d-73c2-4fa7-a289-16ce83a6376d,219WT,,0,0,1589838795087,0,1
plugin_ios_activity_recognition,"[""walking""]",0,2,0,99fd867d-73c2-4fa7-a289-16ce83a6376d,219WT,,0,0,1589838824015,0,1
plugin_ios_activity_recognition,"[""walking""]",0,2,0,99fd867d-73c2-4fa7-a289-16ce83a6376d,219WT,,0,0,1589838884000,0,1
plugin_ios_activity_recognition,"[""walking""]",0,2,0,99fd867d-73c2-4fa7-a289-16ce83a6376d,219WT,supplement,0,0,1589838944000,0,1
plugin_ios_activity_recognition,"[""walking""]",0,2,0,99fd867d-73c2-4fa7-a289-16ce83a6376d,219WT,,0,0,1589838944001,0,1
plugin_ios_activity_recognition,"[""walking""]",0,2,0,99fd867d-73c2-4fa7-a289-16ce83a6376d,219WT,,0,0,1589839003999,0,1
plugin_ios_activity_recognition,"[""walking""]",0,2,0,99fd867d-73c2-4fa7-a289-16ce83a6376d,219WT,supplement,0,0,1589839004000,0,1
plugin_ios_activity_recognition,"[""walking""]",0,2,0,99fd867d-73c2-4fa7-a289-16ce83a6376d,219WT,supplement,0,0,1589839063999,0,1
plugin_ios_activity_recognition,"[""walking""]",0,2,0,99fd867d-73c2-4fa7-a289-16ce83a6376d,219WT,,0,0,1589839064012,0,1
plugin_ios_activity_recognition,,0,2,0,99fd867d-73c2-4fa7-a289-16ce83a6376d,219WT,,0,0,1589839076994,0,0
plugin_ios_activity_recognition,"[""walking""]",0,2,0,99fd867d-73c2-4fa7-a289-16ce83a6376d,219WT,,0,0,1589839092370,0,1
plugin_ios_activity_recognition,"[""walking""]",0,2,0,99fd867d-73c2-4fa7-a289-16ce83a6376d,219WT,,0,0,1589839123999,0,1
plugin_ios_activity_recognition,"[""walking""]",0,2,0,99fd867d-73c2-4fa7-a289-16ce83a6376d,219WT,,0,0,1589839183995,0,1
plugin_ios_activity_recognition,,0,2,0,99fd867d-73c2-4fa7-a289-16ce83a6376d,219WT,,0,0,1589839205119,0,0
plugin_ios_activity_recognition,,0,2,0,99fd867d-73c2-4fa7-a289-16ce83a6376d,219WT,,0,0,1589839244000,0,0
plugin_ios_activity_recognition,,0,2,0,99fd867d-73c2-4fa7-a289-16ce83a6376d,219WT,,0,0,1589839303999,0,0
plugin_ios_activity_recognition,"[""walking""]",0,2,0,99fd867d-73c2-4fa7-a289-16ce83a6376d,219WT,,0,0,1589839315319,0,1
plugin_ios_activity_recognition,"[""walking""]",0,2,0,99fd867d-73c2-4fa7-a289-16ce83a6376d,219WT,,0,0,1589839363999,0,1
plugin_ios_activity_recognition,"[""walking""]",0,2,0,99fd867d-73c2-4fa7-a289-16ce83a6376d,219WT,,0,0,1589839423999,0,1
plugin_ios_activity_recognition,"[""walking""]",0,2,0,99fd867d-73c2-4fa7-a289-16ce83a6376d,219WT,supplement,0,0,1589839483999,0,1
plugin_ios_activity_recognition,"[""walking""]",0,2,0,99fd867d-73c2-4fa7-a289-16ce83a6376d,219WT,,0,0,1589839484011,0,1
plugin_ios_activity_recognition,"[""walking""]",0,2,0,99fd867d-73c2-4fa7-a289-16ce83a6376d,219WT,,0,0,1589839543998,0,1
plugin_ios_activity_recognition,"[""walking""]",0,2,0,99fd867d-73c2-4fa7-a289-16ce83a6376d,219WT,supplement,0,0,1589839543999,0,1
plugin_ios_activity_recognition,"[""walking""]",0,2,0,99fd867d-73c2-4fa7-a289-16ce83a6376d,219WT,,0,0,1589839603998,0,1
plugin_ios_activity_recognition,"[""walking""]",0,2,0,99fd867d-73c2-4fa7-a289-16ce83a6376d,219WT,,0,0,1589839663998,0,1
plugin_ios_activity_recognition,,0,2,0,99fd867d-73c2-4fa7-a289-16ce83a6376d,219WT,,0,0,1589839696166,0,0
plugin_ios_activity_recognition,"[""walking""]",0,1,0,99fd867d-73c2-4fa7-a289-16ce83a6376d,219WT,,0,0,1589839717632,0,1
plugin_ios_activity_recognition,"[""walking""]",0,2,0,99fd867d-73c2-4fa7-a289-16ce83a6376d,219WT,,0,0,1589839720194,0,1
plugin_ios_activity_recognition,"[""walking""]",0,2,0,99fd867d-73c2-4fa7-a289-16ce83a6376d,219WT,supplement,0,0,1589839723998,0,1
plugin_ios_activity_recognition,"[""walking""]",0,2,0,99fd867d-73c2-4fa7-a289-16ce83a6376d,219WT,,0,0,1589839724010,0,1
plugin_ios_activity_recognition,"[""walking""]",0,2,0,99fd867d-73c2-4fa7-a289-16ce83a6376d,219WT,,0,0,1589839783994,0,1
plugin_ios_activity_recognition,,0,2,0,99fd867d-73c2-4fa7-a289-16ce83a6376d,219WT,,0,0,1589839832944,0,0
plugin_ios_activity_recognition,,0,2,0,99fd867d-73c2-4fa7-a289-16ce83a6376d,219WT,,0,0,1589839843997,0,0
plugin_ios_activity_recognition,,0,2,0,99fd867d-73c2-4fa7-a289-16ce83a6376d,219WT,,0,0,1589839903997,0,0
plugin_ios_activity_recognition,,0,2,0,99fd867d-73c2-4fa7-a289-16ce83a6376d,219WT,,0,0,1589839963995,0,0
plugin_ios_activity_recognition,"[""stationary""]",0,2,0,99fd867d-73c2-4fa7-a289-16ce83a6376d,219WT,,0,1,1589839969694,0,0
plugin_ios_activity_recognition,,0,2,0,99fd867d-73c2-4fa7-a289-16ce83a6376d,219WT,,0,0,1589839979288,0,0
plugin_ios_activity_recognition,"[""stationary""]",0,2,0,99fd867d-73c2-4fa7-a289-16ce83a6376d,219WT,,0,1,1589839982812,0,0
plugin_ios_activity_recognition,,0,2,0,99fd867d-73c2-4fa7-a289-16ce83a6376d,219WT,,0,0,1589840012930,0,0
plugin_ios_activity_recognition,"[""stationary""]",0,2,0,99fd867d-73c2-4fa7-a289-16ce83a6376d,219WT,,0,1,1589840019657,0,0
plugin_ios_activity_recognition,"[""stationary""]",0,2,0,99fd867d-73c2-4fa7-a289-16ce83a6376d,219WT,,0,1,1589840023993,0,0
plugin_ios_activity_recognition,,0,2,0,99fd867d-73c2-4fa7-a289-16ce83a6376d,219WT,,0,0,1589840077317,0,0
plugin_ios_activity_recognition,,0,2,0,99fd867d-73c2-4fa7-a289-16ce83a6376d,219WT,,0,0,1589840083997,0,0
plugin_ios_activity_recognition,"[""walking""]",0,1,0,99fd867d-73c2-4fa7-a289-16ce83a6376d,219WT,,0,0,1589840084049,0,1
plugin_ios_activity_recognition,"[""walking""]",0,2,0,99fd867d-73c2-4fa7-a289-16ce83a6376d,219WT,,0,0,1589840091738,0,1
plugin_ios_activity_recognition,"[""walking""]",0,2,0,99fd867d-73c2-4fa7-a289-16ce83a6376d,219WT,,0,0,1589840143994,0,1
plugin_ios_activity_recognition,,0,2,0,99fd867d-73c2-4fa7-a289-16ce83a6376d,219WT,,0,0,1589840145547,0,0
plugin_ios_activity_recognition,"[""walking""]",0,1,0,99fd867d-73c2-4fa7-a289-16ce83a6376d,219WT,,0,0,1589840155799,0,1
plugin_ios_activity_recognition,"[""walking""]",0,2,0,99fd867d-73c2-4fa7-a289-16ce83a6376d,219WT,,0,0,1589840166364,0,1
plugin_ios_activity_recognition,,0,2,0,99fd867d-73c2-4fa7-a289-16ce83a6376d,219WT,,0,0,1589840171174,0,0
plugin_ios_activity_recognition,,0,2,0,99fd867d-73c2-4fa7-a289-16ce83a6376d,219WT,,0,0,1589840203992,0,0
plugin_ios_activity_recognition,,0,2,0,99fd867d-73c2-4fa7-a289-16ce83a6376d,219WT,supplement,0,0,1589840263992,0,0
plugin_ios_activity_recognition,,0,2,0,99fd867d-73c2-4fa7-a289-16ce83a6376d,219WT,,0,0,1589840263995,0,0
plugin_ios_activity_recognition,"[""stationary""]",0,2,0,99fd867d-73c2-4fa7-a289-16ce83a6376d,219WT,,0,1,1589840302789,0,0
plugin_ios_activity_recognition,,0,2,0,99fd867d-73c2-4fa7-a289-16ce83a6376d,219WT,,0,0,1589840304394,0,0
plugin_ios_activity_recognition,,0,2,0,99fd867d-73c2-4fa7-a289-16ce83a6376d,219WT,supplement,0,0,1589840323992,0,0
plugin_ios_activity_recognition,,0,2,0,99fd867d-73c2-4fa7-a289-16ce83a6376d,219WT,,0,0,1589840323994,0,0
plugin_ios_activity_recognition,,0,2,0,99fd867d-73c2-4fa7-a289-16ce83a6376d,219WT,supplement,0,0,1589840383994,0,0
plugin_ios_activity_recognition,,0,2,0,99fd867d-73c2-4fa7-a289-16ce83a6376d,219WT,,0,0,1589840383996,0,0
plugin_ios_activity_recognition,,0,2,0,99fd867d-73c2-4fa7-a289-16ce83a6376d,219WT,supplement,0,0,1589840443994,0,0
plugin_ios_activity_recognition,,0,2,0,99fd867d-73c2-4fa7-a289-16ce83a6376d,219WT,supplement,0,0,1589840443996,0,0
plugin_ios_activity_recognition,,0,2,0,99fd867d-73c2-4fa7-a289-16ce83a6376d,219WT,,0,0,1589840443998,0,0
plugin_ios_activity_recognition,"[""walking""]",0,1,0,99fd867d-73c2-4fa7-a289-16ce83a6376d,219WT,,0,0,1589840476128,0,1
plugin_ios_activity_recognition,"[""walking""]",0,2,0,99fd867d-73c2-4fa7-a289-16ce83a6376d,219WT,,0,0,1589840481254,0,1
plugin_ios_activity_recognition,,0,2,0,99fd867d-73c2-4fa7-a289-16ce83a6376d,219WT,supplement,0,0,1589840503996,0,0
plugin_ios_activity_recognition,"[""walking""]",0,2,0,99fd867d-73c2-4fa7-a289-16ce83a6376d,219WT,,0,0,1589840503999,0,1
plugin_ios_activity_recognition,,0,2,0,99fd867d-73c2-4fa7-a289-16ce83a6376d,219WT,,0,0,1589840508489,0,0
plugin_ios_activity_recognition,,0,2,0,99fd867d-73c2-4fa7-a289-16ce83a6376d,219WT,,0,0,1589840563999,0,0
plugin_ios_activity_recognition,"[""stationary""]",0,2,0,99fd867d-73c2-4fa7-a289-16ce83a6376d,219WT,,0,1,1589840564867,0,0
plugin_ios_activity_recognition,,0,2,0,99fd867d-73c2-4fa7-a289-16ce83a6376d,219WT,,0,0,1589840565187,0,0
plugin_ios_activity_recognition,,0,2,0,99fd867d-73c2-4fa7-a289-16ce83a6376d,219WT,,0,0,1589840623999,0,0
plugin_ios_activity_recognition,,0,2,0,99fd867d-73c2-4fa7-a289-16ce83a6376d,219WT,,0,0,1589840683999,0,0
plugin_ios_activity_recognition,"[""walking""]",0,1,0,99fd867d-73c2-4fa7-a289-16ce83a6376d,219WT,,0,0,1589840701664,0,1
plugin_ios_activity_recognition,"[""walking""]",0,2,0,99fd867d-73c2-4fa7-a289-16ce83a6376d,219WT,,0,0,1589840717043,0,1
plugin_ios_activity_recognition,,0,2,0,99fd867d-73c2-4fa7-a289-16ce83a6376d,219WT,,0,0,1589840734980,0,0
plugin_ios_activity_recognition,,0,2,0,99fd867d-73c2-4fa7-a289-16ce83a6376d,219WT,,0,0,1589840743996,0,0
plugin_ios_activity_recognition,"[""stationary""]",0,2,0,99fd867d-73c2-4fa7-a289-16ce83a6376d,219WT,,0,1,1589840798717,0,0
plugin_ios_activity_recognition,,0,2,0,99fd867d-73c2-4fa7-a289-16ce83a6376d,219WT,,0,0,1589840800319,0,0
plugin_ios_activity_recognition,,0,2,0,99fd867d-73c2-4fa7-a289-16ce83a6376d,219WT,,0,0,1589840803998,0,0
plugin_ios_activity_recognition,,0,2,0,99fd867d-73c2-4fa7-a289-16ce83a6376d,219WT,,0,0,1589840863997,0,0
plugin_ios_activity_recognition,"[""walking""]",0,1,0,99fd867d-73c2-4fa7-a289-16ce83a6376d,219WT,,0,0,1589840904107,0,1
plugin_ios_activity_recognition,"[""walking""]",0,2,0,99fd867d-73c2-4fa7-a289-16ce83a6376d,219WT,,0,0,1589840914357,0,1
plugin_ios_activity_recognition,"[""walking""]",0,2,0,99fd867d-73c2-4fa7-a289-16ce83a6376d,219WT,,0,0,1589840923997,0,1
plugin_ios_activity_recognition,,0,2,0,99fd867d-73c2-4fa7-a289-16ce83a6376d,219WT,,0,0,1589840965605,0,0
plugin_ios_activity_recognition,"[""walking""]",0,2,0,99fd867d-73c2-4fa7-a289-16ce83a6376d,219WT,,0,0,1589840978418,0,1
plugin_ios_activity_recognition,"[""walking""]",0,2,0,99fd867d-73c2-4fa7-a289-16ce83a6376d,219WT,,0,0,1589840983996,0,1
plugin_ios_activity_recognition,"[""walking""]",0,2,0,99fd867d-73c2-4fa7-a289-16ce83a6376d,219WT,supplement,0,0,1589841043996,0,1
plugin_ios_activity_recognition,"[""walking""]",0,2,0,99fd867d-73c2-4fa7-a289-16ce83a6376d,219WT,,0,0,1589841103993,0,1
plugin_ios_activity_recognition,"[""walking""]",0,2,0,99fd867d-73c2-4fa7-a289-16ce83a6376d,219WT,supplement,0,0,1589841103996,0,1
plugin_ios_activity_recognition,"[""stationary""]",0,2,0,99fd867d-73c2-4fa7-a289-16ce83a6376d,219WT,,0,1,1589841143680,0,0
plugin_ios_activity_recognition,"[""walking""]",0,2,0,99fd867d-73c2-4fa7-a289-16ce83a6376d,219WT,,0,0,1589841147198,0,1
plugin_ios_activity_recognition,"[""walking""]",0,2,0,99fd867d-73c2-4fa7-a289-16ce83a6376d,219WT,,0,0,1589841163998,0,1
plugin_ios_activity_recognition,,0,2,0,99fd867d-73c2-4fa7-a289-16ce83a6376d,219WT,,0,0,1589841216717,0,0
plugin_ios_activity_recognition,,0,2,0,99fd867d-73c2-4fa7-a289-16ce83a6376d,219WT,,0,0,1589841223998,0,0
plugin_ios_activity_recognition,"[""walking""]",0,1,0,99fd867d-73c2-4fa7-a289-16ce83a6376d,219WT,,0,0,1589841260288,0,1
plugin_ios_activity_recognition,"[""walking""]",0,2,0,99fd867d-73c2-4fa7-a289-16ce83a6376d,219WT,,0,0,1589841262846,0,1
plugin_ios_activity_recognition,"[""walking""]",0,2,0,99fd867d-73c2-4fa7-a289-16ce83a6376d,219WT,,0,0,1589841283998,0,1
plugin_ios_activity_recognition,,0,2,0,99fd867d-73c2-4fa7-a289-16ce83a6376d,219WT,,0,0,1589841314107,0,0
plugin_ios_activity_recognition,"[""stationary""]",0,2,0,99fd867d-73c2-4fa7-a289-16ce83a6376d,219WT,,0,1,1589841323393,0,0
plugin_ios_activity_recognition,,0,2,0,99fd867d-73c2-4fa7-a289-16ce83a6376d,219WT,,0,0,1589841323713,0,0
plugin_ios_activity_recognition,"[""stationary""]",0,2,0,99fd867d-73c2-4fa7-a289-16ce83a6376d,219WT,,0,1,1589841329159,0,0
plugin_ios_activity_recognition,,0,2,0,99fd867d-73c2-4fa7-a289-16ce83a6376d,219WT,,0,0,1589841329800,0,0
plugin_ios_activity_recognition,"[""walking""]",0,1,0,99fd867d-73c2-4fa7-a289-16ce83a6376d,219WT,,0,0,1589841334610,0,1
plugin_ios_activity_recognition,"[""walking""]",0,1,0,99fd867d-73c2-4fa7-a289-16ce83a6376d,219WT,,0,0,1589841343994,0,1
plugin_ios_activity_recognition,"[""walking""]",0,2,0,99fd867d-73c2-4fa7-a289-16ce83a6376d,219WT,,0,0,1589841353185,0,1
plugin_ios_activity_recognition,"[""stationary""]",0,2,0,99fd867d-73c2-4fa7-a289-16ce83a6376d,219WT,,0,1,1589841359591,0,0
plugin_ios_activity_recognition,"[""walking""]",0,2,0,99fd867d-73c2-4fa7-a289-16ce83a6376d,219WT,,0,0,1589841369522,0,1
plugin_ios_activity_recognition,,0,2,0,99fd867d-73c2-4fa7-a289-16ce83a6376d,219WT,,0,0,1589841370486,0,0
plugin_ios_activity_recognition,"[""stationary""]",0,2,0,99fd867d-73c2-4fa7-a289-16ce83a6376d,219WT,,0,1,1589841374006,0,0
plugin_ios_activity_recognition,,0,2,0,99fd867d-73c2-4fa7-a289-16ce83a6376d,219WT,,0,0,1589841389062,0,0
plugin_ios_activity_recognition,"[""stationary""]",0,2,0,99fd867d-73c2-4fa7-a289-16ce83a6376d,219WT,,0,1,1589841396112,0,0
plugin_ios_activity_recognition,,0,2,0,99fd867d-73c2-4fa7-a289-16ce83a6376d,219WT,,0,0,1589841398031,0,0
plugin_ios_activity_recognition,,0,2,0,99fd867d-73c2-4fa7-a289-16ce83a6376d,219WT,,0,0,1589841403995,0,0
plugin_ios_activity_recognition,"[""stationary""]",0,2,0,99fd867d-73c2-4fa7-a289-16ce83a6376d,219WT,,0,1,1589841407961,0,0
plugin_ios_activity_recognition,,0,2,0,99fd867d-73c2-4fa7-a289-16ce83a6376d,219WT,,0,0,1589841415969,0,0
plugin_ios_activity_recognition,"[""stationary""]",0,2,0,99fd867d-73c2-4fa7-a289-16ce83a6376d,219WT,,0,1,1589841426219,0,0
plugin_ios_activity_recognition,,0,2,0,99fd867d-73c2-4fa7-a289-16ce83a6376d,219WT,,0,0,1589841452804,0,0
plugin_ios_activity_recognition,,0,2,0,99fd867d-73c2-4fa7-a289-16ce83a6376d,219WT,,0,0,1589841463998,0,0
plugin_ios_activity_recognition,"[""stationary""]",0,2,0,99fd867d-73c2-4fa7-a289-16ce83a6376d,219WT,,0,1,1589841465617,0,0
plugin_ios_activity_recognition,,0,2,0,99fd867d-73c2-4fa7-a289-16ce83a6376d,219WT,,0,0,1589841470102,0,0
plugin_ios_activity_recognition,"[""stationary""]",0,2,0,99fd867d-73c2-4fa7-a289-16ce83a6376d,219WT,,0,1,1589841489320,0,0
plugin_ios_activity_recognition,,0,2,0,99fd867d-73c2-4fa7-a289-16ce83a6376d,219WT,,0,0,1589841494766,0,0
plugin_ios_activity_recognition,"[""stationary""]",0,2,0,99fd867d-73c2-4fa7-a289-16ce83a6376d,219WT,,0,1,1589841499251,0,0
plugin_ios_activity_recognition,,0,2,0,99fd867d-73c2-4fa7-a289-16ce83a6376d,219WT,,0,0,1589841510142,0,0
plugin_ios_activity_recognition,"[""stationary""]",0,2,0,99fd867d-73c2-4fa7-a289-16ce83a6376d,219WT,,0,1,1589841522315,0,0
plugin_ios_activity_recognition,"[""stationary""]",0,2,0,99fd867d-73c2-4fa7-a289-16ce83a6376d,219WT,,0,1,1589841523997,0,0
plugin_ios_activity_recognition,,0,2,0,99fd867d-73c2-4fa7-a289-16ce83a6376d,219WT,,0,0,1589841527440,0,0
plugin_ios_activity_recognition,"[""stationary""]",0,2,0,99fd867d-73c2-4fa7-a289-16ce83a6376d,219WT,,0,1,1589841530964,0,0
plugin_ios_activity_recognition,,0,2,0,99fd867d-73c2-4fa7-a289-16ce83a6376d,219WT,,0,0,1589841532245,0,0
plugin_ios_activity_recognition,"[""walking""]",0,1,0,99fd867d-73c2-4fa7-a289-16ce83a6376d,219WT,,0,0,1589841560118,0,1
plugin_ios_activity_recognition,"[""walking""]",0,2,0,99fd867d-73c2-4fa7-a289-16ce83a6376d,219WT,,0,0,1589841562683,0,1
plugin_ios_activity_recognition,"[""walking""]",0,2,0,99fd867d-73c2-4fa7-a289-16ce83a6376d,219WT,,0,0,1589841583997,0,1
plugin_ios_activity_recognition,"[""walking""]",0,2,0,99fd867d-73c2-4fa7-a289-16ce83a6376d,219WT,,0,0,1589841643997,0,1
plugin_ios_activity_recognition,,0,2,0,99fd867d-73c2-4fa7-a289-16ce83a6376d,219WT,,0,0,1589841698449,0,0
plugin_ios_activity_recognition,,0,2,0,99fd867d-73c2-4fa7-a289-16ce83a6376d,219WT,,0,0,1589841703994,0,0
plugin_ios_activity_recognition,,0,2,0,99fd867d-73c2-4fa7-a289-16ce83a6376d,219WT,supplement,0,0,1589841763994,0,0
plugin_ios_activity_recognition,,0,2,0,99fd867d-73c2-4fa7-a289-16ce83a6376d,219WT,,0,0,1589841764091,0,0
plugin_ios_activity_recognition,,0,2,0,99fd867d-73c2-4fa7-a289-16ce83a6376d,219WT,supplement,0,0,1589841823994,0,0
plugin_ios_activity_recognition,,0,2,0,99fd867d-73c2-4fa7-a289-16ce83a6376d,219WT,,0,0,1589841823999,0,0
plugin_ios_activity_recognition,"[""stationary""]",0,2,0,99fd867d-73c2-4fa7-a289-16ce83a6376d,219WT,,0,1,1589841824626,0,0
plugin_ios_activity_recognition,,0,2,0,99fd867d-73c2-4fa7-a289-16ce83a6376d,219WT,,0,0,1589841828472,0,0
plugin_ios_activity_recognition,,0,2,0,99fd867d-73c2-4fa7-a289-16ce83a6376d,219WT,,0,0,1589841883997,0,0
plugin_ios_activity_recognition,"[""walking""]",0,1,0,99fd867d-73c2-4fa7-a289-16ce83a6376d,219WT,,0,0,1589841916323,0,1
plugin_ios_activity_recognition,"[""walking""]",0,2,0,99fd867d-73c2-4fa7-a289-16ce83a6376d,219WT,,0,0,1589841930099,0,1
plugin_ios_activity_recognition,,0,2,0,99fd867d-73c2-4fa7-a289-16ce83a6376d,219WT,,0,0,1589841939395,0,0
plugin_ios_activity_recognition,,0,2,0,99fd867d-73c2-4fa7-a289-16ce83a6376d,219WT,,0,0,1589841943998,0,0
plugin_ios_activity_recognition,"[""stationary""]",0,2,0,99fd867d-73c2-4fa7-a289-16ce83a6376d,219WT,,0,1,1589841950927,0,0
plugin_ios_activity_recognition,,0,2,0,99fd867d-73c2-4fa7-a289-16ce83a6376d,219WT,,0,0,1589841953170,0,0
plugin_ios_activity_recognition,"[""stationary""]",0,2,0,99fd867d-73c2-4fa7-a289-16ce83a6376d,219WT,,0,1,1589841992904,0,0
plugin_ios_activity_recognition,,0,2,0,99fd867d-73c2-4fa7-a289-16ce83a6376d,219WT,,0,0,1589841997711,0,0
plugin_ios_activity_recognition,,0,2,0,99fd867d-73c2-4fa7-a289-16ce83a6376d,219WT,,0,0,1589842003998,0,0
plugin_ios_activity_recognition,"[""stationary""]",0,2,0,99fd867d-73c2-4fa7-a289-16ce83a6376d,219WT,,0,1,1589842032318,0,0
plugin_ios_activity_recognition,,0,2,0,99fd867d-73c2-4fa7-a289-16ce83a6376d,219WT,,0,0,1589842033921,0,0
plugin_ios_activity_recognition,,0,2,0,99fd867d-73c2-4fa7-a289-16ce83a6376d,219WT,,0,0,1589842063994,0,0
plugin_ios_activity_recognition,"[""stationary""]",0,2,0,99fd867d-73c2-4fa7-a289-16ce83a6376d,219WT,,0,1,1589842070771,0,0
plugin_ios_activity_recognition,,0,2,0,99fd867d-73c2-4fa7-a289-16ce83a6376d,219WT,,0,0,1589842072693,0,0
plugin_ios_activity_recognition,"[""stationary""]",0,2,0,99fd867d-73c2-4fa7-a289-16ce83a6376d,219WT,,0,1,1589842088073,0,0
plugin_ios_activity_recognition,,0,2,0,99fd867d-73c2-4fa7-a289-16ce83a6376d,219WT,,0,0,1589842093838,0,0
plugin_ios_activity_recognition,"[""stationary""]",0,2,0,99fd867d-73c2-4fa7-a289-16ce83a6376d,219WT,,0,1,1589842101848,0,0
plugin_ios_activity_recognition,,0,2,0,99fd867d-73c2-4fa7-a289-16ce83a6376d,219WT,,0,0,1589842105372,0,0
plugin_ios_activity_recognition,,0,2,0,99fd867d-73c2-4fa7-a289-16ce83a6376d,219WT,,0,0,1589842124000,0,0
plugin_ios_activity_recognition,"[""stationary""]",0,2,0,99fd867d-73c2-4fa7-a289-16ce83a6376d,219WT,,0,1,1589842169129,0,0
plugin_ios_activity_recognition,,0,2,0,99fd867d-73c2-4fa7-a289-16ce83a6376d,219WT,,0,0,1589842173294,0,0
plugin_ios_activity_recognition,,0,2,0,99fd867d-73c2-4fa7-a289-16ce83a6376d,219WT,,0,0,1589842184007,0,0
plugin_ios_activity_recognition,"[""walking""]",0,1,0,99fd867d-73c2-4fa7-a289-16ce83a6376d,219WT,,0,0,1589842211090,0,1
plugin_ios_activity_recognition,,0,2,0,99fd867d-73c2-4fa7-a289-16ce83a6376d,219WT,,0,0,1589842218760,0,0
plugin_ios_activity_recognition,"[""walking""]",0,1,0,99fd867d-73c2-4fa7-a289-16ce83a6376d,219WT,,0,0,1589842221318,0,1
plugin_ios_activity_recognition,"[""walking""]",0,2,0,99fd867d-73c2-4fa7-a289-16ce83a6376d,219WT,,0,0,1589842226436,0,1
plugin_ios_activity_recognition,"[""walking""]",0,2,0,99fd867d-73c2-4fa7-a289-16ce83a6376d,219WT,,0,0,1589842243996,0,1
plugin_ios_activity_recognition,,0,2,0,99fd867d-73c2-4fa7-a289-16ce83a6376d,219WT,,0,0,1589842281521,0,0
plugin_ios_activity_recognition,"[""stationary""]",0,2,0,99fd867d-73c2-4fa7-a289-16ce83a6376d,219WT,,0,1,1589842289851,0,0
plugin_ios_activity_recognition,,0,2,0,99fd867d-73c2-4fa7-a289-16ce83a6376d,219WT,,0,0,1589842290172,0,0
plugin_ios_activity_recognition,"[""stationary""]",0,2,0,99fd867d-73c2-4fa7-a289-16ce83a6376d,219WT,,0,1,1589842302027,0,0
plugin_ios_activity_recognition,,0,2,0,99fd867d-73c2-4fa7-a289-16ce83a6376d,219WT,,0,0,1589842302988,0,0
plugin_ios_activity_recognition,,0,2,0,99fd867d-73c2-4fa7-a289-16ce83a6376d,219WT,,0,0,1589842303996,0,0
plugin_ios_activity_recognition,"[""stationary""]",0,2,0,99fd867d-73c2-4fa7-a289-16ce83a6376d,219WT,,0,1,1589842308437,0,0
plugin_ios_activity_recognition,,0,2,0,99fd867d-73c2-4fa7-a289-16ce83a6376d,219WT,,0,0,1589842312278,0,0
plugin_ios_activity_recognition,"[""stationary""]",0,2,0,99fd867d-73c2-4fa7-a289-16ce83a6376d,219WT,,0,1,1589842339191,0,0
plugin_ios_activity_recognition,,0,2,0,99fd867d-73c2-4fa7-a289-16ce83a6376d,219WT,,0,0,1589842341431,0,0
plugin_ios_activity_recognition,"[""stationary""]",0,2,0,99fd867d-73c2-4fa7-a289-16ce83a6376d,219WT,,0,1,1589842354246,0,0
plugin_ios_activity_recognition,,0,2,0,99fd867d-73c2-4fa7-a289-16ce83a6376d,219WT,,0,0,1589842355527,0,0
plugin_ios_activity_recognition,"[""walking""]",0,1,0,99fd867d-73c2-4fa7-a289-16ce83a6376d,219WT,,0,0,1589842359699,0,1
plugin_ios_activity_recognition,"[""walking""]",0,1,0,99fd867d-73c2-4fa7-a289-16ce83a6376d,219WT,,0,0,1589842364014,0,1
plugin_ios_activity_recognition,"[""walking""]",0,2,0,99fd867d-73c2-4fa7-a289-16ce83a6376d,219WT,,0,0,1589842368982,0,1
plugin_ios_activity_recognition,"[""stationary""]",0,2,0,99fd867d-73c2-4fa7-a289-16ce83a6376d,219WT,,0,1,1589842392370,0,0
plugin_ios_activity_recognition,"[""walking""]",0,2,0,99fd867d-73c2-4fa7-a289-16ce83a6376d,219WT,,0,0,1589842393651,0,1
plugin_ios_activity_recognition,"[""walking""]",0,2,0,99fd867d-73c2-4fa7-a289-16ce83a6376d,219WT,,0,0,1589842423994,0,1
plugin_ios_activity_recognition,,0,2,0,99fd867d-73c2-4fa7-a289-16ce83a6376d,219WT,,0,0,1589842446793,0,0
plugin_ios_activity_recognition,,0,2,0,99fd867d-73c2-4fa7-a289-16ce83a6376d,219WT,,0,0,1589842483995,0,0
plugin_ios_activity_recognition,"[""stationary""]",0,2,0,99fd867d-73c2-4fa7-a289-16ce83a6376d,219WT,,0,1,1589842488397,0,0
plugin_ios_activity_recognition,,0,2,0,99fd867d-73c2-4fa7-a289-16ce83a6376d,219WT,,0,0,1589842492886,0,0
plugin_ios_activity_recognition,,0,2,0,99fd867d-73c2-4fa7-a289-16ce83a6376d,219WT,,0,0,1589842543992,0,0
plugin_ios_activity_recognition,"[""walking""]",0,1,0,99fd867d-73c2-4fa7-a289-16ce83a6376d,219WT,,0,0,1589842595416,0,1
plugin_ios_activity_recognition,"[""walking""]",0,2,0,99fd867d-73c2-4fa7-a289-16ce83a6376d,219WT,,0,0,1589842600543,0,1
plugin_ios_activity_recognition,"[""walking""]",0,2,0,99fd867d-73c2-4fa7-a289-16ce83a6376d,219WT,,0,0,1589842603994,0,1
plugin_ios_activity_recognition,,0,2,0,99fd867d-73c2-4fa7-a289-16ce83a6376d,219WT,,0,0,1589842651806,0,0
plugin_ios_activity_recognition,,0,2,0,99fd867d-73c2-4fa7-a289-16ce83a6376d,219WT,,0,0,1589842663992,0,0
plugin_ios_activity_recognition,"[""walking""]",0,1,0,99fd867d-73c2-4fa7-a289-16ce83a6376d,219WT,,0,0,1589842700506,0,1
plugin_ios_activity_recognition,"[""walking""]",0,2,0,99fd867d-73c2-4fa7-a289-16ce83a6376d,219WT,,0,0,1589842710755,0,1
plugin_ios_activity_recognition,"[""walking""]",0,2,0,99fd867d-73c2-4fa7-a289-16ce83a6376d,219WT,,0,0,1589842723994,0,1
plugin_ios_activity_recognition,"[""walking""]",0,2,0,99fd867d-73c2-4fa7-a289-16ce83a6376d,219WT,supplement,0,0,1589842783994,0,1
plugin_ios_activity_recognition,"[""walking""]",0,2,0,99fd867d-73c2-4fa7-a289-16ce83a6376d,219WT,,0,0,1589842784002,0,1
plugin_ios_activity_recognition,,0,2,0,99fd867d-73c2-4fa7-a289-16ce83a6376d,219WT,,0,0,1589842788599,0,0
plugin_ios_activity_recognition,"[""stationary""]",0,2,0,99fd867d-73c2-4fa7-a289-16ce83a6376d,219WT,,0,1,1589842794686,0,0
plugin_ios_activity_recognition,,0,2,0,99fd867d-73c2-4fa7-a289-16ce83a6376d,219WT,,0,0,1589842797892,0,0
plugin_ios_activity_recognition,"[""stationary""]",0,2,0,99fd867d-73c2-4fa7-a289-16ce83a6376d,219WT,,0,1,1589842839536,0,0
plugin_ios_activity_recognition,,0,2,0,99fd867d-73c2-4fa7-a289-16ce83a6376d,219WT,,0,0,1589842840497,0,0
plugin_ios_activity_recognition,,0,2,0,99fd867d-73c2-4fa7-a289-16ce83a6376d,219WT,,0,0,1589842843994,0,0
plugin_ios_activity_recognition,"[""stationary""]",0,2,0,99fd867d-73c2-4fa7-a289-16ce83a6376d,219WT,,0,1,1589842849149,0,0
plugin_ios_activity_recognition,"[""stationary""]",0,2,0,99fd867d-73c2-4fa7-a289-16ce83a6376d,219WT,,0,1,1589842903994,0,0
plugin_ios_activity_recognition,,0,2,0,99fd867d-73c2-4fa7-a289-16ce83a6376d,219WT,,0,0,1589842934054,0,0
plugin_ios_activity_recognition,,0,2,0,99fd867d-73c2-4fa7-a289-16ce83a6376d,219WT,,0,0,1589842963994,0,0
plugin_ios_activity_recognition,"[""stationary""]",0,2,0,99fd867d-73c2-4fa7-a289-16ce83a6376d,219WT,,0,1,1589842970581,0,0
plugin_ios_activity_recognition,,0,2,0,99fd867d-73c2-4fa7-a289-16ce83a6376d,219WT,,0,0,1589842986902,0,0
plugin_ios_activity_recognition,"[""stationary""]",0,2,0,99fd867d-73c2-4fa7-a289-16ce83a6376d,219WT,,0,1,1589842999718,0,0
plugin_ios_activity_recognition,,0,2,0,99fd867d-73c2-4fa7-a289-16ce83a6376d,219WT,,0,0,1589843010615,0,0
plugin_ios_activity_recognition,"[""stationary""]",0,2,0,99fd867d-73c2-4fa7-a289-16ce83a6376d,219WT,,0,1,1589843016058,0,0
plugin_ios_activity_recognition,"[""stationary""]",0,2,0,99fd867d-73c2-4fa7-a289-16ce83a6376d,219WT,,0,1,1589843024002,0,0
plugin_ios_activity_recognition,,0,2,0,99fd867d-73c2-4fa7-a289-16ce83a6376d,219WT,,0,0,1589843025670,0,0
plugin_ios_activity_recognition,"[""walking""]",0,1,0,99fd867d-73c2-4fa7-a289-16ce83a6376d,219WT,,0,0,1589843036247,0,1
plugin_ios_activity_recognition,"[""walking""]",0,2,0,99fd867d-73c2-4fa7-a289-16ce83a6376d,219WT,,0,0,1589843054187,0,1
plugin_ios_activity_recognition,"[""walking""]",0,2,0,99fd867d-73c2-4fa7-a289-16ce83a6376d,219WT,,0,0,1589843083993,0,1
plugin_ios_activity_recognition,"[""walking""]",0,2,0,99fd867d-73c2-4fa7-a289-16ce83a6376d,219WT,,0,0,1589843143993,0,1
plugin_ios_activity_recognition,"[""running""]",0,2,0,99fd867d-73c2-4fa7-a289-16ce83a6376d,219WT,,1,0,1589843179787,0,0
plugin_ios_activity_recognition,"[""walking""]",0,1,0,99fd867d-73c2-4fa7-a289-16ce83a6376d,219WT,,0,0,1589843184913,0,1
plugin_ios_activity_recognition,"[""walking""]",0,2,0,99fd867d-73c2-4fa7-a289-16ce83a6376d,219WT,,0,0,1589843187477,0,1
plugin_ios_activity_recognition,"[""walking""]",0,2,0,99fd867d-73c2-4fa7-a289-16ce83a6376d,219WT,,0,0,1589843203993,0,1
plugin_ios_activity_recognition,"[""walking""]",0,2,0,99fd867d-73c2-4fa7-a289-16ce83a6376d,219WT,supplement,0,0,1589843263993,0,1
plugin_ios_activity_recognition,"[""walking""]",0,2,0,99fd867d-73c2-4fa7-a289-16ce83a6376d,219WT,,0,0,1589843264001,0,1
plugin_ios_activity_recognition,"[""walking""]",0,2,0,99fd867d-73c2-4fa7-a289-16ce83a6376d,219WT,,0,0,1589843323993,0,1
plugin_ios_activity_recognition,"[""walking""]",0,2,0,99fd867d-73c2-4fa7-a289-16ce83a6376d,219WT,,0,0,1589843383992,0,1
plugin_ios_activity_recognition,,0,2,0,99fd867d-73c2-4fa7-a289-16ce83a6376d,219WT,,0,0,1589843414618,0,0
plugin_ios_activity_recognition,,0,2,0,99fd867d-73c2-4fa7-a289-16ce83a6376d,219WT,,0,0,1589843443992,0,0
plugin_ios_activity_recognition,,0,2,0,99fd867d-73c2-4fa7-a289-16ce83a6376d,219WT,supplement,0,0,1589843503992,0,0
plugin_ios_activity_recognition,,0,2,0,99fd867d-73c2-4fa7-a289-16ce83a6376d,219WT,,0,0,1589843504033,0,0
plugin_ios_activity_recognition,,0,2,0,99fd867d-73c2-4fa7-a289-16ce83a6376d,219WT,,0,0,1589843563989,0,0
plugin_ios_activity_recognition,,0,2,0,99fd867d-73c2-4fa7-a289-16ce83a6376d,219WT,supplement,0,0,1589843563992,0,0
plugin_ios_activity_recognition,"[""automotive""]",1,2,0,99fd867d-73c2-4fa7-a289-16ce83a6376d,219WT,,0,0,1589843566797,0,0
plugin_ios_activity_recognition,"[""automotive""]",1,2,0,99fd867d-73c2-4fa7-a289-16ce83a6376d,219WT,,0,0,1589843623992,0,0
plugin_ios_activity_recognition,"[""automotive""]",1,2,0,99fd867d-73c2-4fa7-a289-16ce83a6376d,219WT,,0,0,1589843683991,0,0
plugin_ios_activity_recognition,"[""automotive""]",1,2,0,99fd867d-73c2-4fa7-a289-16ce83a6376d,219WT,supplement,0,0,1589843743991,0,0
plugin_ios_activity_recognition,"[""automotive""]",1,2,0,99fd867d-73c2-4fa7-a289-16ce83a6376d,219WT,,0,0,1589843744000,0,0
plugin_ios_activity_recognition,"[""automotive""]",1,2,0,99fd867d-73c2-4fa7-a289-16ce83a6376d,219WT,,0,0,1589843803988,0,0
plugin_ios_activity_recognition,"[""automotive""]",1,2,0,99fd867d-73c2-4fa7-a289-16ce83a6376d,219WT,supplement,0,0,1589843803991,0,0
plugin_ios_activity_recognition,,0,2,0,99fd867d-73c2-4fa7-a289-16ce83a6376d,219WT,,0,0,1589843810255,0,0
plugin_ios_activity_recognition,"[""walking""]",0,2,0,99fd867d-73c2-4fa7-a289-16ce83a6376d,219WT,,0,0,1589843812818,0,1
plugin_ios_activity_recognition,"[""walking""]",0,2,0,99fd867d-73c2-4fa7-a289-16ce83a6376d,219WT,,0,0,1589843863988,0,1
plugin_ios_activity_recognition,,0,2,0,99fd867d-73c2-4fa7-a289-16ce83a6376d,219WT,,0,0,1589843897395,0,0
plugin_ios_activity_recognition,,0,2,0,99fd867d-73c2-4fa7-a289-16ce83a6376d,219WT,,0,0,1589843923991,0,0
plugin_ios_activity_recognition,"[""automotive""]",1,2,0,99fd867d-73c2-4fa7-a289-16ce83a6376d,219WT,,0,0,1589843956342,0,0
plugin_ios_activity_recognition,"[""automotive""]",1,2,0,99fd867d-73c2-4fa7-a289-16ce83a6376d,219WT,,0,0,1589843983988,0,0
plugin_ios_activity_recognition,"[""automotive""]",1,2,0,99fd867d-73c2-4fa7-a289-16ce83a6376d,219WT,,0,0,1589843987090,0,0
plugin_ios_activity_recognition,"[""automotive""]",1,2,0,99fd867d-73c2-4fa7-a289-16ce83a6376d,219WT,,0,0,1589844043990,0,0
plugin_ios_activity_recognition,"[""automotive""]",1,2,0,99fd867d-73c2-4fa7-a289-16ce83a6376d,219WT,,0,0,1589844071663,0,0
plugin_ios_activity_recognition,"[""automotive""]",1,2,0,99fd867d-73c2-4fa7-a289-16ce83a6376d,219WT,,0,0,1589844103991,0,0
plugin_ios_activity_recognition,"[""automotive""]",1,2,0,99fd867d-73c2-4fa7-a289-16ce83a6376d,219WT,supplement,0,0,1589844163991,0,0
plugin_ios_activity_recognition,"[""automotive""]",1,2,0,99fd867d-73c2-4fa7-a289-16ce83a6376d,219WT,,0,0,1589844163997,0,0
plugin_ios_activity_recognition,"[""automotive""]",1,2,0,99fd867d-73c2-4fa7-a289-16ce83a6376d,219WT,,0,0,1589844223989,0,0
plugin_ios_activity_recognition,"[""automotive""]",1,2,0,99fd867d-73c2-4fa7-a289-16ce83a6376d,219WT,supplement,0,0,1589844223991,0,0
plugin_ios_activity_recognition,"[""automotive""]",1,2,0,99fd867d-73c2-4fa7-a289-16ce83a6376d,219WT,,0,0,1589844283989,0,0
plugin_ios_activity_recognition,"[""automotive""]",1,2,0,99fd867d-73c2-4fa7-a289-16ce83a6376d,219WT,,0,0,1589844343989,0,0
plugin_ios_activity_recognition,"[""automotive""]",1,2,0,99fd867d-73c2-4fa7-a289-16ce83a6376d,219WT,supplement,0,0,1589844403989,0,0
plugin_ios_activity_recognition,"[""automotive""]",1,2,0,99fd867d-73c2-4fa7-a289-16ce83a6376d,219WT,,0,0,1589844404066,0,0
plugin_ios_activity_recognition,"[""automotive""]",1,2,0,99fd867d-73c2-4fa7-a289-16ce83a6376d,219WT,supplement,0,0,1589844463989,0,0
plugin_ios_activity_recognition,"[""automotive""]",1,2,0,99fd867d-73c2-4fa7-a289-16ce83a6376d,219WT,,0,0,1589844463990,0,0
plugin_ios_activity_recognition,"[""automotive""]",1,2,0,99fd867d-73c2-4fa7-a289-16ce83a6376d,219WT,,0,0,1589844523987,0,0
plugin_ios_activity_recognition,"[""automotive""]",1,2,0,99fd867d-73c2-4fa7-a289-16ce83a6376d,219WT,,0,0,1589844583985,0,0
plugin_ios_activity_recognition,"[""automotive""]",1,2,0,99fd867d-73c2-4fa7-a289-16ce83a6376d,219WT,supplement,0,0,1589844643985,0,0
plugin_ios_activity_recognition,"[""automotive""]",1,2,0,99fd867d-73c2-4fa7-a289-16ce83a6376d,219WT,,0,0,1589844643994,0,0
plugin_ios_activity_recognition,"[""automotive""]",1,2,0,99fd867d-73c2-4fa7-a289-16ce83a6376d,219WT,supplement,0,0,1589844703985,0,0
plugin_ios_activity_recognition,"[""automotive""]",1,2,0,99fd867d-73c2-4fa7-a289-16ce83a6376d,219WT,,0,0,1589844703988,0,0
plugin_ios_activity_recognition,"[""automotive""]",1,2,0,99fd867d-73c2-4fa7-a289-16ce83a6376d,219WT,,0,0,1589844763987,0,0
plugin_ios_activity_recognition,"[""automotive""]",1,2,0,99fd867d-73c2-4fa7-a289-16ce83a6376d,219WT,,0,0,1589844809840,0,0
plugin_ios_activity_recognition,"[""automotive""]",1,2,0,99fd867d-73c2-4fa7-a289-16ce83a6376d,219WT,,0,0,1589844823998,0,0
plugin_ios_activity_recognition,"[""automotive""]",1,2,0,99fd867d-73c2-4fa7-a289-16ce83a6376d,219WT,,0,0,1589844845728,0,0
plugin_ios_activity_recognition,"[""automotive""]",1,2,0,99fd867d-73c2-4fa7-a289-16ce83a6376d,219WT,,0,0,1589844879081,0,0
plugin_ios_activity_recognition,"[""automotive""]",1,2,0,99fd867d-73c2-4fa7-a289-16ce83a6376d,219WT,,0,0,1589844884060,0,0
plugin_ios_activity_recognition,"[""automotive""]",1,2,0,99fd867d-73c2-4fa7-a289-16ce83a6376d,219WT,,0,0,1589844943987,0,0
plugin_ios_activity_recognition,,0,2,0,99fd867d-73c2-4fa7-a289-16ce83a6376d,219WT,,0,0,1589844984189,0,0
plugin_ios_activity_recognition,"[""walking""]",0,2,0,99fd867d-73c2-4fa7-a289-16ce83a6376d,219WT,,0,0,1589844986752,0,1
plugin_ios_activity_recognition,"[""walking""]",0,2,0,99fd867d-73c2-4fa7-a289-16ce83a6376d,219WT,,0,0,1589845003995,0,1
plugin_ios_activity_recognition,,0,2,0,99fd867d-73c2-4fa7-a289-16ce83a6376d,219WT,,0,0,1589845004682,0,0
plugin_ios_activity_recognition,"[""walking""]",0,1,0,99fd867d-73c2-4fa7-a289-16ce83a6376d,219WT,,0,0,1589845007264,0,1
plugin_ios_activity_recognition,"[""walking""]",0,2,0,99fd867d-73c2-4fa7-a289-16ce83a6376d,219WT,,0,0,1589845012392,0,1
plugin_ios_activity_recognition,"[""walking""]",0,2,0,99fd867d-73c2-4fa7-a289-16ce83a6376d,219WT,,0,0,1589845063989,0,1
plugin_ios_activity_recognition,"[""running""]",0,2,0,99fd867d-73c2-4fa7-a289-16ce83a6376d,219WT,,1,0,1589845096974,0,0
plugin_ios_activity_recognition,"[""walking""]",0,2,0,99fd867d-73c2-4fa7-a289-16ce83a6376d,219WT,,0,0,1589845099537,0,1
plugin_ios_activity_recognition,"[""walking""]",0,2,0,99fd867d-73c2-4fa7-a289-16ce83a6376d,219WT,,0,0,1589845124060,0,1
plugin_ios_activity_recognition,"[""walking""]",0,2,0,99fd867d-73c2-4fa7-a289-16ce83a6376d,219WT,,0,0,1589845183989,0,1
plugin_ios_activity_recognition,,0,2,0,99fd867d-73c2-4fa7-a289-16ce83a6376d,219WT,,0,0,1589845240523,0,0
plugin_ios_activity_recognition,,0,2,0,99fd867d-73c2-4fa7-a289-16ce83a6376d,219WT,,0,0,1589845243988,0,0
plugin_ios_activity_recognition,"[""walking""]",0,1,0,99fd867d-73c2-4fa7-a289-16ce83a6376d,219WT,,0,0,1589845253338,0,1
plugin_ios_activity_recognition,"[""walking""]",0,2,0,99fd867d-73c2-4fa7-a289-16ce83a6376d,219WT,,0,0,1589845263590,0,1
plugin_ios_activity_recognition,"[""walking""]",0,2,0,99fd867d-73c2-4fa7-a289-16ce83a6376d,219WT,,0,0,1589845303986,0,1
plugin_ios_activity_recognition,,0,2,0,99fd867d-73c2-4fa7-a289-16ce83a6376d,219WT,,0,0,1589845319975,0,0
plugin_ios_activity_recognition,"[""walking""]",0,1,0,99fd867d-73c2-4fa7-a289-16ce83a6376d,219WT,,0,0,1589845335351,0,1
plugin_ios_activity_recognition,"[""walking""]",0,2,0,99fd867d-73c2-4fa7-a289-16ce83a6376d,219WT,,0,0,1589845340475,0,1
plugin_ios_activity_recognition,"[""walking""]",0,2,0,99fd867d-73c2-4fa7-a289-16ce83a6376d,219WT,,0,0,1589845363993,0,1
plugin_ios_activity_recognition,"[""walking""]",0,2,0,99fd867d-73c2-4fa7-a289-16ce83a6376d,219WT,,0,0,1589845423988,0,1
plugin_ios_activity_recognition,,0,2,0,99fd867d-73c2-4fa7-a289-16ce83a6376d,219WT,,0,0,1589845478861,0,0
plugin_ios_activity_recognition,,0,2,0,99fd867d-73c2-4fa7-a289-16ce83a6376d,219WT,,0,0,1589845483988,0,0
plugin_ios_activity_recognition,,0,2,0,99fd867d-73c2-4fa7-a289-16ce83a6376d,219WT,,0,0,1589845543985,0,0
plugin_ios_activity_recognition,,0,2,0,99fd867d-73c2-4fa7-a289-16ce83a6376d,219WT,supplement,0,0,1589845603985,0,0
plugin_ios_activity_recognition,,0,2,0,99fd867d-73c2-4fa7-a289-16ce83a6376d,219WT,,0,0,1589845603993,0,0
plugin_ios_activity_recognition,"[""walking""]",0,2,0,99fd867d-73c2-4fa7-a289-16ce83a6376d,219WT,,0,0,1589845619806,0,1
plugin_ios_activity_recognition,,0,2,0,99fd867d-73c2-4fa7-a289-16ce83a6376d,219WT,supplement,0,0,1589845663985,0,0
plugin_ios_activity_recognition,"[""walking""]",0,2,0,99fd867d-73c2-4fa7-a289-16ce83a6376d,219WT,,0,0,1589845663987,0,1
plugin_ios_activity_recognition,"[""walking""]",0,2,0,99fd867d-73c2-4fa7-a289-16ce83a6376d,219WT,supplement,0,0,1589845723987,0,1
plugin_ios_activity_recognition,,0,2,0,99fd867d-73c2-4fa7-a289-16ce83a6376d,219WT,,0,0,1589845771015,0,0
plugin_ios_activity_recognition,"[""stationary""]",0,2,0,99fd867d-73c2-4fa7-a289-16ce83a6376d,219WT,,0,1,1589845777097,0,0
plugin_ios_activity_recognition,,0,2,0,99fd867d-73c2-4fa7-a289-16ce83a6376d,219WT,,0,0,1589845780299,0,0
plugin_ios_activity_recognition,,0,2,0,99fd867d-73c2-4fa7-a289-16ce83a6376d,219WT,,0,0,1589845783987,0,0
plugin_ios_activity_recognition,"[""stationary""]",0,2,0,99fd867d-73c2-4fa7-a289-16ce83a6376d,219WT,,0,1,1589845806891,0,0
plugin_ios_activity_recognition,,0,2,0,99fd867d-73c2-4fa7-a289-16ce83a6376d,219WT,,0,0,1589845820664,0,0
plugin_ios_activity_recognition,"[""stationary""]",0,2,0,99fd867d-73c2-4fa7-a289-16ce83a6376d,219WT,,0,1,1589845829634,0,0
plugin_ios_activity_recognition,,0,2,0,99fd867d-73c2-4fa7-a289-16ce83a6376d,219WT,,0,0,1589845832837,0,0
plugin_ios_activity_recognition,,0,2,0,99fd867d-73c2-4fa7-a289-16ce83a6376d,219WT,,0,0,1589845843992,0,0
plugin_ios_activity_recognition,"[""stationary""]",0,2,0,99fd867d-73c2-4fa7-a289-16ce83a6376d,219WT,,0,1,1589845848854,0,0
plugin_ios_activity_recognition,,0,2,0,99fd867d-73c2-4fa7-a289-16ce83a6376d,219WT,,0,0,1589845851096,0,0
plugin_ios_activity_recognition,"[""stationary""]",0,2,0,99fd867d-73c2-4fa7-a289-16ce83a6376d,219WT,,0,1,1589845870961,0,0
plugin_ios_activity_recognition,,0,2,0,99fd867d-73c2-4fa7-a289-16ce83a6376d,219WT,,0,0,1589845875123,0,0
plugin_ios_activity_recognition,,0,2,0,99fd867d-73c2-4fa7-a289-16ce83a6376d,219WT,,0,0,1589845903987,0,0
plugin_ios_activity_recognition,"[""stationary""]",0,2,0,99fd867d-73c2-4fa7-a289-16ce83a6376d,219WT,,0,1,1589845906840,0,0
plugin_ios_activity_recognition,,0,2,0,99fd867d-73c2-4fa7-a289-16ce83a6376d,219WT,,0,0,1589845913244,0,0
plugin_ios_activity_recognition,"[""stationary""]",0,2,0,99fd867d-73c2-4fa7-a289-16ce83a6376d,219WT,,0,1,1589845925096,0,0
plugin_ios_activity_recognition,,0,2,0,99fd867d-73c2-4fa7-a289-16ce83a6376d,219WT,,0,0,1589845938551,0,0
plugin_ios_activity_recognition,,0,2,0,99fd867d-73c2-4fa7-a289-16ce83a6376d,219WT,,0,0,1589845963986,0,0
plugin_ios_activity_recognition,"[""stationary""]",0,2,0,99fd867d-73c2-4fa7-a289-16ce83a6376d,219WT,,0,1,1589845979873,0,0
plugin_ios_activity_recognition,,0,2,0,99fd867d-73c2-4fa7-a289-16ce83a6376d,219WT,,0,0,1589845986921,0,0
plugin_ios_activity_recognition,"[""stationary""]",0,2,0,99fd867d-73c2-4fa7-a289-16ce83a6376d,219WT,,0,1,1589845992366,0,0
plugin_ios_activity_recognition,,0,2,0,99fd867d-73c2-4fa7-a289-16ce83a6376d,219WT,,0,0,1589846000054,0,0
plugin_ios_activity_recognition,,0,2,0,99fd867d-73c2-4fa7-a289-16ce83a6376d,219WT,,0,0,1589846023986,0,0
plugin_ios_activity_recognition,"[""stationary""]",0,2,0,99fd867d-73c2-4fa7-a289-16ce83a6376d,219WT,,0,1,1589846037535,0,0
plugin_ios_activity_recognition,,0,2,0,99fd867d-73c2-4fa7-a289-16ce83a6376d,219WT,,0,0,1589846041376,0,0
plugin_ios_activity_recognition,"[""stationary""]",0,2,0,99fd867d-73c2-4fa7-a289-16ce83a6376d,219WT,,0,1,1589846046501,0,0
plugin_ios_activity_recognition,,0,2,0,99fd867d-73c2-4fa7-a289-16ce83a6376d,219WT,,0,0,1589846056431,0,0
plugin_ios_activity_recognition,"[""stationary""]",0,2,0,99fd867d-73c2-4fa7-a289-16ce83a6376d,219WT,,0,1,1589846068604,0,0
plugin_ios_activity_recognition,,0,2,0,99fd867d-73c2-4fa7-a289-16ce83a6376d,219WT,,0,0,1589846069565,0,0
plugin_ios_activity_recognition,,0,2,0,99fd867d-73c2-4fa7-a289-16ce83a6376d,219WT,,0,0,1589846084024,0,0
plugin_ios_activity_recognition,"[""stationary""]",0,2,0,99fd867d-73c2-4fa7-a289-16ce83a6376d,219WT,,0,1,1589846099996,0,0
plugin_ios_activity_recognition,,0,2,0,99fd867d-73c2-4fa7-a289-16ce83a6376d,219WT,,0,0,1589846124663,0,0
plugin_ios_activity_recognition,"[""walking""]",0,1,0,99fd867d-73c2-4fa7-a289-16ce83a6376d,219WT,,0,0,1589846129790,0,1
plugin_ios_activity_recognition,"[""walking""]",0,1,0,99fd867d-73c2-4fa7-a289-16ce83a6376d,219WT,,0,0,1589846143983,0,1
plugin_ios_activity_recognition,"[""walking""]",0,2,0,99fd867d-73c2-4fa7-a289-16ce83a6376d,219WT,,0,0,1589846153168,0,1
plugin_ios_activity_recognition,"[""walking""]",0,2,0,99fd867d-73c2-4fa7-a289-16ce83a6376d,219WT,,0,0,1589846203984,0,1
plugin_ios_activity_recognition,"[""walking""]",0,2,0,99fd867d-73c2-4fa7-a289-16ce83a6376d,219WT,supplement,0,0,1589846263984,0,1
plugin_ios_activity_recognition,"[""walking""]",0,2,0,99fd867d-73c2-4fa7-a289-16ce83a6376d,219WT,supplement,0,0,1589846323984,0,1
plugin_ios_activity_recognition,"[""walking""]",0,2,0,99fd867d-73c2-4fa7-a289-16ce83a6376d,219WT,supplement,0,0,1589846383984,0,1
